서울특별시  (1100000000),9422710 ,9422710 ,533058 ,746534 ,1380665 ,1425142 ,1439498 ,1490099 ,1311159 ,720855 ,330629 ,43651 ,1420 ,4563512 ,4563512 ,273465 ,381663 ,658279 ,712872 ,712085 ,733168 ,620115 ,326601 ,133509 ,11452 ,303 ,4859198 ,4859198 ,259593 ,364871 ,722386 ,712270 ,727413 ,756931 ,691044 ,394254 ,197120 ,32199 ,1117
서울특별시 종로구 (1111000000),140891 ,140891 ,6165 ,10094 ,21999 ,19313 ,19705 ,24043 ,20536 ,11461 ,6608 ,933 ,34 ,68079 ,68079 ,3098 ,4986 ,10414 ,9643 ,9519 ,11937 ,10335 ,5168 ,2669 ,300 ,10 ,72812 ,72812 ,3067 ,5108 ,11585 ,9670 ,10186 ,12106 ,10201 ,6293 ,3939 ,633 ,24
서울특별시 종로구 청운효자동(1111051500),11531 ,11531 ,640 ,1114 ,1404 ,1560 ,1986 ,1884 ,1398 ,912 ,554 ,76 ,3 ,5280 ,5280 ,329 ,581 ,687 ,703 ,871 ,844 ,648 ,359 ,233 ,24 ,1 ,6251 ,6251 ,311 ,533 ,717 ,857 ,1115 ,1040 ,750 ,553 ,321 ,52 ,2
서울특별시 종로구 사직동(1111053000),9104 ,9104 ,492 ,665 ,1079 ,1430 ,1411 ,1496 ,1243 ,697 ,501 ,86 ,4 ,4047 ,4047 ,250 ,291 ,459 ,610 ,633 ,685 ,586 ,285 ,213 ,33 ,2 ,5057 ,5057 ,242 ,374 ,620 ,820 ,778 ,811 ,657 ,412 ,288 ,53 ,2
서울특별시 종로구 삼청동(1111054000),2301 ,2301 ,83 ,170 ,266 ,294 ,323 ,355 ,392 ,239 ,150 ,27 ,2 ,1096 ,1096 ,37 ,101 ,123 ,139 ,152 ,179 ,185 ,111 ,55 ,13 ,1 ,1205 ,1205 ,46 ,69 ,143 ,155 ,171 ,176 ,207 ,128 ,95 ,14 ,1
서울특별시 종로구 부암동(1111055000),9168 ,9168 ,404 ,861 ,1138 ,1142 ,1403 ,1644 ,1338 ,740 ,423 ,71 ,4 ,4334 ,4334 ,192 ,477 ,578 ,558 ,621 ,754 ,622 ,339 ,177 ,16 ,0 ,4834 ,4834 ,212 ,384 ,560 ,584 ,782 ,890 ,716 ,401 ,246 ,55 ,4
서울특별시 종로구 평창동(1111056000),17520 ,17520 ,1022 ,1522 ,2136 ,2066 ,2536 ,3169 ,2750 ,1364 ,810 ,136 ,9 ,8184 ,8184 ,550 ,738 ,1064 ,980 ,1142 ,1408 ,1309 ,619 ,335 ,37 ,2 ,9336 ,9336 ,472 ,784 ,1072 ,1086 ,1394 ,1761 ,1441 ,745 ,475 ,99 ,7
서울특별시 종로구 무악동(1111057000),8008 ,8008 ,558 ,931 ,852 ,850 ,1298 ,1422 ,1083 ,595 ,372 ,44 ,3 ,3684 ,3684 ,247 ,403 ,397 ,397 ,602 ,718 ,502 ,264 ,141 ,13 ,0 ,4324 ,4324 ,311 ,528 ,455 ,453 ,696 ,704 ,581 ,331 ,231 ,31 ,3
서울특별시 종로구 교남동(1111058000),9764 ,9764 ,743 ,817 ,1111 ,1458 ,1711 ,1637 ,1179 ,694 ,372 ,42 ,0 ,4484 ,4484 ,372 ,390 ,504 ,661 ,785 ,797 ,539 ,267 ,157 ,12 ,0 ,5280 ,5280 ,371 ,427 ,607 ,797 ,926 ,840 ,640 ,427 ,215 ,30 ,0
서울특별시 종로구 가회동(1111060000),3939 ,3939 ,166 ,300 ,423 ,519 ,647 ,688 ,568 ,382 ,212 ,34 ,0 ,1835 ,1835 ,95 ,154 ,193 ,246 ,303 ,333 ,266 ,154 ,82 ,9 ,0 ,2104 ,2104 ,71 ,146 ,230 ,273 ,344 ,355 ,302 ,228 ,130 ,25 ,0
서울특별시 종로구 종로1.2.3.4가동(1111061500),6737 ,6737 ,157 ,203 ,968 ,966 ,853 ,1134 ,1329 ,714 ,366 ,45 ,2 ,4097 ,4097 ,82 ,103 ,476 ,567 ,539 ,776 ,913 ,438 ,189 ,13 ,1 ,2640 ,2640 ,75 ,100 ,492 ,399 ,314 ,358 ,416 ,276 ,177 ,32 ,1
서울특별시 종로구 종로5.6가동(1111063000),5419 ,5419 ,156 ,220 ,1216 ,855 ,562 ,881 ,781 ,478 ,236 ,34 ,0 ,2857 ,2857 ,74 ,100 ,559 ,480 ,328 ,506 ,469 ,221 ,108 ,12 ,0 ,2562 ,2562 ,82 ,120 ,657 ,375 ,234 ,375 ,312 ,257 ,128 ,22 ,0
서울특별시 종로구 이화동(1111064000),7046 ,7046 ,190 ,331 ,1547 ,1235 ,841 ,1028 ,920 ,573 ,334 ,47 ,0 ,3342 ,3342 ,93 ,162 ,698 ,628 ,424 ,509 ,431 ,262 ,115 ,20 ,0 ,3704 ,3704 ,97 ,169 ,849 ,607 ,417 ,519 ,489 ,311 ,219 ,27 ,0
서울특별시 종로구 혜화동(1111065000),16097 ,16097 ,537 ,1306 ,4342 ,1983 ,1992 ,2311 ,1691 ,1092 ,735 ,102 ,6 ,7722 ,7722 ,263 ,635 ,2145 ,1048 ,963 ,1099 ,816 ,439 ,282 ,29 ,3 ,8375 ,8375 ,274 ,671 ,2197 ,935 ,1029 ,1212 ,875 ,653 ,453 ,73 ,3
서울특별시 종로구 창신제1동(1111067000),4630 ,4630 ,107 ,188 ,572 ,604 ,510 ,882 ,1014 ,469 ,260 ,24 ,0 ,2452 ,2452 ,55 ,100 ,289 ,353 ,264 ,480 ,565 ,239 ,101 ,6 ,0 ,2178 ,2178 ,52 ,88 ,283 ,251 ,246 ,402 ,449 ,230 ,159 ,18 ,0
서울특별시 종로구 창신제2동(1111068000),7625 ,7625 ,174 ,352 ,1014 ,888 ,858 ,1691 ,1448 ,772 ,382 ,46 ,0 ,3921 ,3921 ,92 ,191 ,522 ,518 ,469 ,874 ,742 ,347 ,148 ,18 ,0 ,3704 ,3704 ,82 ,161 ,492 ,370 ,389 ,817 ,706 ,425 ,234 ,28 ,0
서울특별시 종로구 창신제3동(1111069000),6424 ,6424 ,323 ,442 ,858 ,902 ,821 ,1174 ,1077 ,499 ,284 ,44 ,0 ,3154 ,3154 ,160 ,227 ,449 ,463 ,405 ,573 ,539 ,222 ,94 ,22 ,0 ,3270 ,3270 ,163 ,215 ,409 ,439 ,416 ,601 ,538 ,277 ,190 ,22 ,0
서울특별시 종로구 숭인제1동(1111070000),5778 ,5778 ,205 ,348 ,706 ,804 ,842 ,1085 ,960 ,519 ,268 ,40 ,1 ,2786 ,2786 ,104 ,176 ,337 ,410 ,426 ,543 ,453 ,236 ,91 ,10 ,0 ,2992 ,2992 ,101 ,172 ,369 ,394 ,416 ,542 ,507 ,283 ,177 ,30 ,1
서울특별시 종로구 숭인제2동(1111071000),9800 ,9800 ,208 ,324 ,2367 ,1757 ,1111 ,1562 ,1365 ,722 ,349 ,35 ,0 ,4804 ,4804 ,103 ,157 ,934 ,882 ,592 ,859 ,750 ,366 ,148 ,13 ,0 ,4996 ,4996 ,105 ,167 ,1433 ,875 ,519 ,703 ,615 ,356 ,201 ,22 ,0
서울특별시 중구 (1114000000),121250 ,121250 ,5866 ,6348 ,17680 ,20263 ,16867 ,19320 ,18259 ,10288 ,5482 ,850 ,27 ,58806 ,58806 ,2978 ,3141 ,8180 ,10161 ,8567 ,9707 ,9087 ,4688 ,2062 ,229 ,6 ,62444 ,62444 ,2888 ,3207 ,9500 ,10102 ,8300 ,9613 ,9172 ,5600 ,3420 ,621 ,21
서울특별시 중구 소공동(1114052000),2210 ,2210 ,155 ,127 ,242 ,476 ,498 ,320 ,237 ,103 ,43 ,9 ,0 ,1047 ,1047 ,85 ,41 ,89 ,215 ,252 ,167 ,123 ,54 ,17 ,4 ,0 ,1163 ,1163 ,70 ,86 ,153 ,261 ,246 ,153 ,114 ,49 ,26 ,5 ,0
서울특별시 중구 회현동(1114054000),4490 ,4490 ,172 ,209 ,445 ,530 ,571 ,791 ,974 ,510 ,240 ,46 ,2 ,2340 ,2340 ,88 ,109 ,213 ,257 ,296 ,436 ,564 ,255 ,111 ,11 ,0 ,2150 ,2150 ,84 ,100 ,232 ,273 ,275 ,355 ,410 ,255 ,129 ,35 ,2
서울특별시 중구 명동(1114055000),2702 ,2702 ,69 ,137 ,332 ,368 ,381 ,453 ,497 ,280 ,156 ,29 ,0 ,1149 ,1149 ,40 ,64 ,133 ,193 ,162 ,202 ,194 ,109 ,45 ,7 ,0 ,1553 ,1553 ,29 ,73 ,199 ,175 ,219 ,251 ,303 ,171 ,111 ,22 ,0
서울특별시 중구 필동(1114057000),3957 ,3957 ,157 ,188 ,730 ,674 ,455 ,572 ,615 ,314 ,207 ,44 ,1 ,2055 ,2055 ,83 ,89 ,378 ,355 ,242 ,332 ,324 ,158 ,82 ,12 ,0 ,1902 ,1902 ,74 ,99 ,352 ,319 ,213 ,240 ,291 ,156 ,125 ,32 ,1
서울특별시 중구 장충동(1114058000),4592 ,4592 ,136 ,301 ,1252 ,654 ,515 ,598 ,545 ,349 ,210 ,32 ,0 ,2424 ,2424 ,79 ,148 ,712 ,379 ,273 ,310 ,274 ,162 ,78 ,9 ,0 ,2168 ,2168 ,57 ,153 ,540 ,275 ,242 ,288 ,271 ,187 ,132 ,23 ,0
서울특별시 중구 광희동(1114059000),5620 ,5620 ,118 ,202 ,1165 ,1139 ,664 ,751 ,840 ,496 ,215 ,30 ,0 ,2802 ,2802 ,63 ,91 ,486 ,598 ,343 ,423 ,457 ,239 ,90 ,12 ,0 ,2818 ,2818 ,55 ,111 ,679 ,541 ,321 ,328 ,383 ,257 ,125 ,18 ,0
서울특별시 중구 을지로동(1114060500),2307 ,2307 ,106 ,64 ,295 ,543 ,317 ,312 ,377 ,198 ,85 ,10 ,0 ,1333 ,1333 ,50 ,25 ,138 ,301 ,177 ,212 ,259 ,123 ,44 ,4 ,0 ,974 ,974 ,56 ,39 ,157 ,242 ,140 ,100 ,118 ,75 ,41 ,6 ,0
서울특별시 중구 신당동(1114061500),7567 ,7567 ,248 ,258 ,1335 ,1319 ,1017 ,1242 ,1135 ,652 ,307 ,53 ,1 ,3725 ,3725 ,108 ,112 ,574 ,670 ,548 ,670 ,593 ,320 ,118 ,12 ,0 ,3842 ,3842 ,140 ,146 ,761 ,649 ,469 ,572 ,542 ,332 ,189 ,41 ,1
서울특별시 중구 다산동(1114062500),13419 ,13419 ,468 ,700 ,2159 ,2196 ,1768 ,2186 ,2033 ,1176 ,646 ,84 ,3 ,6489 ,6489 ,240 ,378 ,1031 ,1124 ,915 ,1065 ,933 ,536 ,246 ,20 ,1 ,6930 ,6930 ,228 ,322 ,1128 ,1072 ,853 ,1121 ,1100 ,640 ,400 ,64 ,2
서울특별시 중구 약수동(1114063500),16315 ,16315 ,875 ,923 ,1832 ,2268 ,2293 ,2659 ,2718 ,1632 ,956 ,155 ,4 ,7529 ,7529 ,421 ,462 ,872 ,1108 ,1097 ,1223 ,1253 ,713 ,338 ,42 ,0 ,8786 ,8786 ,454 ,461 ,960 ,1160 ,1196 ,1436 ,1465 ,919 ,618 ,113 ,4
서울특별시 중구 청구동(1114064500),13125 ,13125 ,653 ,774 ,1671 ,2138 ,1711 ,2156 ,2085 ,1149 ,689 ,96 ,3 ,6203 ,6203 ,330 ,386 ,805 ,1060 ,844 ,1027 ,993 ,484 ,249 ,24 ,1 ,6922 ,6922 ,323 ,388 ,866 ,1078 ,867 ,1129 ,1092 ,665 ,440 ,72 ,2
서울특별시 중구 신당제5동(1114065000),10160 ,10160 ,495 ,499 ,1537 ,1724 ,1428 ,1782 ,1430 ,808 ,400 ,54 ,3 ,4920 ,4920 ,249 ,230 ,682 ,859 ,744 ,926 ,716 ,343 ,154 ,16 ,1 ,5240 ,5240 ,246 ,269 ,855 ,865 ,684 ,856 ,714 ,465 ,246 ,38 ,2
서울특별시 중구 동화동(1114066500),10008 ,10008 ,599 ,787 ,1178 ,1282 ,1396 ,1859 ,1579 ,791 ,465 ,71 ,1 ,4800 ,4800 ,321 ,401 ,559 ,635 ,674 ,881 ,785 ,370 ,153 ,21 ,0 ,5208 ,5208 ,278 ,386 ,619 ,647 ,722 ,978 ,794 ,421 ,312 ,50 ,1
서울특별시 중구 황학동(1114067000),12818 ,12818 ,673 ,467 ,2264 ,2917 ,1840 ,1761 ,1558 ,888 ,384 ,64 ,2 ,6081 ,6081 ,353 ,217 ,930 ,1459 ,930 ,861 ,766 ,409 ,142 ,14 ,0 ,6737 ,6737 ,320 ,250 ,1334 ,1458 ,910 ,900 ,792 ,479 ,242 ,50 ,2
서울특별시 중구 중림동(1114068000),11960 ,11960 ,942 ,712 ,1243 ,2035 ,2013 ,1878 ,1636 ,942 ,479 ,73 ,7 ,5909 ,5909 ,468 ,388 ,578 ,948 ,1070 ,972 ,853 ,413 ,195 ,21 ,3 ,6051 ,6051 ,474 ,324 ,665 ,1087 ,943 ,906 ,783 ,529 ,284 ,52 ,4
서울특별시 용산구 (1117000000),217611 ,217611 ,11645 ,14121 ,31244 ,37999 ,32180 ,35005 ,29510 ,15539 ,8953 ,1364 ,51 ,104580 ,104580 ,5924 ,7152 ,14471 ,18933 ,15873 ,17170 ,14390 ,6833 ,3427 ,397 ,10 ,113031 ,113031 ,5721 ,6969 ,16773 ,19066 ,16307 ,17835 ,15120 ,8706 ,5526 ,967 ,41
서울특별시 용산구 후암동(1117051000),16201 ,16201 ,754 ,1100 ,2279 ,2793 ,2371 ,2630 ,2275 ,1229 ,661 ,100 ,9 ,7876 ,7876 ,380 ,604 ,1132 ,1480 ,1151 ,1289 ,1056 ,545 ,216 ,20 ,3 ,8325 ,8325 ,374 ,496 ,1147 ,1313 ,1220 ,1341 ,1219 ,684 ,445 ,80 ,6
서울특별시 용산구 용산2가동(1117052000),9010 ,9010 ,268 ,441 ,1365 ,1643 ,1254 ,1257 ,1366 ,865 ,475 ,76 ,0 ,4340 ,4340 ,137 ,227 ,684 ,852 ,664 ,576 ,626 ,376 ,179 ,19 ,0 ,4670 ,4670 ,131 ,214 ,681 ,791 ,590 ,681 ,740 ,489 ,296 ,57 ,0
서울특별시 용산구 남영동(1117053000),7023 ,7023 ,137 ,231 ,826 ,1037 ,903 ,1510 ,1434 ,626 ,286 ,29 ,4 ,4269 ,4269 ,74 ,124 ,372 ,555 ,549 ,1045 ,1002 ,397 ,138 ,12 ,1 ,2754 ,2754 ,63 ,107 ,454 ,482 ,354 ,465 ,432 ,229 ,148 ,17 ,3
서울특별시 용산구 청파동(1117055500),19055 ,19055 ,542 ,1025 ,4110 ,3349 ,2416 ,2973 ,2467 ,1358 ,728 ,84 ,3 ,8870 ,8870 ,267 ,490 ,1578 ,1794 ,1230 ,1465 ,1181 ,562 ,283 ,19 ,1 ,10185 ,10185 ,275 ,535 ,2532 ,1555 ,1186 ,1508 ,1286 ,796 ,445 ,65 ,2
서울특별시 용산구 원효로제1동(1117056000),17168 ,17168 ,1164 ,964 ,2890 ,4159 ,2689 ,2223 ,1794 ,824 ,396 ,62 ,3 ,7995 ,7995 ,590 ,495 ,1107 ,1946 ,1332 ,1105 ,882 ,366 ,155 ,16 ,1 ,9173 ,9173 ,574 ,469 ,1783 ,2213 ,1357 ,1118 ,912 ,458 ,241 ,46 ,2
서울특별시 용산구 원효로제2동(1117057000),13705 ,13705 ,788 ,1039 ,1943 ,2212 ,2034 ,2239 ,1861 ,967 ,535 ,83 ,4 ,6452 ,6452 ,381 ,437 ,875 ,1100 ,1005 ,1099 ,896 ,444 ,188 ,27 ,0 ,7253 ,7253 ,407 ,602 ,1068 ,1112 ,1029 ,1140 ,965 ,523 ,347 ,56 ,4
서울특별시 용산구 효창동(1117058000),10754 ,10754 ,799 ,703 ,1599 ,2006 ,1636 ,1713 ,1211 ,648 ,385 ,53 ,1 ,5104 ,5104 ,391 ,384 ,752 ,954 ,802 ,798 ,593 ,266 ,147 ,17 ,0 ,5650 ,5650 ,408 ,319 ,847 ,1052 ,834 ,915 ,618 ,382 ,238 ,36 ,1
서울특별시 용산구 용문동(1117059000),11483 ,11483 ,631 ,664 ,1664 ,1936 ,1583 ,1885 ,1613 ,961 ,484 ,60 ,2 ,5500 ,5500 ,303 ,343 ,807 ,983 ,783 ,923 ,746 ,402 ,199 ,11 ,0 ,5983 ,5983 ,328 ,321 ,857 ,953 ,800 ,962 ,867 ,559 ,285 ,49 ,2
서울특별시 용산구 한강로동(1117062500),21149 ,21149 ,1233 ,996 ,3282 ,4895 ,2832 ,3268 ,2641 ,1215 ,681 ,102 ,4 ,10033 ,10033 ,645 ,513 ,1375 ,2313 ,1379 ,1561 ,1333 ,587 ,295 ,32 ,0 ,11116 ,11116 ,588 ,483 ,1907 ,2582 ,1453 ,1707 ,1308 ,628 ,386 ,70 ,4
서울특별시 용산구 이촌제1동(1117063000),24969 ,24969 ,2226 ,2686 ,2540 ,2940 ,4204 ,4374 ,2995 ,1626 ,1149 ,223 ,6 ,11732 ,11732 ,1165 ,1366 ,1250 ,1306 ,1892 ,2088 ,1459 ,693 ,430 ,82 ,1 ,13237 ,13237 ,1061 ,1320 ,1290 ,1634 ,2312 ,2286 ,1536 ,933 ,719 ,141 ,5
서울특별시 용산구 이촌제2동(1117064000),7973 ,7973 ,456 ,479 ,802 ,1283 ,1148 ,1291 ,1341 ,718 ,384 ,68 ,3 ,3735 ,3735 ,218 ,234 ,409 ,637 ,565 ,617 ,589 ,314 ,134 ,17 ,1 ,4238 ,4238 ,238 ,245 ,393 ,646 ,583 ,674 ,752 ,404 ,250 ,51 ,2
서울특별시 용산구 이태원제1동(1117065000),6125 ,6125 ,205 ,246 ,948 ,1119 ,802 ,923 ,993 ,520 ,295 ,73 ,1 ,3029 ,3029 ,96 ,121 ,502 ,637 ,407 ,433 ,481 ,205 ,121 ,26 ,0 ,3096 ,3096 ,109 ,125 ,446 ,482 ,395 ,490 ,512 ,315 ,174 ,47 ,1
서울특별시 용산구 이태원제2동(1117066000),8670 ,8670 ,372 ,429 ,1255 ,1633 ,1276 ,1252 ,1164 ,732 ,490 ,65 ,2 ,4045 ,4045 ,189 ,195 ,624 ,810 ,624 ,589 ,519 ,299 ,173 ,23 ,0 ,4625 ,4625 ,183 ,234 ,631 ,823 ,652 ,663 ,645 ,433 ,317 ,42 ,2
서울특별시 용산구 한남동(1117068500),19207 ,19207 ,1077 ,1098 ,2261 ,3592 ,3105 ,3024 ,2700 ,1446 ,794 ,109 ,1 ,9282 ,9282 ,563 ,569 ,1148 ,1737 ,1554 ,1440 ,1283 ,629 ,335 ,24 ,0 ,9925 ,9925 ,514 ,529 ,1113 ,1855 ,1551 ,1584 ,1417 ,817 ,459 ,85 ,1
서울특별시 용산구 서빙고동(1117069000),12536 ,12536 ,682 ,1395 ,1613 ,1398 ,2217 ,2196 ,1599 ,718 ,617 ,96 ,5 ,6032 ,6032 ,355 ,687 ,807 ,689 ,1062 ,1050 ,825 ,308 ,217 ,30 ,2 ,6504 ,6504 ,327 ,708 ,806 ,709 ,1155 ,1146 ,774 ,410 ,400 ,66 ,3
서울특별시 용산구 보광동(1117070000),12583 ,12583 ,311 ,625 ,1867 ,2004 ,1710 ,2247 ,2056 ,1086 ,593 ,81 ,3 ,6286 ,6286 ,170 ,363 ,1049 ,1140 ,874 ,1092 ,919 ,440 ,217 ,22 ,0 ,6297 ,6297 ,141 ,262 ,818 ,864 ,836 ,1155 ,1137 ,646 ,376 ,59 ,3
서울특별시 성동구 (1120000000),279980 ,279980 ,17642 ,18639 ,41850 ,45333 ,41804 ,44807 ,38485 ,20142 ,10023 ,1211 ,44 ,136059 ,136059 ,9060 ,9269 ,20454 ,22177 ,20945 ,22134 ,18789 ,9008 ,3886 ,325 ,12 ,143921 ,143921 ,8582 ,9370 ,21396 ,23156 ,20859 ,22673 ,19696 ,11134 ,6137 ,886 ,32
서울특별시 성동구 왕십리제2동(1120052000),16251 ,16251 ,1134 ,1089 ,2245 ,2775 ,2407 ,2627 ,2237 ,1140 ,521 ,76 ,0 ,7820 ,7820 ,562 ,559 ,1059 ,1339 ,1212 ,1280 ,1077 ,493 ,215 ,24 ,0 ,8431 ,8431 ,572 ,530 ,1186 ,1436 ,1195 ,1347 ,1160 ,647 ,306 ,52 ,0
서울특별시 성동구 왕십리도선동(1120053500),26385 ,26385 ,2004 ,1697 ,4154 ,4370 ,3985 ,4290 ,3278 ,1612 ,867 ,125 ,3 ,12426 ,12426 ,1039 ,877 ,1809 ,1988 ,1990 ,2024 ,1627 ,698 ,347 ,27 ,0 ,13959 ,13959 ,965 ,820 ,2345 ,2382 ,1995 ,2266 ,1651 ,914 ,520 ,98 ,3
서울특별시 성동구 마장동(1120054000),21971 ,21971 ,1041 ,1505 ,4165 ,3171 ,2734 ,3485 ,3175 ,1702 ,893 ,98 ,2 ,10838 ,10838 ,530 ,737 ,2111 ,1643 ,1400 ,1694 ,1555 ,797 ,340 ,31 ,0 ,11133 ,11133 ,511 ,768 ,2054 ,1528 ,1334 ,1791 ,1620 ,905 ,553 ,67 ,2
서울특별시 성동구 사근동(1120055000),12100 ,12100 ,355 ,878 ,4879 ,1590 ,1057 ,1264 ,980 ,682 ,387 ,28 ,0 ,6345 ,6345 ,186 ,409 ,2738 ,910 ,546 ,622 ,475 ,285 ,166 ,8 ,0 ,5755 ,5755 ,169 ,469 ,2141 ,680 ,511 ,642 ,505 ,397 ,221 ,20 ,0
서울특별시 성동구 행당제1동(1120056000),13700 ,13700 ,886 ,991 ,2140 ,2187 ,2094 ,2177 ,1751 ,934 ,466 ,68 ,6 ,6585 ,6585 ,459 ,469 ,1008 ,1089 ,1022 ,1033 ,869 ,434 ,178 ,22 ,2 ,7115 ,7115 ,427 ,522 ,1132 ,1098 ,1072 ,1144 ,882 ,500 ,288 ,46 ,4
서울특별시 성동구 행당제2동(1120057000),22990 ,22990 ,1597 ,1907 ,2684 ,3395 ,3663 ,3972 ,3026 ,1773 ,866 ,104 ,3 ,10709 ,10709 ,785 ,861 ,1259 ,1578 ,1767 ,1941 ,1407 ,766 ,318 ,27 ,0 ,12281 ,12281 ,812 ,1046 ,1425 ,1817 ,1896 ,2031 ,1619 ,1007 ,548 ,77 ,3
서울특별시 성동구 응봉동(1120058000),14951 ,14951 ,995 ,1544 ,1705 ,2005 ,2670 ,2463 ,1809 ,1104 ,590 ,64 ,2 ,7110 ,7110 ,531 ,787 ,805 ,972 ,1257 ,1201 ,830 ,475 ,233 ,19 ,0 ,7841 ,7841 ,464 ,757 ,900 ,1033 ,1413 ,1262 ,979 ,629 ,357 ,45 ,2
서울특별시 성동구 금호1가동(1120059000),14989 ,14989 ,1125 ,1083 ,1596 ,2325 ,2541 ,2336 ,2181 ,1152 ,578 ,70 ,2 ,7142 ,7142 ,591 ,550 ,781 ,1092 ,1281 ,1124 ,991 ,509 ,207 ,16 ,0 ,7847 ,7847 ,534 ,533 ,815 ,1233 ,1260 ,1212 ,1190 ,643 ,371 ,54 ,2
서울특별시 성동구 금호2.3가동(1120061500),22108 ,22108 ,1585 ,1317 ,2539 ,3816 ,3566 ,3541 ,3087 ,1679 ,862 ,109 ,7 ,10573 ,10573 ,827 ,658 ,1283 ,1871 ,1744 ,1693 ,1436 ,718 ,311 ,29 ,3 ,11535 ,11535 ,758 ,659 ,1256 ,1945 ,1822 ,1848 ,1651 ,961 ,551 ,80 ,4
서울특별시 성동구 금호4가동(1120062000),14244 ,14244 ,1229 ,941 ,1355 ,2358 ,2601 ,2142 ,1951 ,1080 ,522 ,62 ,3 ,6750 ,6750 ,645 ,477 ,686 ,1068 ,1294 ,1054 ,878 ,454 ,180 ,13 ,1 ,7494 ,7494 ,584 ,464 ,669 ,1290 ,1307 ,1088 ,1073 ,626 ,342 ,49 ,2
서울특별시 성동구 옥수동(1120064500),25503 ,25503 ,2334 ,1638 ,2496 ,4521 ,4442 ,3856 ,3408 ,1794 ,885 ,125 ,4 ,11825 ,11825 ,1142 ,801 ,1176 ,2026 ,2178 ,1801 ,1537 ,793 ,332 ,37 ,2 ,13678 ,13678 ,1192 ,837 ,1320 ,2495 ,2264 ,2055 ,1871 ,1001 ,553 ,88 ,2
서울특별시 성동구 성수1가제1동(1120065000),15636 ,15636 ,897 ,958 ,2251 ,2805 ,2123 ,2820 ,2375 ,926 ,430 ,48 ,3 ,7767 ,7767 ,472 ,501 ,1147 ,1378 ,1057 ,1377 ,1218 ,442 ,162 ,11 ,2 ,7869 ,7869 ,425 ,457 ,1104 ,1427 ,1066 ,1443 ,1157 ,484 ,268 ,37 ,1
서울특별시 성동구 성수1가제2동(1120066000),12123 ,12123 ,627 ,780 ,1803 ,2318 ,1793 ,1859 ,1670 ,837 ,392 ,44 ,0 ,5919 ,5919 ,315 ,407 ,853 ,1157 ,860 ,950 ,808 ,390 ,166 ,13 ,0 ,6204 ,6204 ,312 ,373 ,950 ,1161 ,933 ,909 ,862 ,447 ,226 ,31 ,0
서울특별시 성동구 성수2가제1동(1120067000),14972 ,14972 ,638 ,759 ,1931 ,2470 ,1945 ,2653 ,2763 ,1193 ,558 ,59 ,3 ,7790 ,7790 ,338 ,376 ,993 ,1336 ,1062 ,1397 ,1486 ,560 ,225 ,17 ,0 ,7182 ,7182 ,300 ,383 ,938 ,1134 ,883 ,1256 ,1277 ,633 ,333 ,42 ,3
서울특별시 성동구 성수2가제3동(1120069000),10241 ,10241 ,480 ,495 ,1742 ,1813 ,1388 ,1620 ,1487 ,789 ,384 ,40 ,3 ,5116 ,5116 ,256 ,251 ,819 ,885 ,723 ,837 ,794 ,386 ,154 ,10 ,1 ,5125 ,5125 ,224 ,244 ,923 ,928 ,665 ,783 ,693 ,403 ,230 ,30 ,2
서울특별시 성동구 송정동(1120072000),9969 ,9969 ,418 ,499 ,1551 ,1536 ,1375 ,1751 ,1694 ,791 ,314 ,39 ,1 ,5265 ,5265 ,228 ,269 ,785 ,860 ,757 ,947 ,912 ,367 ,130 ,10 ,0 ,4704 ,4704 ,190 ,230 ,766 ,676 ,618 ,804 ,782 ,424 ,184 ,29 ,1
서울특별시 성동구 용답동(1120079000),11847 ,11847 ,297 ,558 ,2614 ,1878 ,1420 ,1951 ,1613 ,954 ,508 ,52 ,2 ,6079 ,6079 ,154 ,280 ,1142 ,985 ,795 ,1159 ,889 ,441 ,222 ,11 ,1 ,5768 ,5768 ,143 ,278 ,1472 ,893 ,625 ,792 ,724 ,513 ,286 ,41 ,1
서울특별시 광진구 (1121500000),336558 ,336558 ,15965 ,24318 ,59679 ,54688 ,48759 ,52890 ,45269 ,22938 ,10698 ,1312 ,42 ,162071 ,162071 ,8240 ,12265 ,27813 ,27223 ,23974 ,25748 ,21632 ,10446 ,4355 ,361 ,14 ,174487 ,174487 ,7725 ,12053 ,31866 ,27465 ,24785 ,27142 ,23637 ,12492 ,6343 ,951 ,28
서울특별시 광진구 화양동(1121571000),23379 ,23379 ,320 ,775 ,10283 ,4667 ,2093 ,2003 ,1683 ,1002 ,495 ,57 ,1 ,11116 ,11116 ,157 ,328 ,4429 ,2446 ,1146 ,1102 ,825 ,440 ,227 ,16 ,0 ,12263 ,12263 ,163 ,447 ,5854 ,2221 ,947 ,901 ,858 ,562 ,268 ,41 ,1
서울특별시 광진구 군자동(1121573000),19286 ,19286 ,679 ,992 ,4286 ,3560 ,2517 ,2642 ,2546 ,1345 ,653 ,64 ,2 ,9553 ,9553 ,356 ,518 ,2072 ,1846 ,1286 ,1333 ,1231 ,643 ,258 ,10 ,0 ,9733 ,9733 ,323 ,474 ,2214 ,1714 ,1231 ,1309 ,1315 ,702 ,395 ,54 ,2
서울특별시 광진구 중곡제1동(1121574000),15435 ,15435 ,603 ,689 ,2927 ,3022 ,1950 ,2372 ,2181 ,1128 ,503 ,59 ,1 ,7346 ,7346 ,307 ,362 ,1230 ,1468 ,1035 ,1175 ,1024 ,518 ,212 ,14 ,1 ,8089 ,8089 ,296 ,327 ,1697 ,1554 ,915 ,1197 ,1157 ,610 ,291 ,45 ,0
서울특별시 광진구 중곡제2동(1121575000),20817 ,20817 ,884 ,1277 ,3401 ,3734 ,2873 ,3373 ,3044 ,1542 ,615 ,71 ,3 ,9804 ,9804 ,448 ,649 ,1528 ,1813 ,1415 ,1535 ,1440 ,695 ,267 ,13 ,1 ,11013 ,11013 ,436 ,628 ,1873 ,1921 ,1458 ,1838 ,1604 ,847 ,348 ,58 ,2
서울특별시 광진구 중곡제3동(1121576000),15920 ,15920 ,631 ,855 ,2421 ,2749 ,2107 ,2724 ,2481 ,1320 ,575 ,55 ,2 ,7863 ,7863 ,350 ,440 ,1146 ,1439 ,1095 ,1346 ,1218 ,583 ,228 ,16 ,2 ,8057 ,8057 ,281 ,415 ,1275 ,1310 ,1012 ,1378 ,1263 ,737 ,347 ,39 ,0
서울특별시 광진구 중곡제4동(1121577000),27874 ,27874 ,1094 ,1710 ,4031 ,4068 ,3681 ,5098 ,4694 ,2392 ,1006 ,96 ,4 ,13615 ,13615 ,573 ,892 ,2026 ,2109 ,1854 ,2400 ,2215 ,1113 ,410 ,21 ,2 ,14259 ,14259 ,521 ,818 ,2005 ,1959 ,1827 ,2698 ,2479 ,1279 ,596 ,75 ,2
서울특별시 광진구 능동(1121578000),11163 ,11163 ,479 ,513 ,2243 ,2503 ,1610 ,1400 ,1309 ,713 ,357 ,35 ,1 ,5124 ,5124 ,245 ,256 ,971 ,1130 ,794 ,660 ,587 ,316 ,156 ,9 ,0 ,6039 ,6039 ,234 ,257 ,1272 ,1373 ,816 ,740 ,722 ,397 ,201 ,26 ,1
서울특별시 광진구 광장동(1121581000),34062 ,34062 ,2556 ,5415 ,3864 ,3326 ,6934 ,5986 ,3390 ,1527 ,897 ,161 ,6 ,16482 ,16482 ,1349 ,2754 ,1915 ,1472 ,3130 ,3024 ,1693 ,730 ,358 ,55 ,2 ,17580 ,17580 ,1207 ,2661 ,1949 ,1854 ,3804 ,2962 ,1697 ,797 ,539 ,106 ,4
서울특별시 광진구 자양제1동(1121582000),22089 ,22089 ,796 ,1420 ,3980 ,3809 ,3214 ,3402 ,3051 ,1581 ,751 ,84 ,1 ,10761 ,10761 ,409 ,749 ,1926 ,1969 ,1603 ,1676 ,1449 ,666 ,292 ,22 ,0 ,11328 ,11328 ,387 ,671 ,2054 ,1840 ,1611 ,1726 ,1602 ,915 ,459 ,62 ,1
서울특별시 광진구 자양제2동(1121583000),23743 ,23743 ,1293 ,1700 ,3258 ,3644 ,3645 ,3891 ,3707 ,1792 ,715 ,96 ,2 ,11519 ,11519 ,659 ,884 ,1596 ,1851 ,1792 ,1834 ,1742 ,835 ,298 ,27 ,1 ,12224 ,12224 ,634 ,816 ,1662 ,1793 ,1853 ,2057 ,1965 ,957 ,417 ,69 ,1
서울특별시 광진구 자양제3동(1121584000),27465 ,27465 ,2023 ,2458 ,3532 ,3855 ,4319 ,4614 ,3800 ,1729 ,969 ,160 ,6 ,13136 ,13136 ,1067 ,1181 ,1763 ,1798 ,2061 ,2194 ,1828 ,797 ,392 ,53 ,2 ,14329 ,14329 ,956 ,1277 ,1769 ,2057 ,2258 ,2420 ,1972 ,932 ,577 ,107 ,4
서울특별시 광진구 자양제4동(1121584700),17976 ,17976 ,630 ,765 ,2985 ,2980 ,2267 ,2831 ,3073 ,1627 ,740 ,77 ,1 ,8957 ,8957 ,320 ,375 ,1453 ,1574 ,1186 ,1488 ,1511 ,736 ,293 ,20 ,1 ,9019 ,9019 ,310 ,390 ,1532 ,1406 ,1081 ,1343 ,1562 ,891 ,447 ,57 ,0
서울특별시 광진구 구의제1동(1121585000),23364 ,23364 ,906 ,1224 ,4856 ,4653 ,3269 ,3435 ,2833 ,1420 ,677 ,88 ,3 ,11155 ,11155 ,452 ,606 ,2185 ,2347 ,1648 ,1648 ,1348 ,624 ,268 ,29 ,0 ,12209 ,12209 ,454 ,618 ,2671 ,2306 ,1621 ,1787 ,1485 ,796 ,409 ,59 ,3
서울특별시 광진구 구의제2동(1121586000),25857 ,25857 ,1411 ,2182 ,3409 ,3657 ,4073 ,4464 ,3715 ,1971 ,876 ,94 ,5 ,12380 ,12380 ,714 ,1120 ,1655 ,1799 ,1982 ,2121 ,1733 ,886 ,349 ,21 ,0 ,13477 ,13477 ,697 ,1062 ,1754 ,1858 ,2091 ,2343 ,1982 ,1085 ,527 ,73 ,5
서울특별시 광진구 구의제3동(1121587000),28128 ,28128 ,1660 ,2343 ,4203 ,4461 ,4207 ,4655 ,3762 ,1849 ,869 ,115 ,4 ,13260 ,13260 ,834 ,1151 ,1918 ,2162 ,1947 ,2212 ,1788 ,864 ,347 ,35 ,2 ,14868 ,14868 ,826 ,1192 ,2285 ,2299 ,2260 ,2443 ,1974 ,985 ,522 ,80 ,2
서울특별시 동대문구 (1123000000),337692 ,337692 ,18258 ,23066 ,56576 ,48558 ,48151 ,51716 ,48125 ,27847 ,13748 ,1589 ,58 ,165936 ,165936 ,9269 ,11658 ,27067 ,25050 ,24808 ,26137 ,23467 ,12473 ,5560 ,436 ,11 ,171756 ,171756 ,8989 ,11408 ,29509 ,23508 ,23343 ,25579 ,24658 ,15374 ,8188 ,1153 ,47
서울특별시 동대문구 용신동(1123053600),35393 ,35393 ,1693 ,1739 ,6688 ,6432 ,4923 ,5080 ,4725 ,2572 ,1383 ,151 ,7 ,17539 ,17539 ,834 ,893 ,2961 ,3286 ,2621 ,2693 ,2445 ,1176 ,583 ,46 ,1 ,17854 ,17854 ,859 ,846 ,3727 ,3146 ,2302 ,2387 ,2280 ,1396 ,800 ,105 ,6
서울특별시 동대문구 제기동(1123054500),24104 ,24104 ,875 ,1298 ,4488 ,3111 ,2746 ,3651 ,3873 ,2546 ,1356 ,153 ,7 ,12340 ,12340 ,444 ,678 ,2378 ,1736 ,1502 ,1937 ,1918 ,1148 ,554 ,44 ,1 ,11764 ,11764 ,431 ,620 ,2110 ,1375 ,1244 ,1714 ,1955 ,1398 ,802 ,109 ,6
서울특별시 동대문구 전농제1동(1123056000),28734 ,28734 ,1583 ,1801 ,4453 ,3952 ,4010 ,4705 ,4385 ,2455 ,1248 ,134 ,8 ,14281 ,14281 ,800 ,904 ,2187 ,2011 ,2131 ,2428 ,2215 ,1090 ,484 ,31 ,0 ,14453 ,14453 ,783 ,897 ,2266 ,1941 ,1879 ,2277 ,2170 ,1365 ,764 ,103 ,8
서울특별시 동대문구 전농제2동(1123057000),18121 ,18121 ,1039 ,1609 ,2005 ,2102 ,2749 ,3175 ,2876 ,1593 ,886 ,84 ,3 ,8680 ,8680 ,538 ,797 ,997 ,1076 ,1331 ,1521 ,1313 ,701 ,375 ,30 ,1 ,9441 ,9441 ,501 ,812 ,1008 ,1026 ,1418 ,1654 ,1563 ,892 ,511 ,54 ,2
서울특별시 동대문구 답십리제1동(1123060000),28067 ,28067 ,2404 ,1944 ,3845 ,4817 ,4735 ,4068 ,3497 ,1777 ,861 ,111 ,8 ,13524 ,13524 ,1215 ,978 ,1714 ,2282 ,2425 ,2003 ,1757 ,802 ,322 ,25 ,1 ,14543 ,14543 ,1189 ,966 ,2131 ,2535 ,2310 ,2065 ,1740 ,975 ,539 ,86 ,7
서울특별시 동대문구 답십리제2동(1123061000),27699 ,27699 ,1629 ,1790 ,3280 ,4218 ,3877 ,4628 ,4418 ,2459 ,1254 ,145 ,1 ,13394 ,13394 ,799 ,886 ,1652 ,2148 ,1954 ,2255 ,2066 ,1095 ,499 ,39 ,1 ,14305 ,14305 ,830 ,904 ,1628 ,2070 ,1923 ,2373 ,2352 ,1364 ,755 ,106 ,0
서울특별시 동대문구 장안제1동(1123065000),37893 ,37893 ,2195 ,2571 ,4980 ,6076 ,6220 ,5833 ,5636 ,3053 ,1191 ,128 ,10 ,18720 ,18720 ,1149 ,1282 ,2301 ,3151 ,3207 ,2943 ,2715 ,1437 ,504 ,30 ,1 ,19173 ,19173 ,1046 ,1289 ,2679 ,2925 ,3013 ,2890 ,2921 ,1616 ,687 ,98 ,9
서울특별시 동대문구 장안제2동(1123066000),32449 ,32449 ,2516 ,2850 ,3735 ,4714 ,5702 ,4997 ,4473 ,2399 ,947 ,114 ,2 ,16077 ,16077 ,1287 ,1554 ,1845 ,2343 ,2880 ,2522 ,2126 ,1117 ,381 ,22 ,0 ,16372 ,16372 ,1229 ,1296 ,1890 ,2371 ,2822 ,2475 ,2347 ,1282 ,566 ,92 ,2
서울특별시 동대문구 청량리동(1123070500),18739 ,18739 ,664 ,982 ,2162 ,2078 ,2222 ,3124 ,3808 ,2349 ,1170 ,179 ,1 ,9299 ,9299 ,328 ,512 ,1129 ,1141 ,1172 ,1600 ,1881 ,1030 ,455 ,51 ,0 ,9440 ,9440 ,336 ,470 ,1033 ,937 ,1050 ,1524 ,1927 ,1319 ,715 ,128 ,1
서울특별시 동대문구 회기동(1123071000),10496 ,10496 ,325 ,760 ,3489 ,1440 ,1205 ,1208 ,967 ,632 ,415 ,53 ,2 ,4998 ,4998 ,157 ,358 ,1600 ,790 ,601 ,611 ,447 ,260 ,159 ,13 ,2 ,5498 ,5498 ,168 ,402 ,1889 ,650 ,604 ,597 ,520 ,372 ,256 ,40 ,0
서울특별시 동대문구 휘경제1동(1123072000),13963 ,13963 ,737 ,815 ,3733 ,2124 ,1640 ,1885 ,1517 ,967 ,477 ,65 ,3 ,6577 ,6577 ,375 ,382 ,1539 ,1115 ,851 ,906 ,761 ,422 ,203 ,22 ,1 ,7386 ,7386 ,362 ,433 ,2194 ,1009 ,789 ,979 ,756 ,545 ,274 ,43 ,2
서울특별시 동대문구 휘경제2동(1123073000),24493 ,24493 ,1010 ,2003 ,5930 ,3049 ,3219 ,3528 ,2997 ,1816 ,844 ,95 ,2 ,12190 ,12190 ,541 ,958 ,3092 ,1619 ,1616 ,1770 ,1412 ,808 ,343 ,31 ,0 ,12303 ,12303 ,469 ,1045 ,2838 ,1430 ,1603 ,1758 ,1585 ,1008 ,501 ,64 ,2
서울특별시 동대문구 이문제1동(1123074000),17968 ,17968 ,566 ,1261 ,5094 ,2081 ,2068 ,2514 ,2097 ,1377 ,822 ,85 ,3 ,8912 ,8912 ,282 ,639 ,2443 ,1186 ,1076 ,1298 ,1032 ,590 ,336 ,29 ,1 ,9056 ,9056 ,284 ,622 ,2651 ,895 ,992 ,1216 ,1065 ,787 ,486 ,56 ,2
서울특별시 동대문구 이문제2동(1123075000),19573 ,19573 ,1022 ,1643 ,2694 ,2364 ,2835 ,3320 ,2856 ,1852 ,894 ,92 ,1 ,9405 ,9405 ,520 ,837 ,1229 ,1166 ,1441 ,1650 ,1379 ,797 ,362 ,23 ,1 ,10168 ,10168 ,502 ,806 ,1465 ,1198 ,1394 ,1670 ,1477 ,1055 ,532 ,69 ,0
서울특별시 중랑구 (1126000000),384867 ,384867 ,19998 ,24642 ,51586 ,57638 ,54414 ,65149 ,62870 ,32369 ,14410 ,1740 ,51 ,189099 ,189099 ,10175 ,12593 ,24873 ,29535 ,28289 ,32195 ,30434 ,14788 ,5790 ,417 ,10 ,195768 ,195768 ,9823 ,12049 ,26713 ,28103 ,26125 ,32954 ,32436 ,17581 ,8620 ,1323 ,41
서울특별시 중랑구 면목제2동(1126052000),23786 ,23786 ,1030 ,1380 ,3020 ,3358 ,3309 ,4502 ,4079 ,2059 ,927 ,120 ,2 ,11841 ,11841 ,521 ,690 ,1469 ,1776 ,1774 ,2284 ,1982 ,938 ,373 ,33 ,1 ,11945 ,11945 ,509 ,690 ,1551 ,1582 ,1535 ,2218 ,2097 ,1121 ,554 ,87 ,1
서울특별시 중랑구 면목제4동(1126054000),18357 ,18357 ,889 ,1157 ,2264 ,2453 ,2781 ,3179 ,3017 ,1806 ,732 ,75 ,4 ,9131 ,9131 ,454 ,611 ,1162 ,1281 ,1476 ,1609 ,1450 ,758 ,302 ,27 ,1 ,9226 ,9226 ,435 ,546 ,1102 ,1172 ,1305 ,1570 ,1567 ,1048 ,430 ,48 ,3
서울특별시 중랑구 면목제5동(1126055000),14681 ,14681 ,1354 ,855 ,1605 ,2477 ,2411 ,2371 ,2105 ,1007 ,450 ,45 ,1 ,7347 ,7347 ,672 ,445 ,828 ,1235 ,1283 ,1197 ,1035 ,470 ,173 ,9 ,0 ,7334 ,7334 ,682 ,410 ,777 ,1242 ,1128 ,1174 ,1070 ,537 ,277 ,36 ,1
서울특별시 중랑구 면목본동(1126056500),32948 ,32948 ,1255 ,1670 ,4905 ,5293 ,4517 ,5930 ,5223 ,2803 ,1214 ,135 ,3 ,16231 ,16231 ,649 ,809 ,2347 ,2799 ,2393 ,2958 ,2532 ,1211 ,505 ,26 ,2 ,16717 ,16717 ,606 ,861 ,2558 ,2494 ,2124 ,2972 ,2691 ,1592 ,709 ,109 ,1
서울특별시 중랑구 면목제7동(1126057000),21433 ,21433 ,1062 ,1090 ,2851 ,3261 ,2934 ,3662 ,3667 ,1998 ,798 ,109 ,1 ,10707 ,10707 ,574 ,574 ,1375 ,1691 ,1563 ,1850 ,1784 ,938 ,330 ,28 ,0 ,10726 ,10726 ,488 ,516 ,1476 ,1570 ,1371 ,1812 ,1883 ,1060 ,468 ,81 ,1
서울특별시 중랑구 면목제3.8동(1126057500),24698 ,24698 ,980 ,1292 ,3467 ,3547 ,3262 ,4448 ,4332 ,2260 ,1006 ,102 ,2 ,12247 ,12247 ,494 ,666 ,1745 ,1899 ,1729 ,2197 ,2039 ,1046 ,410 ,22 ,0 ,12451 ,12451 ,486 ,626 ,1722 ,1648 ,1533 ,2251 ,2293 ,1214 ,596 ,80 ,2
서울특별시 중랑구 상봉제1동(1126058000),23379 ,23379 ,1513 ,1774 ,3069 ,3459 ,3317 ,3976 ,3757 ,1633 ,796 ,84 ,1 ,11351 ,11351 ,754 ,944 ,1504 ,1730 ,1680 ,1877 ,1813 ,726 ,315 ,8 ,0 ,12028 ,12028 ,759 ,830 ,1565 ,1729 ,1637 ,2099 ,1944 ,907 ,481 ,76 ,1
서울특별시 중랑구 상봉제2동(1126059000),20215 ,20215 ,744 ,674 ,4051 ,4710 ,2487 ,2910 ,2637 ,1333 ,578 ,85 ,6 ,9704 ,9704 ,372 ,360 ,1664 ,2325 ,1313 ,1478 ,1313 ,602 ,247 ,29 ,1 ,10511 ,10511 ,372 ,314 ,2387 ,2385 ,1174 ,1432 ,1324 ,731 ,331 ,56 ,5
서울특별시 중랑구 중화제1동(1126060000),19037 ,19037 ,984 ,1206 ,2416 ,3087 ,2646 ,2981 ,3261 ,1714 ,678 ,63 ,1 ,9358 ,9358 ,490 ,607 ,1187 ,1606 ,1409 ,1407 ,1545 ,815 ,274 ,17 ,1 ,9679 ,9679 ,494 ,599 ,1229 ,1481 ,1237 ,1574 ,1716 ,899 ,404 ,46 ,0
서울특별시 중랑구 중화제2동(1126061000),24315 ,24315 ,916 ,1023 ,3409 ,3645 ,3132 ,4422 ,4435 ,2172 ,1066 ,95 ,0 ,12469 ,12469 ,495 ,552 ,1665 ,1922 ,1713 ,2335 ,2308 ,1007 ,445 ,27 ,0 ,11846 ,11846 ,421 ,471 ,1744 ,1723 ,1419 ,2087 ,2127 ,1165 ,621 ,68 ,0
서울특별시 중랑구 묵제1동(1126062000),33983 ,33983 ,1842 ,2978 ,4831 ,4524 ,5327 ,5487 ,4930 ,2728 ,1204 ,130 ,2 ,16237 ,16237 ,921 ,1538 ,2215 ,2242 ,2627 ,2635 ,2275 ,1245 ,511 ,28 ,0 ,17746 ,17746 ,921 ,1440 ,2616 ,2282 ,2700 ,2852 ,2655 ,1483 ,693 ,102 ,2
서울특별시 중랑구 묵제2동(1126063000),18354 ,18354 ,840 ,1084 ,2493 ,2703 ,2667 ,3103 ,3047 ,1635 ,712 ,67 ,3 ,8964 ,8964 ,435 ,569 ,1196 ,1390 ,1359 ,1538 ,1416 ,740 ,299 ,21 ,1 ,9390 ,9390 ,405 ,515 ,1297 ,1313 ,1308 ,1565 ,1631 ,895 ,413 ,46 ,2
서울특별시 중랑구 망우본동(1126065500),35576 ,35576 ,2450 ,2105 ,4576 ,5818 ,4905 ,5554 ,5852 ,2838 ,1288 ,183 ,7 ,17573 ,17573 ,1257 ,1019 ,2111 ,2962 ,2616 ,2804 ,2949 ,1328 ,484 ,42 ,1 ,18003 ,18003 ,1193 ,1086 ,2465 ,2856 ,2289 ,2750 ,2903 ,1510 ,804 ,141 ,6
서울특별시 중랑구 망우제3동(1126066000),15882 ,15882 ,604 ,918 ,2098 ,1955 ,2003 ,3070 ,2957 ,1525 ,636 ,114 ,2 ,7986 ,7986 ,312 ,423 ,1060 ,1051 ,1057 ,1547 ,1523 ,715 ,269 ,29 ,0 ,7896 ,7896 ,292 ,495 ,1038 ,904 ,946 ,1523 ,1434 ,810 ,367 ,85 ,2
서울특별시 중랑구 신내1동(1126068000),38332 ,38332 ,2498 ,3892 ,4372 ,4641 ,5819 ,6193 ,6156 ,3070 ,1468 ,215 ,8 ,18509 ,18509 ,1259 ,1996 ,2249 ,2286 ,2845 ,2930 ,2908 ,1447 ,550 ,39 ,0 ,19823 ,19823 ,1239 ,1896 ,2123 ,2355 ,2974 ,3263 ,3248 ,1623 ,918 ,176 ,8
서울특별시 중랑구 신내2동(1126069000),19891 ,19891 ,1037 ,1544 ,2159 ,2707 ,2897 ,3361 ,3415 ,1788 ,857 ,118 ,8 ,9444 ,9444 ,516 ,790 ,1096 ,1340 ,1452 ,1549 ,1562 ,802 ,303 ,32 ,2 ,10447 ,10447 ,521 ,754 ,1063 ,1367 ,1445 ,1812 ,1853 ,986 ,554 ,86 ,6
서울특별시 성북구 (1129000000),429751 ,429751 ,25252 ,36218 ,65469 ,56919 ,65233 ,70419 ,57925 ,33093 ,17015 ,2153 ,55 ,206367 ,206367 ,12888 ,18287 ,31034 ,28524 ,31945 ,34809 ,27162 ,14422 ,6719 ,565 ,12 ,223384 ,223384 ,12364 ,17931 ,34435 ,28395 ,33288 ,35610 ,30763 ,18671 ,10296 ,1588 ,43
서울특별시 성북구 성북동(1129052500),16156 ,16156 ,663 ,1083 ,2658 ,2504 ,2284 ,2700 ,2138 ,1222 ,769 ,130 ,5 ,7507 ,7507 ,328 ,547 ,1203 ,1226 ,1069 ,1260 ,1012 ,511 ,309 ,40 ,2 ,8649 ,8649 ,335 ,536 ,1455 ,1278 ,1215 ,1440 ,1126 ,711 ,460 ,90 ,3
서울특별시 성북구 삼선동(1129055500),22489 ,22489 ,841 ,1768 ,4226 ,3124 ,3129 ,3773 ,2815 ,1704 ,992 ,112 ,5 ,10675 ,10675 ,436 ,894 ,1883 ,1523 ,1542 ,1912 ,1351 ,724 ,373 ,35 ,2 ,11814 ,11814 ,405 ,874 ,2343 ,1601 ,1587 ,1861 ,1464 ,980 ,619 ,77 ,3
서울특별시 성북구 동선동(1129057500),15027 ,15027 ,429 ,967 ,4576 ,2412 ,1786 ,1877 ,1435 ,939 ,535 ,69 ,2 ,6207 ,6207 ,200 ,373 ,1397 ,1161 ,859 ,927 ,651 ,419 ,203 ,17 ,0 ,8820 ,8820 ,229 ,594 ,3179 ,1251 ,927 ,950 ,784 ,520 ,332 ,52 ,2
서울특별시 성북구 돈암제1동(1129058000),14375 ,14375 ,704 ,1128 ,1852 ,1883 ,1888 ,2602 ,2300 ,1283 ,659 ,74 ,2 ,6691 ,6691 ,358 ,545 ,843 ,919 ,890 ,1258 ,1053 ,570 ,235 ,20 ,0 ,7684 ,7684 ,346 ,583 ,1009 ,964 ,998 ,1344 ,1247 ,713 ,424 ,54 ,2
서울특별시 성북구 돈암제2동(1129059000),23520 ,23520 ,1706 ,2636 ,2752 ,2779 ,3977 ,4279 ,2928 ,1505 ,808 ,149 ,1 ,11114 ,11114 ,856 ,1292 ,1360 ,1343 ,1811 ,2067 ,1383 ,654 ,311 ,37 ,0 ,12406 ,12406 ,850 ,1344 ,1392 ,1436 ,2166 ,2212 ,1545 ,851 ,497 ,112 ,1
서울특별시 성북구 안암동(1129060000),15110 ,15110 ,382 ,862 ,5507 ,2028 ,1456 ,1933 ,1456 ,898 ,514 ,71 ,3 ,7608 ,7608 ,197 ,466 ,2828 ,1144 ,735 ,946 ,707 ,387 ,177 ,20 ,1 ,7502 ,7502 ,185 ,396 ,2679 ,884 ,721 ,987 ,749 ,511 ,337 ,51 ,2
서울특별시 성북구 보문동(1129061000),16282 ,16282 ,1000 ,1006 ,2686 ,2776 ,2363 ,2648 ,2068 ,1125 ,537 ,72 ,1 ,7783 ,7783 ,513 ,466 ,1239 ,1414 ,1179 ,1298 ,969 ,481 ,205 ,19 ,0 ,8499 ,8499 ,487 ,540 ,1447 ,1362 ,1184 ,1350 ,1099 ,644 ,332 ,53 ,1
서울특별시 성북구 정릉제1동(1129062000),17861 ,17861 ,1261 ,1661 ,2195 ,2388 ,2962 ,2864 ,2339 ,1377 ,725 ,88 ,1 ,8550 ,8550 ,656 ,828 ,1095 ,1176 ,1430 ,1382 ,1092 ,585 ,279 ,27 ,0 ,9311 ,9311 ,605 ,833 ,1100 ,1212 ,1532 ,1482 ,1247 ,792 ,446 ,61 ,1
서울특별시 성북구 정릉제2동(1129063000),22627 ,22627 ,1275 ,1663 ,3064 ,2989 ,3261 ,3811 ,3447 ,1981 ,1019 ,117 ,0 ,10934 ,10934 ,645 ,874 ,1547 ,1499 ,1662 ,1821 ,1573 ,897 ,383 ,33 ,0 ,11693 ,11693 ,630 ,789 ,1517 ,1490 ,1599 ,1990 ,1874 ,1084 ,636 ,84 ,0
서울특별시 성북구 정릉제3동(1129064000),15126 ,15126 ,461 ,1001 ,3358 ,1792 ,1627 ,2287 ,2266 ,1439 ,783 ,110 ,2 ,7540 ,7540 ,244 ,538 ,1876 ,1017 ,811 ,1124 ,992 ,630 ,286 ,22 ,0 ,7586 ,7586 ,217 ,463 ,1482 ,775 ,816 ,1163 ,1274 ,809 ,497 ,88 ,2
서울특별시 성북구 정릉제4동(1129065000),24383 ,24383 ,1297 ,2041 ,3130 ,2886 ,3752 ,4209 ,3684 ,2161 ,1079 ,141 ,3 ,11664 ,11664 ,677 ,1049 ,1561 ,1448 ,1819 ,2045 ,1653 ,942 ,435 ,35 ,0 ,12719 ,12719 ,620 ,992 ,1569 ,1438 ,1933 ,2164 ,2031 ,1219 ,644 ,106 ,3
서울특별시 성북구 길음제1동(1129066000),34756 ,34756 ,3079 ,4934 ,3378 ,3772 ,7308 ,5609 ,3449 ,2077 ,1018 ,127 ,5 ,16443 ,16443 ,1587 ,2409 ,1611 ,1697 ,3402 ,2901 ,1543 ,844 ,424 ,25 ,0 ,18313 ,18313 ,1492 ,2525 ,1767 ,2075 ,3906 ,2708 ,1906 ,1233 ,594 ,102 ,5
서울특별시 성북구 길음제2동(1129068500),21736 ,21736 ,2038 ,2049 ,2513 ,2927 ,3921 ,3615 ,2632 ,1368 ,584 ,87 ,2 ,10429 ,10429 ,1030 ,1092 ,1179 ,1387 ,1868 ,1793 ,1212 ,631 ,215 ,22 ,0 ,11307 ,11307 ,1008 ,957 ,1334 ,1540 ,2053 ,1822 ,1420 ,737 ,369 ,65 ,2
서울특별시 성북구 종암동(1129070500),38054 ,38054 ,2199 ,3478 ,5523 ,4678 ,5924 ,6312 ,5132 ,2887 ,1661 ,251 ,9 ,18818 ,18818 ,1126 ,1897 ,2900 ,2461 ,2866 ,3155 ,2473 ,1220 ,647 ,70 ,3 ,19236 ,19236 ,1073 ,1581 ,2623 ,2217 ,3058 ,3157 ,2659 ,1667 ,1014 ,181 ,6
서울특별시 성북구 월곡제1동(1129071500),25887 ,25887 ,1667 ,2510 ,2891 ,3261 ,4283 ,4310 ,3680 ,2159 ,1021 ,104 ,1 ,12486 ,12486 ,833 ,1245 ,1367 ,1599 ,2126 ,2165 ,1763 ,914 ,447 ,27 ,0 ,13401 ,13401 ,834 ,1265 ,1524 ,1662 ,2157 ,2145 ,1917 ,1245 ,574 ,77 ,1
서울특별시 성북구 월곡제2동(1129072500),19181 ,19181 ,856 ,1434 ,3531 ,2602 ,2563 ,2961 ,2735 ,1573 ,824 ,99 ,3 ,9159 ,9159 ,450 ,721 ,1445 ,1359 ,1281 ,1509 ,1315 ,717 ,340 ,21 ,1 ,10022 ,10022 ,406 ,713 ,2086 ,1243 ,1282 ,1452 ,1420 ,856 ,484 ,78 ,2
서울특별시 성북구 장위제1동(1129076000),23791 ,23791 ,1557 ,1813 ,3136 ,3236 ,3613 ,4144 ,3576 ,1783 ,839 ,91 ,3 ,11571 ,11571 ,757 ,922 ,1547 ,1689 ,1842 ,1989 ,1699 ,791 ,308 ,27 ,0 ,12220 ,12220 ,800 ,891 ,1589 ,1547 ,1771 ,2155 ,1877 ,992 ,531 ,64 ,3
서울특별시 성북구 장위제2동(1129077000),13318 ,13318 ,517 ,795 ,1795 ,1793 ,1720 ,2314 ,2266 ,1372 ,671 ,73 ,2 ,6533 ,6533 ,273 ,406 ,884 ,912 ,919 ,1188 ,1042 ,611 ,281 ,17 ,0 ,6785 ,6785 ,244 ,389 ,911 ,881 ,801 ,1126 ,1224 ,761 ,390 ,56 ,2
서울특별시 성북구 장위제3동(1129078000),15786 ,15786 ,1581 ,1338 ,1941 ,2388 ,2687 ,2488 ,1986 ,926 ,413 ,37 ,1 ,7736 ,7736 ,827 ,655 ,945 ,1114 ,1378 ,1248 ,944 ,434 ,182 ,9 ,0 ,8050 ,8050 ,754 ,683 ,996 ,1274 ,1309 ,1240 ,1042 ,492 ,231 ,28 ,1
서울특별시 성북구 석관동(1129081000),34286 ,34286 ,1739 ,2051 ,4757 ,4701 ,4729 ,5683 ,5593 ,3314 ,1564 ,151 ,4 ,16919 ,16919 ,895 ,1068 ,2324 ,2436 ,2456 ,2821 ,2735 ,1460 ,679 ,42 ,3 ,17367 ,17367 ,844 ,983 ,2433 ,2265 ,2273 ,2862 ,2858 ,1854 ,885 ,109 ,1
서울특별시 강북구 (1130500000),292383 ,292383 ,12457 ,19842 ,39325 ,35654 ,41356 ,50532 ,47853 ,29400 ,14382 ,1534 ,48 ,141837 ,141837 ,6392 ,10063 ,19011 ,18724 ,21298 ,25016 ,22526 ,12589 ,5786 ,416 ,16 ,150546 ,150546 ,6065 ,9779 ,20314 ,16930 ,20058 ,25516 ,25327 ,16811 ,8596 ,1118 ,32
서울특별시 강북구 삼양동(1130553400),22787 ,22787 ,1055 ,1680 ,2859 ,2678 ,3185 ,4191 ,3781 ,2212 ,1033 ,111 ,2 ,11351 ,11351 ,549 ,893 ,1510 ,1421 ,1620 ,2103 ,1798 ,1016 ,411 ,30 ,0 ,11436 ,11436 ,506 ,787 ,1349 ,1257 ,1565 ,2088 ,1983 ,1196 ,622 ,81 ,2
서울특별시 강북구 미아동(1130553500),21107 ,21107 ,618 ,1227 ,3624 ,2704 ,2736 ,3519 ,3536 ,2014 ,1035 ,93 ,1 ,10118 ,10118 ,321 ,637 ,1547 ,1465 ,1410 ,1716 ,1702 ,887 ,407 ,26 ,0 ,10989 ,10989 ,297 ,590 ,2077 ,1239 ,1326 ,1803 ,1834 ,1127 ,628 ,67 ,1
서울특별시 강북구 송중동(1130554500),29088 ,29088 ,1376 ,1869 ,3921 ,3861 ,4207 ,5018 ,4733 ,2749 ,1227 ,127 ,0 ,14037 ,14037 ,701 ,906 ,1916 ,1962 ,2148 ,2418 ,2214 ,1206 ,528 ,38 ,0 ,15051 ,15051 ,675 ,963 ,2005 ,1899 ,2059 ,2600 ,2519 ,1543 ,699 ,89 ,0
서울특별시 강북구 송천동(1130555500),25377 ,25377 ,817 ,1399 ,3162 ,2970 ,3366 ,4660 ,4781 ,2765 ,1331 ,120 ,6 ,12573 ,12573 ,409 ,718 ,1576 ,1594 ,1780 ,2350 ,2384 ,1196 ,529 ,35 ,2 ,12804 ,12804 ,408 ,681 ,1586 ,1376 ,1586 ,2310 ,2397 ,1569 ,802 ,85 ,4
서울특별시 강북구 삼각산동(1130557500),30761 ,30761 ,2390 ,3867 ,3224 ,3288 ,5802 ,5416 ,3600 ,2066 ,994 ,110 ,4 ,14751 ,14751 ,1243 ,1962 ,1601 ,1558 ,2744 ,2725 ,1644 ,904 ,347 ,21 ,2 ,16010 ,16010 ,1147 ,1905 ,1623 ,1730 ,3058 ,2691 ,1956 ,1162 ,647 ,89 ,2
서울특별시 강북구 번1동(1130559500),18034 ,18034 ,553 ,929 ,3016 ,2610 ,2632 ,2961 ,2745 ,1716 ,797 ,73 ,2 ,9047 ,9047 ,299 ,451 ,1440 ,1419 ,1443 ,1543 ,1331 ,747 ,357 ,17 ,0 ,8987 ,8987 ,254 ,478 ,1576 ,1191 ,1189 ,1418 ,1414 ,969 ,440 ,56 ,2
서울특별시 강북구 번2동(1130560300),15190 ,15190 ,497 ,895 ,1955 ,1598 ,2056 ,2567 ,2721 ,1925 ,884 ,88 ,4 ,7318 ,7318 ,254 ,490 ,1001 ,857 ,1070 ,1281 ,1268 ,745 ,332 ,19 ,1 ,7872 ,7872 ,243 ,405 ,954 ,741 ,986 ,1286 ,1453 ,1180 ,552 ,69 ,3
서울특별시 강북구 번3동(1130560800),16364 ,16364 ,712 ,1125 ,1733 ,1573 ,2206 ,2745 ,2680 ,2370 ,1099 ,116 ,5 ,7632 ,7632 ,349 ,568 ,896 ,806 ,1102 ,1359 ,1231 ,839 ,456 ,23 ,3 ,8732 ,8732 ,363 ,557 ,837 ,767 ,1104 ,1386 ,1449 ,1531 ,643 ,93 ,2
서울특별시 강북구 수유1동(1130561500),20195 ,20195 ,770 ,1250 ,2936 ,2679 ,2697 ,3364 ,3390 ,2025 ,963 ,118 ,3 ,9903 ,9903 ,390 ,628 ,1388 ,1453 ,1463 ,1663 ,1595 ,897 ,380 ,45 ,1 ,10292 ,10292 ,380 ,622 ,1548 ,1226 ,1234 ,1701 ,1795 ,1128 ,583 ,73 ,2
서울특별시 강북구 수유2동(1130562500),20803 ,20803 ,871 ,1268 ,2713 ,2398 ,2804 ,3558 ,3626 ,2191 ,1225 ,145 ,4 ,9882 ,9882 ,452 ,659 ,1268 ,1278 ,1445 ,1694 ,1653 ,917 ,474 ,40 ,2 ,10921 ,10921 ,419 ,609 ,1445 ,1120 ,1359 ,1864 ,1973 ,1274 ,751 ,105 ,2
서울특별시 강북구 수유3동(1130563500),23028 ,23028 ,646 ,1065 ,4191 ,3356 ,2974 ,3908 ,3623 ,2113 ,1056 ,92 ,4 ,11345 ,11345 ,338 ,513 ,1954 ,1799 ,1629 ,1985 ,1725 ,941 ,430 ,31 ,0 ,11683 ,11683 ,308 ,552 ,2237 ,1557 ,1345 ,1923 ,1898 ,1172 ,626 ,61 ,4
서울특별시 강북구 우이동(1130564500),20124 ,20124 ,898 ,1289 ,2373 ,2469 ,2721 ,3534 ,3421 ,2101 ,1168 ,146 ,4 ,9656 ,9656 ,454 ,648 ,1123 ,1301 ,1416 ,1712 ,1561 ,919 ,481 ,40 ,1 ,10468 ,10468 ,444 ,641 ,1250 ,1168 ,1305 ,1822 ,1860 ,1182 ,687 ,106 ,3
서울특별시 강북구 인수동(1130566000),29525 ,29525 ,1254 ,1979 ,3618 ,3470 ,3970 ,5091 ,5216 ,3153 ,1570 ,195 ,9 ,14224 ,14224 ,633 ,990 ,1791 ,1811 ,2028 ,2467 ,2420 ,1375 ,654 ,51 ,4 ,15301 ,15301 ,621 ,989 ,1827 ,1659 ,1942 ,2624 ,2796 ,1778 ,916 ,144 ,5
서울특별시 도봉구 (1132000000),310023 ,310023 ,15027 ,23171 ,38567 ,38065 ,43744 ,54402 ,52630 ,28364 ,14156 ,1838 ,59 ,150535 ,150535 ,7797 ,11948 ,19318 ,19576 ,21865 ,26035 ,24782 ,13038 ,5675 ,488 ,13 ,159488 ,159488 ,7230 ,11223 ,19249 ,18489 ,21879 ,28367 ,27848 ,15326 ,8481 ,1350 ,46
서울특별시 도봉구 창제1동(1132051100),24239 ,24239 ,1221 ,1960 ,3018 ,3207 ,3664 ,4237 ,3687 ,2032 ,1067 ,140 ,6 ,11542 ,11542 ,619 ,996 ,1486 ,1629 ,1789 ,1998 ,1681 ,895 ,413 ,34 ,2 ,12697 ,12697 ,602 ,964 ,1532 ,1578 ,1875 ,2239 ,2006 ,1137 ,654 ,106 ,4
서울특별시 도봉구 창제2동(1132051200),28482 ,28482 ,1450 ,2094 ,3839 ,3861 ,4228 ,4948 ,4381 ,2405 ,1146 ,127 ,3 ,13841 ,13841 ,732 ,1085 ,1908 ,1954 ,2149 ,2338 ,2061 ,1090 ,501 ,23 ,0 ,14641 ,14641 ,718 ,1009 ,1931 ,1907 ,2079 ,2610 ,2320 ,1315 ,645 ,104 ,3
서울특별시 도봉구 창제3동(1132051300),13392 ,13392 ,572 ,948 ,1558 ,1530 ,1975 ,2421 ,2318 ,1355 ,657 ,55 ,3 ,6677 ,6677 ,304 ,510 ,811 ,827 ,1011 ,1233 ,1103 ,599 ,262 ,16 ,1 ,6715 ,6715 ,268 ,438 ,747 ,703 ,964 ,1188 ,1215 ,756 ,395 ,39 ,2
서울특별시 도봉구 창제4동(1132051400),25919 ,25919 ,1421 ,2439 ,3253 ,3174 ,4014 ,4699 ,3996 ,1787 ,960 ,175 ,1 ,12431 ,12431 ,733 ,1243 ,1605 ,1576 ,1910 ,2190 ,1916 ,844 ,365 ,48 ,1 ,13488 ,13488 ,688 ,1196 ,1648 ,1598 ,2104 ,2509 ,2080 ,943 ,595 ,127 ,0
서울특별시 도봉구 창제5동(1132051500),24090 ,24090 ,1256 ,1765 ,3270 ,3434 ,3245 ,4207 ,3915 ,1888 ,961 ,144 ,5 ,11530 ,11530 ,670 ,907 ,1593 ,1699 ,1574 ,1942 ,1831 ,883 ,381 ,47 ,3 ,12560 ,12560 ,586 ,858 ,1677 ,1735 ,1671 ,2265 ,2084 ,1005 ,580 ,97 ,2
서울특별시 도봉구 도봉제1동(1132052100),20335 ,20335 ,655 ,1060 ,2261 ,2130 ,2589 ,3545 ,4004 ,2681 ,1263 ,140 ,7 ,10171 ,10171 ,321 ,555 ,1178 ,1157 ,1419 ,1776 ,1948 ,1247 ,523 ,46 ,1 ,10164 ,10164 ,334 ,505 ,1083 ,973 ,1170 ,1769 ,2056 ,1434 ,740 ,94 ,6
서울특별시 도봉구 도봉제2동(1132052200),26093 ,26093 ,1393 ,1468 ,2801 ,3325 ,3452 ,4212 ,4916 ,2950 ,1390 ,180 ,6 ,12754 ,12754 ,723 ,754 ,1427 ,1691 ,1794 ,2035 ,2321 ,1390 ,571 ,47 ,1 ,13339 ,13339 ,670 ,714 ,1374 ,1634 ,1658 ,2177 ,2595 ,1560 ,819 ,133 ,5
서울특별시 도봉구 쌍문제1동(1132066000),20912 ,20912 ,939 ,1494 ,2802 ,2423 ,2860 ,3670 ,3489 ,2023 ,1089 ,121 ,2 ,10011 ,10011 ,510 ,709 ,1282 ,1267 ,1441 ,1784 ,1615 ,918 ,448 ,37 ,0 ,10901 ,10901 ,429 ,785 ,1520 ,1156 ,1419 ,1886 ,1874 ,1105 ,641 ,84 ,2
서울특별시 도봉구 쌍문제2동(1132067000),18231 ,18231 ,838 ,1221 ,2218 ,2367 ,2555 ,3169 ,3180 ,1670 ,873 ,137 ,3 ,8691 ,8691 ,427 ,651 ,1104 ,1255 ,1289 ,1461 ,1446 ,716 ,312 ,30 ,0 ,9540 ,9540 ,411 ,570 ,1114 ,1112 ,1266 ,1708 ,1734 ,954 ,561 ,107 ,3
서울특별시 도봉구 쌍문제3동(1132068000),16681 ,16681 ,722 ,969 ,2475 ,2377 ,2321 ,2794 ,2607 ,1588 ,755 ,68 ,5 ,8021 ,8021 ,346 ,501 ,1161 ,1228 ,1201 ,1326 ,1217 ,699 ,322 ,19 ,1 ,8660 ,8660 ,376 ,468 ,1314 ,1149 ,1120 ,1468 ,1390 ,889 ,433 ,49 ,4
서울특별시 도봉구 쌍문제4동(1132068100),18262 ,18262 ,1014 ,1818 ,2281 ,2152 ,2690 ,3240 ,3052 ,1244 ,669 ,100 ,2 ,8617 ,8617 ,546 ,937 ,1137 ,1032 ,1264 ,1446 ,1401 ,598 ,225 ,31 ,0 ,9645 ,9645 ,468 ,881 ,1144 ,1120 ,1426 ,1794 ,1651 ,646 ,444 ,69 ,2
서울특별시 도봉구 방학제1동(1132069000),28059 ,28059 ,1264 ,2089 ,3584 ,3158 ,3866 ,5156 ,4873 ,2729 ,1199 ,134 ,7 ,13907 ,13907 ,637 ,1061 ,1802 ,1652 ,1939 ,2586 ,2376 ,1295 ,522 ,36 ,1 ,14152 ,14152 ,627 ,1028 ,1782 ,1506 ,1927 ,2570 ,2497 ,1434 ,677 ,98 ,6
서울특별시 도봉구 방학제2동(1132070000),18943 ,18943 ,719 ,1293 ,2289 ,2003 ,2468 ,3621 ,3502 ,1913 ,1011 ,121 ,3 ,9571 ,9571 ,377 ,669 ,1253 ,1112 ,1286 ,1856 ,1689 ,874 ,421 ,32 ,2 ,9372 ,9372 ,342 ,624 ,1036 ,891 ,1182 ,1765 ,1813 ,1039 ,590 ,89 ,1
서울특별시 도봉구 방학제3동(1132071000),26385 ,26385 ,1563 ,2553 ,2918 ,2924 ,3817 ,4483 ,4710 ,2099 ,1116 ,196 ,6 ,12771 ,12771 ,852 ,1370 ,1571 ,1497 ,1799 ,2064 ,2177 ,990 ,409 ,42 ,0 ,13614 ,13614 ,711 ,1183 ,1347 ,1427 ,2018 ,2419 ,2533 ,1109 ,707 ,154 ,6
서울특별시 노원구 (1135000000),501838 ,501838 ,27567 ,48788 ,67447 ,61399 ,77294 ,85877 ,72673 ,38753 ,19195 ,2761 ,84 ,241168 ,241168 ,14182 ,25226 ,34344 ,30730 ,36854 ,41457 ,33746 ,16991 ,6929 ,693 ,16 ,260670 ,260670 ,13385 ,23562 ,33103 ,30669 ,40440 ,44420 ,38927 ,21762 ,12266 ,2068 ,68
서울특별시 노원구 월계1동(1135056000),20842 ,20842 ,954 ,1554 ,3648 ,2405 ,2975 ,3299 ,3089 ,1956 ,840 ,120 ,2 ,10710 ,10710 ,496 ,828 ,2139 ,1299 ,1522 ,1664 ,1487 ,903 ,335 ,37 ,0 ,10132 ,10132 ,458 ,726 ,1509 ,1106 ,1453 ,1635 ,1602 ,1053 ,505 ,83 ,2
서울특별시 노원구 월계2동(1135057000),25882 ,25882 ,1424 ,1928 ,2888 ,2892 ,3845 ,4341 ,4552 ,2627 ,1191 ,187 ,7 ,12428 ,12428 ,736 ,986 ,1514 ,1422 ,1959 ,2114 ,2052 ,1182 ,423 ,37 ,3 ,13454 ,13454 ,688 ,942 ,1374 ,1470 ,1886 ,2227 ,2500 ,1445 ,768 ,150 ,4
서울특별시 노원구 월계3동(1135058000),29030 ,29030 ,1803 ,1964 ,3193 ,4295 ,4285 ,4550 ,4710 ,2719 ,1332 ,174 ,5 ,13889 ,13889 ,929 ,1026 ,1575 ,2180 ,2199 ,2132 ,2090 ,1217 ,503 ,38 ,0 ,15141 ,15141 ,874 ,938 ,1618 ,2115 ,2086 ,2418 ,2620 ,1502 ,829 ,136 ,5
서울특별시 노원구 공릉1동(1135059500),36301 ,36301 ,1623 ,2534 ,6614 ,4981 ,5065 ,5440 ,5639 ,2971 ,1245 ,186 ,3 ,17593 ,17593 ,836 ,1288 ,3201 ,2531 ,2556 ,2653 ,2621 ,1359 ,500 ,48 ,0 ,18708 ,18708 ,787 ,1246 ,3413 ,2450 ,2509 ,2787 ,3018 ,1612 ,745 ,138 ,3
서울특별시 노원구 공릉2동(1135060000),41777 ,41777 ,3051 ,4316 ,6900 ,5548 ,6706 ,6332 ,5185 ,2487 ,1109 ,140 ,3 ,20349 ,20349 ,1571 ,2172 ,3437 ,2739 ,3217 ,3134 ,2425 ,1183 ,424 ,47 ,0 ,21428 ,21428 ,1480 ,2144 ,3463 ,2809 ,3489 ,3198 ,2760 ,1304 ,685 ,93 ,3
서울특별시 노원구 하계1동(1135061100),26942 ,26942 ,946 ,3352 ,4700 ,2651 ,3495 ,4821 ,3846 ,1904 ,1073 ,151 ,3 ,12936 ,12936 ,501 ,1838 ,2520 ,1341 ,1542 ,2336 ,1776 ,717 ,321 ,43 ,1 ,14006 ,14006 ,445 ,1514 ,2180 ,1310 ,1953 ,2485 ,2070 ,1187 ,752 ,108 ,2
서울특별시 노원구 하계2동(1135061200),21445 ,21445 ,1230 ,2546 ,2680 ,2450 ,3572 ,3799 ,2875 ,1406 ,760 ,127 ,0 ,10181 ,10181 ,644 ,1293 ,1406 ,1158 ,1643 ,1821 ,1342 ,582 ,254 ,38 ,0 ,11264 ,11264 ,586 ,1253 ,1274 ,1292 ,1929 ,1978 ,1533 ,824 ,506 ,89 ,0
서울특별시 노원구 중계본동(1135061900),23182 ,23182 ,1190 ,4233 ,2961 ,1686 ,4389 ,4561 ,2480 ,1009 ,601 ,71 ,1 ,11261 ,11261 ,617 ,2176 ,1493 ,831 ,1882 ,2294 ,1296 ,447 ,213 ,12 ,0 ,11921 ,11921 ,573 ,2057 ,1468 ,855 ,2507 ,2267 ,1184 ,562 ,388 ,59 ,1
서울특별시 노원구 중계1동(1135062100),26427 ,26427 ,1700 ,5302 ,2839 ,1887 ,5818 ,4841 ,2406 ,982 ,576 ,73 ,3 ,12902 ,12902 ,925 ,2814 ,1496 ,824 ,2516 ,2512 ,1177 ,418 ,202 ,17 ,1 ,13525 ,13525 ,775 ,2488 ,1343 ,1063 ,3302 ,2329 ,1229 ,564 ,374 ,56 ,2
서울특별시 노원구 중계4동(1135062400),19412 ,19412 ,933 ,2015 ,2342 ,1799 ,3015 ,3621 ,2757 ,1884 ,908 ,135 ,3 ,9305 ,9305 ,468 ,1078 ,1213 ,915 ,1427 ,1804 ,1292 ,741 ,336 ,31 ,0 ,10107 ,10107 ,465 ,937 ,1129 ,884 ,1588 ,1817 ,1465 ,1143 ,572 ,104 ,3
서울특별시 노원구 중계2.3동(1135062500),33067 ,33067 ,1616 ,2780 ,3768 ,3964 ,5005 ,5566 ,4993 ,3311 ,1801 ,251 ,12 ,15133 ,15133 ,825 ,1379 ,1858 ,1946 ,2406 ,2627 ,2213 ,1236 ,574 ,68 ,1 ,17934 ,17934 ,791 ,1401 ,1910 ,2018 ,2599 ,2939 ,2780 ,2075 ,1227 ,183 ,11
서울특별시 노원구 상계1동(1135063000),37470 ,37470 ,1966 ,3041 ,4669 ,4520 ,5273 ,6728 ,6425 ,3149 ,1476 ,211 ,12 ,18069 ,18069 ,980 ,1577 ,2352 ,2287 ,2544 ,3171 ,3043 ,1484 ,571 ,57 ,3 ,19401 ,19401 ,986 ,1464 ,2317 ,2233 ,2729 ,3557 ,3382 ,1665 ,905 ,154 ,9
서울특별시 노원구 상계2동(1135064000),19427 ,19427 ,753 ,1681 ,2975 ,2168 ,2640 ,3764 ,3167 ,1469 ,725 ,79 ,6 ,9566 ,9566 ,373 ,821 ,1508 ,1129 ,1308 ,1858 ,1569 ,704 ,278 ,17 ,1 ,9861 ,9861 ,380 ,860 ,1467 ,1039 ,1332 ,1906 ,1598 ,765 ,447 ,62 ,5
서울특별시 노원구 상계3.4동(1135066500),25050 ,25050 ,1153 ,1824 ,2828 ,2589 ,3452 ,4489 ,4502 ,2667 ,1407 ,133 ,6 ,12499 ,12499 ,581 ,1004 ,1511 ,1413 ,1764 ,2243 ,2203 ,1202 ,540 ,37 ,1 ,12551 ,12551 ,572 ,820 ,1317 ,1176 ,1688 ,2246 ,2299 ,1465 ,867 ,96 ,5
서울특별시 노원구 상계5동(1135067000),23413 ,23413 ,879 ,1788 ,3084 ,2606 ,3130 ,4434 ,3890 ,2273 ,1150 ,172 ,7 ,11341 ,11341 ,449 ,914 ,1596 ,1402 ,1538 ,2146 ,1849 ,986 ,413 ,47 ,1 ,12072 ,12072 ,430 ,874 ,1488 ,1204 ,1592 ,2288 ,2041 ,1287 ,737 ,125 ,6
서울특별시 노원구 상계6.7동(1135069500),31849 ,31849 ,2003 ,2777 ,4137 ,4671 ,5033 ,5545 ,4250 ,2135 ,1082 ,212 ,4 ,14706 ,14706 ,1041 ,1420 ,1966 ,2256 ,2322 ,2479 ,1874 ,927 ,378 ,43 ,0 ,17143 ,17143 ,962 ,1357 ,2171 ,2415 ,2711 ,3066 ,2376 ,1208 ,704 ,169 ,4
서울특별시 노원구 상계8동(1135070000),22148 ,22148 ,2034 ,1839 ,2406 ,4738 ,3730 ,3059 ,2386 ,1239 ,615 ,100 ,2 ,10571 ,10571 ,1035 ,918 ,1214 ,2337 ,1820 ,1438 ,1017 ,545 ,219 ,26 ,2 ,11577 ,11577 ,999 ,921 ,1192 ,2401 ,1910 ,1621 ,1369 ,694 ,396 ,74 ,0
서울특별시 노원구 상계9동(1135071000),19885 ,19885 ,1100 ,1799 ,2471 ,2657 ,3073 ,3504 ,2944 ,1453 ,738 ,145 ,1 ,9306 ,9306 ,571 ,920 ,1261 ,1312 ,1407 ,1612 ,1301 ,639 ,250 ,33 ,0 ,10579 ,10579 ,529 ,879 ,1210 ,1345 ,1666 ,1892 ,1643 ,814 ,488 ,112 ,1
서울특별시 노원구 상계10동(1135072000),18289 ,18289 ,1209 ,1515 ,2344 ,2892 ,2793 ,3183 ,2577 ,1112 ,566 ,94 ,4 ,8423 ,8423 ,604 ,774 ,1084 ,1408 ,1282 ,1419 ,1119 ,519 ,195 ,17 ,2 ,9866 ,9866 ,605 ,741 ,1260 ,1484 ,1511 ,1764 ,1458 ,593 ,371 ,77 ,2
서울특별시 은평구 (1138000000),464217 ,464217 ,24921 ,35927 ,62390 ,65420 ,70890 ,76466 ,67978 ,38862 ,19200 ,2111 ,52 ,220904 ,220904 ,12790 ,18376 ,29205 ,32020 ,35004 ,36812 ,31462 ,16864 ,7770 ,587 ,14 ,243313 ,243313 ,12131 ,17551 ,33185 ,33400 ,35886 ,39654 ,36516 ,21998 ,11430 ,1524 ,38
서울특별시 은평구 녹번동(1138051000),36363 ,36363 ,2209 ,2127 ,4645 ,5750 ,5447 ,5817 ,5406 ,3200 ,1566 ,193 ,3 ,17093 ,17093 ,1077 ,1047 ,2153 ,2802 ,2775 ,2765 ,2447 ,1360 ,628 ,38 ,1 ,19270 ,19270 ,1132 ,1080 ,2492 ,2948 ,2672 ,3052 ,2959 ,1840 ,938 ,155 ,2
서울특별시 은평구 불광제1동(1138052000),37780 ,37780 ,1934 ,2442 ,4845 ,5218 ,5432 ,6460 ,5947 ,3425 ,1862 ,212 ,3 ,17744 ,17744 ,995 ,1283 ,2292 ,2559 ,2652 ,2991 ,2727 ,1433 ,739 ,72 ,1 ,20036 ,20036 ,939 ,1159 ,2553 ,2659 ,2780 ,3469 ,3220 ,1992 ,1123 ,140 ,2
서울특별시 은평구 불광제2동(1138053000),27083 ,27083 ,862 ,1528 ,3929 ,3845 ,3454 ,4658 ,4563 ,2724 ,1383 ,133 ,4 ,13066 ,13066 ,421 ,802 ,1902 ,1990 ,1793 ,2228 ,2139 ,1191 ,569 ,31 ,0 ,14017 ,14017 ,441 ,726 ,2027 ,1855 ,1661 ,2430 ,2424 ,1533 ,814 ,102 ,4
서울특별시 은평구 갈현제1동(1138055100),15080 ,15080 ,540 ,991 ,2238 ,2126 ,2082 ,2581 ,2470 ,1354 ,624 ,73 ,1 ,7340 ,7340 ,314 ,507 ,1097 ,1122 ,1069 ,1218 ,1142 ,590 ,258 ,23 ,0 ,7740 ,7740 ,226 ,484 ,1141 ,1004 ,1013 ,1363 ,1328 ,764 ,366 ,50 ,1
서울특별시 은평구 갈현제2동(1138055200),27752 ,27752 ,1208 ,2250 ,3960 ,3688 ,4205 ,4856 ,4047 ,2327 ,1107 ,104 ,0 ,13103 ,13103 ,620 ,1146 ,1866 ,1843 ,2041 ,2276 ,1820 ,1005 ,456 ,30 ,0 ,14649 ,14649 ,588 ,1104 ,2094 ,1845 ,2164 ,2580 ,2227 ,1322 ,651 ,74 ,0
서울특별시 은평구 구산동(1138056000),31731 ,31731 ,1430 ,2585 ,4357 ,3831 ,4673 ,5618 ,5007 ,2777 ,1306 ,143 ,4 ,15448 ,15448 ,714 ,1279 ,2046 ,1930 ,2379 ,2727 ,2462 ,1312 ,546 ,51 ,2 ,16283 ,16283 ,716 ,1306 ,2311 ,1901 ,2294 ,2891 ,2545 ,1465 ,760 ,92 ,2
서울특별시 은평구 대조동(1138057000),27312 ,27312 ,926 ,1492 ,5098 ,4677 ,3624 ,4167 ,3674 ,2349 ,1206 ,96 ,3 ,12646 ,12646 ,505 ,694 ,2055 ,2337 ,1810 ,2023 ,1681 ,992 ,516 ,32 ,1 ,14666 ,14666 ,421 ,798 ,3043 ,2340 ,1814 ,2144 ,1993 ,1357 ,690 ,64 ,2
서울특별시 은평구 응암제1동(1138058000),32942 ,32942 ,2370 ,2707 ,4291 ,5327 ,5535 ,4976 ,4081 ,2363 ,1166 ,124 ,2 ,15457 ,15457 ,1218 ,1395 ,1888 ,2545 ,2693 ,2427 ,1847 ,939 ,466 ,38 ,1 ,17485 ,17485 ,1152 ,1312 ,2403 ,2782 ,2842 ,2549 ,2234 ,1424 ,700 ,86 ,1
서울특별시 은평구 응암제2동(1138059000),27681 ,27681 ,2895 ,2549 ,2517 ,4303 ,5637 ,3915 ,3136 ,1769 ,857 ,99 ,4 ,13372 ,13372 ,1505 ,1308 ,1263 ,1976 ,2826 ,1941 ,1422 ,770 ,336 ,24 ,1 ,14309 ,14309 ,1390 ,1241 ,1254 ,2327 ,2811 ,1974 ,1714 ,999 ,521 ,75 ,3
서울특별시 은평구 응암제3동(1138060000),23706 ,23706 ,797 ,1320 ,3347 ,3290 ,3163 ,3890 ,3854 ,2479 ,1402 ,162 ,2 ,11426 ,11426 ,405 ,693 ,1641 ,1705 ,1622 ,1943 ,1809 ,1018 ,543 ,46 ,1 ,12280 ,12280 ,392 ,627 ,1706 ,1585 ,1541 ,1947 ,2045 ,1461 ,859 ,116 ,1
서울특별시 은평구 역촌동(1138062500),44420 ,44420 ,2002 ,3172 ,6099 ,6071 ,6889 ,7583 ,6677 ,3921 ,1818 ,182 ,6 ,20836 ,20836 ,986 ,1579 ,2901 ,2984 ,3369 ,3558 ,2986 ,1691 ,728 ,54 ,0 ,23584 ,23584 ,1016 ,1593 ,3198 ,3087 ,3520 ,4025 ,3691 ,2230 ,1090 ,128 ,6
서울특별시 은평구 신사제1동(1138063100),26733 ,26733 ,1312 ,1834 ,3687 ,3872 ,3942 ,4391 ,4206 ,2297 ,1075 ,114 ,3 ,12843 ,12843 ,674 ,946 ,1853 ,1967 ,1961 ,2053 ,1910 ,1004 ,449 ,26 ,0 ,13890 ,13890 ,638 ,888 ,1834 ,1905 ,1981 ,2338 ,2296 ,1293 ,626 ,88 ,3
서울특별시 은평구 신사제2동(1138063200),19208 ,19208 ,872 ,1431 ,2542 ,2587 ,2810 ,3219 ,3211 ,1651 ,788 ,93 ,4 ,9546 ,9546 ,467 ,787 ,1318 ,1326 ,1446 ,1580 ,1526 ,750 ,316 ,29 ,1 ,9662 ,9662 ,405 ,644 ,1224 ,1261 ,1364 ,1639 ,1685 ,901 ,472 ,64 ,3
서울특별시 은평구 증산동(1138064000),18495 ,18495 ,1093 ,1406 ,2458 ,2611 ,2653 ,3056 ,2860 ,1557 ,721 ,75 ,5 ,9006 ,9006 ,558 ,733 ,1175 ,1306 ,1338 ,1493 ,1373 ,699 ,309 ,21 ,1 ,9489 ,9489 ,535 ,673 ,1283 ,1305 ,1315 ,1563 ,1487 ,858 ,412 ,54 ,4
서울특별시 은평구 수색동(1138065000),13149 ,13149 ,940 ,897 ,1626 ,2062 ,1817 ,2303 ,1963 ,973 ,498 ,68 ,2 ,6409 ,6409 ,476 ,474 ,813 ,1028 ,926 ,1125 ,955 ,427 ,170 ,14 ,1 ,6740 ,6740 ,464 ,423 ,813 ,1034 ,891 ,1178 ,1008 ,546 ,328 ,54 ,1
서울특별시 은평구 진관동(1138069000),54782 ,54782 ,3531 ,7196 ,6751 ,6162 ,9527 ,8976 ,6876 ,3696 ,1821 ,240 ,6 ,25569 ,25569 ,1855 ,3703 ,2942 ,2600 ,4304 ,4464 ,3216 ,1683 ,741 ,58 ,3 ,29213 ,29213 ,1676 ,3493 ,3809 ,3562 ,5223 ,4512 ,3660 ,2013 ,1080 ,182 ,3
서울특별시 서대문구 (1141000000),308338 ,308338 ,18317 ,22733 ,49042 ,44831 ,45087 ,48950 ,41195 ,23382 ,13105 ,1639 ,57 ,146684 ,146684 ,9307 ,11343 ,22966 ,22111 ,22210 ,23689 ,19466 ,10022 ,5104 ,454 ,12 ,161654 ,161654 ,9010 ,11390 ,26076 ,22720 ,22877 ,25261 ,21729 ,13360 ,8001 ,1185 ,45
서울특별시 서대문구 천연동(1141052000),16713 ,16713 ,1087 ,1305 ,1962 ,2266 ,2460 ,2924 ,2410 ,1324 ,865 ,107 ,3 ,7892 ,7892 ,540 ,644 ,936 ,1102 ,1179 ,1438 ,1187 ,536 ,306 ,23 ,1 ,8821 ,8821 ,547 ,661 ,1026 ,1164 ,1281 ,1486 ,1223 ,788 ,559 ,84 ,2
서울특별시 서대문구 북아현동(1141055500),15544 ,15544 ,1331 ,1008 ,1962 ,2766 ,2491 ,2549 ,1902 ,949 ,522 ,63 ,1 ,7443 ,7443 ,684 ,504 ,884 ,1308 ,1271 ,1248 ,930 ,409 ,190 ,14 ,1 ,8101 ,8101 ,647 ,504 ,1078 ,1458 ,1220 ,1301 ,972 ,540 ,332 ,49 ,0
서울특별시 서대문구 충현동(1141056500),19816 ,19816 ,1088 ,1262 ,3075 ,3363 ,2856 ,3139 ,2740 ,1394 ,767 ,125 ,7 ,9523 ,9523 ,541 ,617 ,1435 ,1627 ,1430 ,1572 ,1321 ,641 ,305 ,33 ,1 ,10293 ,10293 ,547 ,645 ,1640 ,1736 ,1426 ,1567 ,1419 ,753 ,462 ,92 ,6
서울특별시 서대문구 신촌동(1141058500),20409 ,20409 ,528 ,972 ,8498 ,3669 ,1879 ,1916 ,1406 ,901 ,565 ,72 ,3 ,8867 ,8867 ,278 ,422 ,3210 ,1812 ,908 ,926 ,670 ,392 ,226 ,23 ,0 ,11542 ,11542 ,250 ,550 ,5288 ,1857 ,971 ,990 ,736 ,509 ,339 ,49 ,3
서울특별시 서대문구 연희동(1141061500),34320 ,34320 ,1342 ,2168 ,7600 ,5432 ,4518 ,4972 ,4096 ,2512 ,1449 ,222 ,9 ,16383 ,16383 ,656 ,1112 ,3769 ,2741 ,2163 ,2339 ,1895 ,1050 ,581 ,72 ,5 ,17937 ,17937 ,686 ,1056 ,3831 ,2691 ,2355 ,2633 ,2201 ,1462 ,868 ,150 ,4
서울특별시 서대문구 홍제제1동(1141062000),24850 ,24850 ,1522 ,1830 ,3123 ,3561 ,3699 ,4189 ,3667 ,1999 ,1131 ,126 ,3 ,11613 ,11613 ,747 ,893 ,1489 ,1702 ,1786 ,1982 ,1659 ,864 ,452 ,39 ,0 ,13237 ,13237 ,775 ,937 ,1634 ,1859 ,1913 ,2207 ,2008 ,1135 ,679 ,87 ,3
서울특별시 서대문구 홍제제3동(1141064000),17739 ,17739 ,1028 ,1139 ,2231 ,2496 ,2363 ,3055 ,2698 ,1626 ,1002 ,99 ,2 ,8508 ,8508 ,523 ,568 ,1119 ,1263 ,1179 ,1496 ,1256 ,678 ,390 ,36 ,0 ,9231 ,9231 ,505 ,571 ,1112 ,1233 ,1184 ,1559 ,1442 ,948 ,612 ,63 ,2
서울특별시 서대문구 홍제제2동(1141065500),13254 ,13254 ,651 ,907 ,1624 ,1802 ,1776 ,2391 ,2183 ,1187 ,651 ,79 ,3 ,6191 ,6191 ,344 ,446 ,787 ,893 ,845 ,1092 ,1036 ,479 ,248 ,19 ,2 ,7063 ,7063 ,307 ,461 ,837 ,909 ,931 ,1299 ,1147 ,708 ,403 ,60 ,1
서울특별시 서대문구 홍은제1동(1141066000),22427 ,22427 ,1328 ,1576 ,2727 ,2953 ,3226 ,3975 ,3484 ,1910 ,1101 ,143 ,4 ,10825 ,10825 ,675 ,786 ,1359 ,1490 ,1615 ,1929 ,1667 ,866 ,398 ,40 ,0 ,11602 ,11602 ,653 ,790 ,1368 ,1463 ,1611 ,2046 ,1817 ,1044 ,703 ,103 ,4
서울특별시 서대문구 홍은제2동(1141068500),28738 ,28738 ,1549 ,2273 ,4246 ,3985 ,4123 ,4768 ,4129 ,2232 ,1265 ,161 ,7 ,13810 ,13810 ,773 ,1145 ,2099 ,2084 ,2007 ,2316 ,1882 ,962 ,508 ,34 ,0 ,14928 ,14928 ,776 ,1128 ,2147 ,1901 ,2116 ,2452 ,2247 ,1270 ,757 ,127 ,7
서울특별시 서대문구 남가좌제1동(1141069000),16711 ,16711 ,2016 ,1796 ,1605 ,2231 ,3418 ,2389 ,1732 ,935 ,518 ,70 ,1 ,8016 ,8016 ,1033 ,894 ,760 ,969 ,1733 ,1182 ,825 ,385 ,212 ,23 ,0 ,8695 ,8695 ,983 ,902 ,845 ,1262 ,1685 ,1207 ,907 ,550 ,306 ,47 ,1
서울특별시 서대문구 남가좌제2동(1141070000),29252 ,29252 ,2419 ,2408 ,4100 ,4103 ,4770 ,4465 ,3514 ,2199 ,1133 ,133 ,8 ,14130 ,14130 ,1233 ,1192 ,1998 ,1978 ,2416 ,2204 ,1697 ,937 ,437 ,36 ,2 ,15122 ,15122 ,1186 ,1216 ,2102 ,2125 ,2354 ,2261 ,1817 ,1262 ,696 ,97 ,6
서울특별시 서대문구 북가좌제1동(1141071000),17749 ,17749 ,1195 ,1914 ,1927 ,2138 ,3047 ,3030 ,2347 ,1365 ,708 ,75 ,3 ,8496 ,8496 ,630 ,981 ,935 ,992 ,1468 ,1476 ,1122 ,585 ,286 ,21 ,0 ,9253 ,9253 ,565 ,933 ,992 ,1146 ,1579 ,1554 ,1225 ,780 ,422 ,54 ,3
서울특별시 서대문구 북가좌제2동(1141072000),30816 ,30816 ,1233 ,2175 ,4362 ,4066 ,4461 ,5188 ,4887 ,2849 ,1428 ,164 ,3 ,14987 ,14987 ,650 ,1139 ,2186 ,2150 ,2210 ,2489 ,2319 ,1238 ,565 ,41 ,0 ,15829 ,15829 ,583 ,1036 ,2176 ,1916 ,2251 ,2699 ,2568 ,1611 ,863 ,123 ,3
서울특별시 마포구 (1144000000),365287 ,365287 ,21365 ,27276 ,59823 ,63404 ,57865 ,55446 ,42144 ,23434 ,12752 ,1719 ,59 ,171058 ,171058 ,10910 ,13677 ,26436 ,29906 ,28028 ,27034 ,19780 ,9825 ,4960 ,491 ,11 ,194229 ,194229 ,10455 ,13599 ,33387 ,33498 ,29837 ,28412 ,22364 ,13609 ,7792 ,1228 ,48
서울특별시 마포구 아현동(1144055500),27976 ,27976 ,2864 ,2035 ,3157 ,5437 ,4930 ,4159 ,3133 ,1363 ,787 ,106 ,5 ,13090 ,13090 ,1422 ,943 ,1369 ,2477 ,2477 ,2003 ,1510 ,578 ,288 ,23 ,0 ,14886 ,14886 ,1442 ,1092 ,1788 ,2960 ,2453 ,2156 ,1623 ,785 ,499 ,83 ,5
서울특별시 마포구 공덕동(1144056500),36740 ,36740 ,1974 ,2138 ,5958 ,6519 ,5053 ,6167 ,4835 ,2483 ,1436 ,171 ,6 ,17169 ,17169 ,1049 ,1075 ,2492 ,3078 ,2555 ,2969 ,2333 ,1042 ,534 ,41 ,1 ,19571 ,19571 ,925 ,1063 ,3466 ,3441 ,2498 ,3198 ,2502 ,1441 ,902 ,130 ,5
서울특별시 마포구 도화동(1144058500),20673 ,20673 ,1314 ,1480 ,2637 ,3528 ,2882 ,3312 ,2930 ,1508 ,930 ,148 ,4 ,9834 ,9834 ,685 ,781 ,1234 ,1727 ,1411 ,1552 ,1395 ,666 ,338 ,45 ,0 ,10839 ,10839 ,629 ,699 ,1403 ,1801 ,1471 ,1760 ,1535 ,842 ,592 ,103 ,4
서울특별시 마포구 용강동(1144059000),21278 ,21278 ,1914 ,2143 ,2050 ,3418 ,4265 ,3145 ,2296 ,1219 ,708 ,118 ,2 ,10040 ,10040 ,952 ,1046 ,960 ,1546 ,2015 ,1593 ,1106 ,514 ,274 ,33 ,1 ,11238 ,11238 ,962 ,1097 ,1090 ,1872 ,2250 ,1552 ,1190 ,705 ,434 ,85 ,1
서울특별시 마포구 대흥동(1144060000),14480 ,14480 ,583 ,844 ,3673 ,2540 ,1925 ,2055 ,1498 ,801 ,491 ,66 ,4 ,7048 ,7048 ,295 ,469 ,1648 ,1322 ,955 ,1059 ,751 ,340 ,186 ,22 ,1 ,7432 ,7432 ,288 ,375 ,2025 ,1218 ,970 ,996 ,747 ,461 ,305 ,44 ,3
서울특별시 마포구 염리동(1144061000),16760 ,16760 ,1284 ,1659 ,2460 ,2705 ,3074 ,2517 ,1636 ,868 ,500 ,57 ,0 ,8011 ,8011 ,661 ,832 ,1102 ,1304 ,1493 ,1281 ,791 ,340 ,189 ,18 ,0 ,8749 ,8749 ,623 ,827 ,1358 ,1401 ,1581 ,1236 ,845 ,528 ,311 ,39 ,0
서울특별시 마포구 신수동(1144063000),22195 ,22195 ,1552 ,1842 ,3275 ,3354 ,3586 ,3705 ,2608 ,1407 ,764 ,98 ,4 ,10830 ,10830 ,790 ,987 ,1685 ,1629 ,1700 ,1842 ,1224 ,615 ,324 ,34 ,0 ,11365 ,11365 ,762 ,855 ,1590 ,1725 ,1886 ,1863 ,1384 ,792 ,440 ,64 ,4
서울특별시 마포구 서강동(1144065500),24650 ,24650 ,1661 ,1710 ,4742 ,4070 ,3840 ,3677 ,2698 ,1381 ,766 ,104 ,1 ,11754 ,11754 ,876 ,849 ,2224 ,1940 ,1888 ,1761 ,1288 ,593 ,307 ,28 ,0 ,12896 ,12896 ,785 ,861 ,2518 ,2130 ,1952 ,1916 ,1410 ,788 ,459 ,76 ,1
서울특별시 마포구 서교동(1144066000),24391 ,24391 ,680 ,1079 ,6096 ,5409 ,3480 ,3054 ,2205 ,1460 ,789 ,137 ,2 ,11071 ,11071 ,325 ,528 ,2545 ,2564 ,1649 ,1454 ,1014 ,619 ,331 ,42 ,0 ,13320 ,13320 ,355 ,551 ,3551 ,2845 ,1831 ,1600 ,1191 ,841 ,458 ,95 ,2
서울특별시 마포구 합정동(1144068000),16569 ,16569 ,688 ,779 ,3051 ,3559 ,2486 ,2236 ,1942 ,1141 ,595 ,88 ,4 ,7623 ,7623 ,341 ,380 ,1350 ,1660 ,1209 ,1024 ,890 ,494 ,244 ,30 ,1 ,8946 ,8946 ,347 ,399 ,1701 ,1899 ,1277 ,1212 ,1052 ,647 ,351 ,58 ,3
서울특별시 마포구 망원제1동(1144069000),19334 ,19334 ,850 ,1104 ,3096 ,3654 ,3013 ,2882 ,2420 ,1495 ,740 ,80 ,0 ,9030 ,9030 ,425 ,545 ,1411 ,1755 ,1457 ,1422 ,1105 ,606 ,285 ,19 ,0 ,10304 ,10304 ,425 ,559 ,1685 ,1899 ,1556 ,1460 ,1315 ,889 ,455 ,61 ,0
서울특별시 마포구 망원제2동(1144070000),18170 ,18170 ,902 ,1442 ,2671 ,2820 ,2985 ,2849 ,2286 ,1446 ,690 ,74 ,5 ,8477 ,8477 ,478 ,710 ,1203 ,1301 ,1464 ,1368 ,1029 ,617 ,283 ,23 ,1 ,9693 ,9693 ,424 ,732 ,1468 ,1519 ,1521 ,1481 ,1257 ,829 ,407 ,51 ,4
서울특별시 마포구 연남동(1144071000),14455 ,14455 ,494 ,721 ,2990 ,2976 ,2145 ,1926 ,1633 ,924 ,565 ,78 ,3 ,6848 ,6848 ,244 ,375 ,1359 ,1479 ,1076 ,922 ,768 ,374 ,225 ,24 ,2 ,7607 ,7607 ,250 ,346 ,1631 ,1497 ,1069 ,1004 ,865 ,550 ,340 ,54 ,1
서울특별시 마포구 성산제1동(1144072000),18626 ,18626 ,744 ,1314 ,3073 ,3226 ,3084 ,2865 ,2297 ,1301 ,660 ,57 ,5 ,8705 ,8705 ,363 ,625 ,1455 ,1542 ,1470 ,1380 ,1043 ,535 ,276 ,15 ,1 ,9921 ,9921 ,381 ,689 ,1618 ,1684 ,1614 ,1485 ,1254 ,766 ,384 ,42 ,4
서울특별시 마포구 성산제2동(1144073000),39014 ,39014 ,1938 ,3110 ,6664 ,6629 ,5771 ,5996 ,4443 ,2839 ,1410 ,206 ,8 ,17393 ,17393 ,962 ,1600 ,2524 ,2962 ,2722 ,2906 ,2028 ,1108 ,519 ,61 ,1 ,21621 ,21621 ,976 ,1510 ,4140 ,3667 ,3049 ,3090 ,2415 ,1731 ,891 ,145 ,7
서울특별시 마포구 상암동(1144074000),29976 ,29976 ,1923 ,3876 ,4230 ,3560 ,5346 ,4901 ,3284 ,1798 ,921 ,131 ,6 ,14135 ,14135 ,1042 ,1932 ,1875 ,1620 ,2487 ,2498 ,1505 ,784 ,357 ,33 ,2 ,15841 ,15841 ,881 ,1944 ,2355 ,1940 ,2859 ,2403 ,1779 ,1014 ,564 ,98 ,4
서울특별시 양천구 (1147000000),438848 ,438848 ,26421 ,48086 ,53866 ,53735 ,73544 ,74934 ,62385 ,31386 ,12565 ,1868 ,58 ,214455 ,214455 ,13579 ,25015 ,27213 ,26661 ,35184 ,37098 ,29719 ,14717 ,4827 ,432 ,10 ,224393 ,224393 ,12842 ,23071 ,26653 ,27074 ,38360 ,37836 ,32666 ,16669 ,7738 ,1436 ,48
서울특별시 양천구 목1동(1147051000),30245 ,30245 ,2453 ,5051 ,3046 ,2788 ,6482 ,5043 ,3219 ,1494 ,584 ,82 ,3 ,14525 ,14525 ,1220 ,2525 ,1502 ,1188 ,2938 ,2611 ,1557 ,733 ,229 ,21 ,1 ,15720 ,15720 ,1233 ,2526 ,1544 ,1600 ,3544 ,2432 ,1662 ,761 ,355 ,61 ,2
서울특별시 양천구 목2동(1147052000),29119 ,29119 ,1385 ,2285 ,4373 ,5187 ,4360 ,4708 ,4109 ,1844 ,758 ,109 ,1 ,14083 ,14083 ,717 ,1202 ,2108 ,2625 ,2115 ,2195 ,1948 ,869 ,282 ,21 ,1 ,15036 ,15036 ,668 ,1083 ,2265 ,2562 ,2245 ,2513 ,2161 ,975 ,476 ,88 ,0
서울특별시 양천구 목3동(1147053000),21426 ,21426 ,1105 ,1362 ,3128 ,3879 ,3050 ,3406 ,3239 ,1515 ,635 ,103 ,4 ,10204 ,10204 ,583 ,737 ,1518 ,1888 ,1471 ,1553 ,1501 ,683 ,242 ,28 ,0 ,11222 ,11222 ,522 ,625 ,1610 ,1991 ,1579 ,1853 ,1738 ,832 ,393 ,75 ,4
서울특별시 양천구 목4동(1147054000),24635 ,24635 ,1056 ,3067 ,3778 ,2722 ,4033 ,4841 ,2898 ,1527 ,628 ,83 ,2 ,12051 ,12051 ,506 ,1637 ,1992 ,1386 ,1800 ,2406 ,1383 ,689 ,232 ,18 ,2 ,12584 ,12584 ,550 ,1430 ,1786 ,1336 ,2233 ,2435 ,1515 ,838 ,396 ,65 ,0
서울특별시 양천구 목5동(1147055000),40547 ,40547 ,2934 ,7174 ,4027 ,3486 ,8428 ,6824 ,4685 ,2066 ,735 ,186 ,2 ,20072 ,20072 ,1550 ,3951 ,2055 ,1575 ,3732 ,3508 ,2260 ,1083 ,301 ,57 ,0 ,20475 ,20475 ,1384 ,3223 ,1972 ,1911 ,4696 ,3316 ,2425 ,983 ,434 ,129 ,2
서울특별시 양천구 신월1동(1147056000),19902 ,19902 ,762 ,1174 ,2435 ,2569 ,2801 ,3527 ,3852 ,2000 ,681 ,96 ,5 ,10178 ,10178 ,386 ,606 ,1230 ,1427 ,1548 ,1811 ,1943 ,934 ,278 ,15 ,0 ,9724 ,9724 ,376 ,568 ,1205 ,1142 ,1253 ,1716 ,1909 ,1066 ,403 ,81 ,5
서울특별시 양천구 신월2동(1147057000),20451 ,20451 ,1231 ,1712 ,2436 ,2687 ,3214 ,3204 ,3405 ,1851 ,621 ,88 ,2 ,9996 ,9996 ,656 ,834 ,1248 ,1333 ,1641 ,1574 ,1545 ,886 ,256 ,23 ,0 ,10455 ,10455 ,575 ,878 ,1188 ,1354 ,1573 ,1630 ,1860 ,965 ,365 ,65 ,2
서울특별시 양천구 신월3동(1147058000),14625 ,14625 ,710 ,961 ,1787 ,1943 ,1958 ,2585 ,2671 ,1382 ,580 ,47 ,1 ,7673 ,7673 ,390 ,501 ,953 ,1032 ,1073 ,1423 ,1445 ,634 ,214 ,7 ,1 ,6952 ,6952 ,320 ,460 ,834 ,911 ,885 ,1162 ,1226 ,748 ,366 ,40 ,0
서울특별시 양천구 신월4동(1147059000),17576 ,17576 ,1167 ,1589 ,1971 ,2069 ,2913 ,2775 ,2871 ,1519 ,617 ,79 ,6 ,8545 ,8545 ,575 ,820 ,1056 ,1018 ,1476 ,1315 ,1337 ,707 ,222 ,17 ,2 ,9031 ,9031 ,592 ,769 ,915 ,1051 ,1437 ,1460 ,1534 ,812 ,395 ,62 ,4
서울특별시 양천구 신월5동(1147060000),14214 ,14214 ,766 ,1144 ,1905 ,1980 ,2124 ,2359 ,2262 ,1152 ,463 ,58 ,1 ,7055 ,7055 ,404 ,600 ,964 ,1070 ,1057 ,1138 ,1073 ,561 ,181 ,7 ,0 ,7159 ,7159 ,362 ,544 ,941 ,910 ,1067 ,1221 ,1189 ,591 ,282 ,51 ,1
서울특별시 양천구 신월6동(1147061000),13883 ,13883 ,1406 ,1266 ,1460 ,2269 ,2313 ,2059 ,1879 ,872 ,323 ,33 ,3 ,6787 ,6787 ,736 ,609 ,740 ,1088 ,1195 ,991 ,866 ,430 ,130 ,2 ,0 ,7096 ,7096 ,670 ,657 ,720 ,1181 ,1118 ,1068 ,1013 ,442 ,193 ,31 ,3
서울특별시 양천구 신월7동(1147061100),18837 ,18837 ,805 ,1113 ,2224 ,2491 ,2538 ,3269 ,3474 ,1908 ,902 ,113 ,0 ,9194 ,9194 ,424 ,588 ,1145 ,1342 ,1319 ,1592 ,1604 ,850 ,301 ,29 ,0 ,9643 ,9643 ,381 ,525 ,1079 ,1149 ,1219 ,1677 ,1870 ,1058 ,601 ,84 ,0
서울특별시 양천구 신정1동(1147062000),19836 ,19836 ,1556 ,2885 ,2151 ,1806 ,3801 ,3436 ,2394 ,1185 ,516 ,104 ,2 ,9632 ,9632 ,794 ,1491 ,1095 ,816 ,1743 ,1736 ,1147 ,571 ,216 ,23 ,0 ,10204 ,10204 ,762 ,1394 ,1056 ,990 ,2058 ,1700 ,1247 ,614 ,300 ,81 ,2
서울특별시 양천구 신정2동(1147063000),18831 ,18831 ,1041 ,2929 ,2172 ,1587 ,3505 ,3409 ,2442 ,1169 ,486 ,87 ,4 ,9254 ,9254 ,525 ,1515 ,1128 ,765 ,1588 ,1777 ,1207 ,539 ,186 ,24 ,0 ,9577 ,9577 ,516 ,1414 ,1044 ,822 ,1917 ,1632 ,1235 ,630 ,300 ,63 ,4
서울특별시 양천구 신정3동(1147064000),50164 ,50164 ,3341 ,5514 ,6101 ,6022 ,8128 ,8939 ,6865 ,3581 ,1450 ,213 ,10 ,24272 ,24272 ,1691 ,2830 ,3111 ,2987 ,3878 ,4342 ,3205 ,1608 ,568 ,52 ,0 ,25892 ,25892 ,1650 ,2684 ,2990 ,3035 ,4250 ,4597 ,3660 ,1973 ,882 ,161 ,10
서울특별시 양천구 신정4동(1147065000),32235 ,32235 ,1262 ,2082 ,5084 ,4899 ,4722 ,5271 ,4888 ,2843 ,1059 ,122 ,3 ,15670 ,15670 ,635 ,1085 ,2358 ,2601 ,2385 ,2553 ,2245 ,1311 ,471 ,26 ,0 ,16565 ,16565 ,627 ,997 ,2726 ,2298 ,2337 ,2718 ,2643 ,1532 ,588 ,96 ,3
서울특별시 양천구 신정6동(1147067000),23985 ,23985 ,1798 ,3530 ,2719 ,2507 ,4453 ,4258 ,2917 ,1251 ,451 ,97 ,4 ,11642 ,11642 ,948 ,1809 ,1388 ,1139 ,1992 ,2092 ,1416 ,655 ,171 ,31 ,1 ,12343 ,12343 ,850 ,1721 ,1331 ,1368 ,2461 ,2166 ,1501 ,596 ,280 ,66 ,3
서울특별시 양천구 신정7동(1147068000),28337 ,28337 ,1643 ,3248 ,3069 ,2844 ,4721 ,5021 ,4315 ,2227 ,1076 ,168 ,5 ,13622 ,13622 ,839 ,1675 ,1622 ,1381 ,2233 ,2481 ,2037 ,974 ,347 ,31 ,2 ,14715 ,14715 ,804 ,1573 ,1447 ,1463 ,2488 ,2540 ,2278 ,1253 ,729 ,137 ,3
서울특별시 강서구 (1150000000),567883 ,567883 ,32737 ,42672 ,81574 ,97326 ,87653 ,83115 ,80501 ,42174 ,17403 ,2651 ,77 ,272404 ,272404 ,16660 ,21795 ,37048 ,48739 ,43958 ,40262 ,37073 ,19617 ,6641 ,594 ,17 ,295479 ,295479 ,16077 ,20877 ,44526 ,48587 ,43695 ,42853 ,43428 ,22557 ,10762 ,2057 ,60
서울특별시 강서구 염창동(1150051000),41348 ,41348 ,3549 ,4427 ,5377 ,7209 ,7406 ,6030 ,4501 ,1983 ,767 ,98 ,1 ,19899 ,19899 ,1823 ,2261 ,2459 ,3312 ,3597 ,2998 ,2172 ,946 ,303 ,28 ,0 ,21449 ,21449 ,1726 ,2166 ,2918 ,3897 ,3809 ,3032 ,2329 ,1037 ,464 ,70 ,1
서울특별시 강서구 등촌제1동(1150052000),24811 ,24811 ,1274 ,1181 ,4839 ,6515 ,3391 ,3058 ,2463 ,1183 ,737 ,162 ,8 ,11438 ,11438 ,649 ,646 ,1924 ,3013 ,1729 ,1472 ,1131 ,544 ,276 ,48 ,6 ,13373 ,13373 ,625 ,535 ,2915 ,3502 ,1662 ,1586 ,1332 ,639 ,461 ,114 ,2
서울특별시 강서구 등촌제2동(1150053000),19574 ,19574 ,1022 ,1402 ,2840 ,3289 ,2863 ,3086 ,2978 ,1468 ,530 ,95 ,1 ,9499 ,9499 ,539 ,784 ,1404 ,1643 ,1409 ,1399 ,1384 ,723 ,198 ,16 ,0 ,10075 ,10075 ,483 ,618 ,1436 ,1646 ,1454 ,1687 ,1594 ,745 ,332 ,79 ,1
서울특별시 강서구 등촌제3동(1150053500),29611 ,29611 ,1468 ,1685 ,3404 ,4582 ,3661 ,4582 ,5585 ,2794 ,1529 ,314 ,7 ,14011 ,14011 ,764 ,871 ,1701 ,2336 ,1797 ,2076 ,2595 ,1301 ,488 ,81 ,1 ,15600 ,15600 ,704 ,814 ,1703 ,2246 ,1864 ,2506 ,2990 ,1493 ,1041 ,233 ,6
서울특별시 강서구 화곡제1동(1150054000),51765 ,51765 ,2187 ,2266 ,9348 ,10683 ,7361 ,7141 ,7172 ,4000 ,1414 ,189 ,4 ,25160 ,25160 ,1098 ,1146 ,4125 ,5713 ,3903 ,3419 ,3229 ,1893 ,585 ,48 ,1 ,26605 ,26605 ,1089 ,1120 ,5223 ,4970 ,3458 ,3722 ,3943 ,2107 ,829 ,141 ,3
서울특별시 강서구 화곡제2동(1150055000),17417 ,17417 ,889 ,1297 ,2479 ,2694 ,2849 ,2773 ,2525 ,1382 ,473 ,55 ,1 ,8406 ,8406 ,437 ,647 ,1216 ,1433 ,1425 ,1322 ,1095 ,619 ,204 ,8 ,0 ,9011 ,9011 ,452 ,650 ,1263 ,1261 ,1424 ,1451 ,1430 ,763 ,269 ,47 ,1
서울특별시 강서구 화곡제3동(1150056000),21301 ,21301 ,1027 ,1595 ,3060 ,3209 ,3083 ,3174 ,3421 ,1951 ,682 ,96 ,3 ,10148 ,10148 ,537 ,832 ,1382 ,1582 ,1476 ,1506 ,1609 ,930 ,272 ,22 ,0 ,11153 ,11153 ,490 ,763 ,1678 ,1627 ,1607 ,1668 ,1812 ,1021 ,410 ,74 ,3
서울특별시 강서구 화곡제4동(1150057000),19987 ,19987 ,878 ,1262 ,2589 ,3039 ,3136 ,3243 ,3252 ,1805 ,689 ,94 ,0 ,9802 ,9802 ,457 ,664 ,1313 ,1597 ,1652 ,1547 ,1457 ,821 ,269 ,25 ,0 ,10185 ,10185 ,421 ,598 ,1276 ,1442 ,1484 ,1696 ,1795 ,984 ,420 ,69 ,0
서울특별시 강서구 화곡본동(1150059000),33507 ,33507 ,1608 ,2240 ,5742 ,6219 ,5231 ,4742 ,4490 ,2276 ,837 ,113 ,9 ,16215 ,16215 ,830 ,1184 ,2616 ,3272 ,2683 ,2277 ,1983 ,1029 ,318 ,23 ,0 ,17292 ,17292 ,778 ,1056 ,3126 ,2947 ,2548 ,2465 ,2507 ,1247 ,519 ,90 ,9
서울특별시 강서구 화곡제6동(1150059100),24992 ,24992 ,1042 ,1491 ,4411 ,4517 ,3468 ,3733 ,3757 ,1786 ,683 ,101 ,3 ,11955 ,11955 ,517 ,816 ,1945 ,2230 ,1785 ,1777 ,1733 ,860 ,274 ,18 ,0 ,13037 ,13037 ,525 ,675 ,2466 ,2287 ,1683 ,1956 ,2024 ,926 ,409 ,83 ,3
서울특별시 강서구 화곡제8동(1150059300),23878 ,23878 ,989 ,1449 ,3748 ,3885 ,3656 ,3587 ,3563 ,2155 ,765 ,78 ,3 ,11511 ,11511 ,512 ,736 ,1803 ,2047 ,1898 ,1665 ,1514 ,1000 ,321 ,14 ,1 ,12367 ,12367 ,477 ,713 ,1945 ,1838 ,1758 ,1922 ,2049 ,1155 ,444 ,64 ,2
서울특별시 강서구 가양제1동(1150060300),34094 ,34094 ,1423 ,1749 ,7878 ,8921 ,4532 ,4113 ,3565 ,1267 ,562 ,79 ,5 ,15424 ,15424 ,744 ,894 ,2633 ,4263 ,2304 ,2003 ,1712 ,634 ,220 ,15 ,2 ,18670 ,18670 ,679 ,855 ,5245 ,4658 ,2228 ,2110 ,1853 ,633 ,342 ,64 ,3
서울특별시 강서구 가양제2동(1150060400),13673 ,13673 ,451 ,409 ,1356 ,2250 ,1390 ,1714 ,3280 ,1803 ,878 ,139 ,3 ,6440 ,6440 ,239 ,221 ,615 ,1102 ,700 ,820 ,1588 ,835 ,294 ,25 ,1 ,7233 ,7233 ,212 ,188 ,741 ,1148 ,690 ,894 ,1692 ,968 ,584 ,114 ,2
서울특별시 강서구 가양제3동(1150060500),14455 ,14455 ,659 ,427 ,1359 ,2966 ,1781 ,1956 ,2725 ,1709 ,764 ,105 ,4 ,6694 ,6694 ,338 ,215 ,628 ,1460 ,947 ,949 ,1190 ,703 ,241 ,22 ,1 ,7761 ,7761 ,321 ,212 ,731 ,1506 ,834 ,1007 ,1535 ,1006 ,523 ,83 ,3
서울특별시 강서구 발산제1동(1150061100),35922 ,35922 ,2502 ,4929 ,4312 ,3806 ,6602 ,5985 ,4338 ,2339 ,959 ,146 ,4 ,16897 ,16897 ,1258 ,2426 ,2089 ,1801 ,3085 ,2876 ,1924 ,1033 ,381 ,24 ,0 ,19025 ,19025 ,1244 ,2503 ,2223 ,2005 ,3517 ,3109 ,2414 ,1306 ,578 ,122 ,4
서울특별시 강서구 우장산동(1150061500),43687 ,43687 ,3222 ,5563 ,5177 ,5185 ,8293 ,7017 ,5230 ,2903 ,963 ,128 ,6 ,20883 ,20883 ,1579 ,2730 ,2420 ,2533 ,3836 ,3507 ,2435 ,1378 ,434 ,30 ,1 ,22804 ,22804 ,1643 ,2833 ,2757 ,2652 ,4457 ,3510 ,2795 ,1525 ,529 ,98 ,5
서울특별시 강서구 공항동(1150062000),30154 ,30154 ,3084 ,2233 ,3822 ,5148 ,5231 ,4067 ,3790 ,1842 ,814 ,122 ,1 ,15269 ,15269 ,1587 ,1132 ,1962 ,2681 ,2803 ,2042 ,1843 ,853 ,337 ,29 ,0 ,14885 ,14885 ,1497 ,1101 ,1860 ,2467 ,2428 ,2025 ,1947 ,989 ,477 ,93 ,1
서울특별시 강서구 방화제1동(1150063000),42484 ,42484 ,3313 ,4337 ,4626 ,5951 ,7372 ,6402 ,6037 ,3054 ,1196 ,189 ,7 ,20688 ,20688 ,1638 ,2169 ,2266 ,2906 ,3672 ,3216 ,2824 ,1489 ,455 ,52 ,1 ,21796 ,21796 ,1675 ,2168 ,2360 ,3045 ,3700 ,3186 ,3213 ,1565 ,741 ,137 ,6
서울특별시 강서구 방화제2동(1150064000),22929 ,22929 ,1039 ,1330 ,3157 ,3770 ,3101 ,3411 ,3827 ,2107 ,1039 ,145 ,3 ,11331 ,11331 ,553 ,700 ,1512 ,2019 ,1615 ,1766 ,1807 ,952 ,377 ,29 ,1 ,11598 ,11598 ,486 ,630 ,1645 ,1751 ,1486 ,1645 ,2020 ,1155 ,662 ,116 ,2
서울특별시 강서구 방화제3동(1150064100),22294 ,22294 ,1111 ,1400 ,2050 ,3488 ,3246 ,3301 ,4002 ,2367 ,1122 ,203 ,4 ,10734 ,10734 ,561 ,721 ,1035 ,1796 ,1642 ,1625 ,1848 ,1074 ,394 ,37 ,1 ,11560 ,11560 ,550 ,679 ,1015 ,1692 ,1604 ,1676 ,2154 ,1293 ,728 ,166 ,3
서울특별시 구로구 (1153000000),395099 ,395099 ,23627 ,28583 ,52330 ,61471 ,59604 ,61641 ,58668 ,33452 ,14024 ,1648 ,51 ,193938 ,193938 ,12163 ,14543 ,25268 ,31419 ,30422 ,30526 ,27734 ,15639 ,5800 ,417 ,7 ,201161 ,201161 ,11464 ,14040 ,27062 ,30052 ,29182 ,31115 ,30934 ,17813 ,8224 ,1231 ,44
서울특별시 구로구 신도림동(1153051000),35749 ,35749 ,3086 ,3547 ,4173 ,5775 ,6517 ,5221 ,4280 ,2225 ,818 ,104 ,3 ,17248 ,17248 ,1601 ,1757 ,1943 ,2708 ,3154 ,2551 ,2063 ,1098 ,350 ,22 ,1 ,18501 ,18501 ,1485 ,1790 ,2230 ,3067 ,3363 ,2670 ,2217 ,1127 ,468 ,82 ,2
서울특별시 구로구 구로제1동(1153052000),20585 ,20585 ,1643 ,1896 ,2465 ,3559 ,3607 ,2963 ,2820 ,1139 ,421 ,71 ,1 ,10052 ,10052 ,837 ,996 ,1172 ,1781 ,1780 ,1442 ,1288 ,572 ,162 ,22 ,0 ,10533 ,10533 ,806 ,900 ,1293 ,1778 ,1827 ,1521 ,1532 ,567 ,259 ,49 ,1
서울특별시 구로구 구로제2동(1153053000),22916 ,22916 ,683 ,1242 ,2973 ,2738 ,2905 ,4311 ,4141 ,2577 ,1228 ,112 ,6 ,11512 ,11512 ,337 ,646 ,1504 ,1528 ,1551 ,2245 ,2022 ,1126 ,527 ,25 ,1 ,11404 ,11404 ,346 ,596 ,1469 ,1210 ,1354 ,2066 ,2119 ,1451 ,701 ,87 ,5
서울특별시 구로구 구로제3동(1153054000),23397 ,23397 ,995 ,1318 ,4432 ,4726 ,3783 ,3102 ,2625 ,1624 ,717 ,74 ,1 ,12074 ,12074 ,518 ,668 ,2197 ,2670 ,2071 ,1656 ,1240 ,733 ,296 ,25 ,0 ,11323 ,11323 ,477 ,650 ,2235 ,2056 ,1712 ,1446 ,1385 ,891 ,421 ,49 ,1
서울특별시 구로구 구로제4동(1153055000),19080 ,19080 ,624 ,950 ,2643 ,2774 ,2514 ,3214 ,3139 ,2093 ,1042 ,87 ,0 ,9206 ,9206 ,340 ,475 ,1245 ,1451 ,1304 ,1600 ,1413 ,949 ,409 ,20 ,0 ,9874 ,9874 ,284 ,475 ,1398 ,1323 ,1210 ,1614 ,1726 ,1144 ,633 ,67 ,0
서울특별시 구로구 구로제5동(1153056000),29360 ,29360 ,1551 ,1449 ,5077 ,5652 ,4006 ,4397 ,3964 ,2229 ,905 ,129 ,1 ,14213 ,14213 ,816 ,708 ,2152 ,2862 ,2082 ,2205 ,1939 ,1024 ,388 ,37 ,0 ,15147 ,15147 ,735 ,741 ,2925 ,2790 ,1924 ,2192 ,2025 ,1205 ,517 ,92 ,1
서울특별시 구로구 가리봉동(1153059500),8961 ,8961 ,190 ,239 ,1683 ,1412 ,930 ,1609 ,1621 ,855 ,367 ,51 ,4 ,4912 ,4912 ,100 ,133 ,864 ,895 ,540 ,929 ,899 ,407 ,134 ,10 ,1 ,4049 ,4049 ,90 ,106 ,819 ,517 ,390 ,680 ,722 ,448 ,233 ,41 ,3
서울특별시 구로구 고척제1동(1153072000),25962 ,25962 ,1639 ,1876 ,3413 ,4815 ,3613 ,3960 ,3740 ,2019 ,779 ,107 ,1 ,12963 ,12963 ,859 ,953 ,1713 ,2495 ,1876 ,1958 ,1796 ,966 ,324 ,23 ,0 ,12999 ,12999 ,780 ,923 ,1700 ,2320 ,1737 ,2002 ,1944 ,1053 ,455 ,84 ,1
서울특별시 구로구 고척제2동(1153073000),26029 ,26029 ,1351 ,2103 ,3198 ,3008 ,3776 ,4683 ,4207 ,2447 ,1127 ,124 ,5 ,12855 ,12855 ,698 ,1089 ,1618 ,1561 ,1860 ,2329 ,2085 ,1114 ,469 ,30 ,2 ,13174 ,13174 ,653 ,1014 ,1580 ,1447 ,1916 ,2354 ,2122 ,1333 ,658 ,94 ,3
서울특별시 구로구 개봉제1동(1153074000),33373 ,33373 ,2034 ,2176 ,4080 ,5085 ,4675 ,5506 ,5409 ,3013 ,1248 ,141 ,6 ,16580 ,16580 ,1020 ,1130 ,2088 ,2601 ,2408 ,2726 ,2620 ,1424 ,530 ,33 ,0 ,16793 ,16793 ,1014 ,1046 ,1992 ,2484 ,2267 ,2780 ,2789 ,1589 ,718 ,108 ,6
서울특별시 구로구 개봉제2동(1153075000),30131 ,30131 ,1726 ,2097 ,3446 ,3958 ,4529 ,4735 ,5212 ,3113 ,1177 ,133 ,5 ,14644 ,14644 ,882 ,1065 ,1698 ,1994 ,2319 ,2267 ,2372 ,1482 ,528 ,36 ,1 ,15487 ,15487 ,844 ,1032 ,1748 ,1964 ,2210 ,2468 ,2840 ,1631 ,649 ,97 ,4
서울특별시 구로구 개봉제3동(1153076000),19855 ,19855 ,938 ,1327 ,2292 ,2524 ,2952 ,3406 ,3576 ,1961 ,791 ,87 ,1 ,9631 ,9631 ,465 ,665 ,1196 ,1313 ,1512 ,1620 ,1599 ,923 ,314 ,24 ,0 ,10224 ,10224 ,473 ,662 ,1096 ,1211 ,1440 ,1786 ,1977 ,1038 ,477 ,63 ,1
서울특별시 구로구 오류제1동(1153077000),22633 ,22633 ,1006 ,1136 ,4082 ,4543 ,2995 ,3024 ,3049 ,1836 ,859 ,100 ,3 ,10792 ,10792 ,510 ,550 ,1664 ,2308 ,1530 ,1524 ,1460 ,877 ,348 ,21 ,0 ,11841 ,11841 ,496 ,586 ,2418 ,2235 ,1465 ,1500 ,1589 ,959 ,511 ,79 ,3
서울특별시 구로구 오류제2동(1153078000),37745 ,37745 ,2365 ,3981 ,4247 ,4715 ,6107 ,5905 ,5364 ,3421 ,1443 ,191 ,6 ,18037 ,18037 ,1212 ,2015 ,2104 ,2295 ,2997 ,2819 ,2408 ,1545 ,587 ,55 ,0 ,19708 ,19708 ,1153 ,1966 ,2143 ,2420 ,3110 ,3086 ,2956 ,1876 ,856 ,136 ,6
서울특별시 구로구 수궁동(1153079000),22915 ,22915 ,1217 ,1833 ,2727 ,3002 ,3465 ,3795 ,3826 ,2101 ,848 ,97 ,4 ,11241 ,11241 ,630 ,995 ,1428 ,1515 ,1737 ,1798 ,1791 ,983 ,337 ,26 ,1 ,11674 ,11674 ,587 ,838 ,1299 ,1487 ,1728 ,1997 ,2035 ,1118 ,511 ,71 ,3
서울특별시 구로구 항동(1153080000),16408 ,16408 ,2579 ,1413 ,1399 ,3185 ,3230 ,1810 ,1695 ,799 ,254 ,40 ,4 ,7978 ,7978 ,1338 ,698 ,682 ,1442 ,1701 ,857 ,739 ,416 ,97 ,8 ,0 ,8430 ,8430 ,1241 ,715 ,717 ,1743 ,1529 ,953 ,956 ,383 ,157 ,32 ,4
서울특별시 금천구 (1154500000),229328 ,229328 ,10411 ,13260 ,36029 ,37724 ,30243 ,37936 ,36049 ,18628 ,8065 ,952 ,31 ,115578 ,115578 ,5358 ,6687 ,17519 ,20782 ,16142 ,19037 ,17788 ,8689 ,3309 ,260 ,7 ,113750 ,113750 ,5053 ,6573 ,18510 ,16942 ,14101 ,18899 ,18261 ,9939 ,4756 ,692 ,24
서울특별시 금천구 가산동(1154551000),24472 ,24472 ,606 ,633 ,6979 ,6390 ,2768 ,2739 ,2597 ,1225 ,483 ,50 ,2 ,13179 ,13179 ,315 ,307 ,3165 ,3848 ,1696 ,1596 ,1416 ,604 ,219 ,13 ,0 ,11293 ,11293 ,291 ,326 ,3814 ,2542 ,1072 ,1143 ,1181 ,621 ,264 ,37 ,2
서울특별시 금천구 독산제1동(1154561000),46237 ,46237 ,3047 ,2354 ,8239 ,10049 ,6655 ,6385 ,5510 ,2675 ,1192 ,127 ,4 ,23615 ,23615 ,1560 ,1192 ,3863 ,5495 ,3695 ,3249 ,2783 ,1229 ,520 ,28 ,1 ,22622 ,22622 ,1487 ,1162 ,4376 ,4554 ,2960 ,3136 ,2727 ,1446 ,672 ,99 ,3
서울특별시 금천구 독산제2동(1154562000),18060 ,18060 ,701 ,1046 ,2505 ,2542 ,2223 ,3457 ,3286 ,1598 ,627 ,71 ,4 ,9109 ,9109 ,366 ,568 ,1246 ,1394 ,1169 ,1717 ,1604 ,762 ,252 ,31 ,0 ,8951 ,8951 ,335 ,478 ,1259 ,1148 ,1054 ,1740 ,1682 ,836 ,375 ,40 ,4
서울특별시 금천구 독산제3동(1154563000),23935 ,23935 ,808 ,1140 ,3782 ,3730 ,2896 ,4311 ,4241 ,2031 ,872 ,121 ,3 ,11992 ,11992 ,410 ,569 ,1825 ,2103 ,1549 ,2096 ,2062 ,974 ,369 ,34 ,1 ,11943 ,11943 ,398 ,571 ,1957 ,1627 ,1347 ,2215 ,2179 ,1057 ,503 ,87 ,2
서울특별시 금천구 독산제4동(1154564000),14829 ,14829 ,527 ,829 ,2038 ,2065 ,1803 ,2959 ,2659 ,1387 ,500 ,61 ,1 ,7452 ,7452 ,288 ,386 ,1045 ,1112 ,930 ,1492 ,1320 ,652 ,211 ,16 ,0 ,7377 ,7377 ,239 ,443 ,993 ,953 ,873 ,1467 ,1339 ,735 ,289 ,45 ,1
서울특별시 금천구 시흥제1동(1154567000),32326 ,32326 ,1478 ,2031 ,4459 ,4780 ,4481 ,5575 ,5246 ,2858 ,1247 ,164 ,7 ,16080 ,16080 ,770 ,1073 ,2222 ,2511 ,2351 ,2775 ,2526 ,1305 ,492 ,51 ,4 ,16246 ,16246 ,708 ,958 ,2237 ,2269 ,2130 ,2800 ,2720 ,1553 ,755 ,113 ,3
서울특별시 금천구 시흥제2동(1154568000),20634 ,20634 ,1213 ,2008 ,2149 ,2213 ,3095 ,3631 ,3530 ,1826 ,855 ,109 ,5 ,9866 ,9866 ,624 ,956 ,1090 ,1101 ,1491 ,1711 ,1680 ,851 ,337 ,24 ,1 ,10768 ,10768 ,589 ,1052 ,1059 ,1112 ,1604 ,1920 ,1850 ,975 ,518 ,85 ,4
서울특별시 금천구 시흥제3동(1154569000),10435 ,10435 ,437 ,632 ,1226 ,1355 ,1335 ,1851 ,1986 ,1078 ,491 ,43 ,1 ,5169 ,5169 ,210 ,319 ,645 ,731 ,699 ,897 ,922 ,547 ,191 ,8 ,0 ,5266 ,5266 ,227 ,313 ,581 ,624 ,636 ,954 ,1064 ,531 ,300 ,35 ,1
서울특별시 금천구 시흥제4동(1154570000),19833 ,19833 ,840 ,1335 ,2425 ,2452 ,2574 ,3654 ,3711 ,1966 ,787 ,87 ,2 ,9807 ,9807 ,411 ,680 ,1237 ,1304 ,1289 ,1767 ,1829 ,936 ,330 ,24 ,0 ,10026 ,10026 ,429 ,655 ,1188 ,1148 ,1285 ,1887 ,1882 ,1030 ,457 ,63 ,2
서울특별시 금천구 시흥제5동(1154571000),18567 ,18567 ,754 ,1252 ,2227 ,2148 ,2413 ,3374 ,3283 ,1984 ,1011 ,119 ,2 ,9309 ,9309 ,404 ,637 ,1181 ,1183 ,1273 ,1737 ,1646 ,829 ,388 ,31 ,0 ,9258 ,9258 ,350 ,615 ,1046 ,965 ,1140 ,1637 ,1637 ,1155 ,623 ,88 ,2
서울특별시 영등포구 (1156000000),376423 ,376423 ,23030 ,23494 ,57872 ,70187 ,54752 ,55363 ,49067 ,27591 ,13327 ,1691 ,49 ,184827 ,184827 ,11804 ,12149 ,26354 ,35535 ,28175 ,28118 ,23986 ,12699 ,5489 ,505 ,13 ,191596 ,191596 ,11226 ,11345 ,31518 ,34652 ,26577 ,27245 ,25081 ,14892 ,7838 ,1186 ,36
서울특별시 영등포구 영등포본동(1156051500),20922 ,20922 ,1216 ,1135 ,2782 ,3208 ,2857 ,3545 ,3391 ,1845 ,841 ,98 ,4 ,10740 ,10740 ,608 ,587 ,1472 ,1730 ,1490 ,1850 ,1763 ,865 ,347 ,28 ,0 ,10182 ,10182 ,608 ,548 ,1310 ,1478 ,1367 ,1695 ,1628 ,980 ,494 ,70 ,4
서울특별시 영등포구 영등포동(1156053500),30293 ,30293 ,1132 ,840 ,7953 ,8328 ,3580 ,3353 ,2962 ,1427 ,615 ,102 ,1 ,15552 ,15552 ,561 ,419 ,3186 ,4451 ,2026 ,2063 ,1777 ,759 ,276 ,34 ,0 ,14741 ,14741 ,571 ,421 ,4767 ,3877 ,1554 ,1290 ,1185 ,668 ,339 ,68 ,1
서울특별시 영등포구 여의동(1156054000),32500 ,32500 ,2359 ,2963 ,3487 ,4575 ,5222 ,5141 ,4276 ,2652 ,1571 ,248 ,6 ,15258 ,15258 ,1207 ,1493 ,1597 ,2048 ,2448 ,2462 ,2010 ,1225 ,672 ,93 ,3 ,17242 ,17242 ,1152 ,1470 ,1890 ,2527 ,2774 ,2679 ,2266 ,1427 ,899 ,155 ,3
서울특별시 영등포구 당산제1동(1156055000),20826 ,20826 ,993 ,926 ,3680 ,4646 ,2756 ,2870 ,2682 ,1466 ,713 ,92 ,2 ,10110 ,10110 ,509 ,477 ,1595 ,2340 ,1434 ,1471 ,1282 ,670 ,307 ,25 ,0 ,10716 ,10716 ,484 ,449 ,2085 ,2306 ,1322 ,1399 ,1400 ,796 ,406 ,67 ,2
서울특별시 영등포구 당산제2동(1156056000),36745 ,36745 ,2448 ,2347 ,6885 ,8148 ,5202 ,4642 ,3843 ,2095 ,994 ,136 ,5 ,17165 ,17165 ,1284 ,1168 ,2727 ,3865 ,2564 ,2242 ,1861 ,1003 ,404 ,44 ,3 ,19580 ,19580 ,1164 ,1179 ,4158 ,4283 ,2638 ,2400 ,1982 ,1092 ,590 ,92 ,2
서울특별시 영등포구 도림동(1156058500),17726 ,17726 ,853 ,847 ,2627 ,3220 ,2500 ,2892 ,2514 ,1458 ,727 ,86 ,2 ,8937 ,8937 ,432 ,466 ,1241 ,1660 ,1355 ,1530 ,1279 ,678 ,274 ,22 ,0 ,8789 ,8789 ,421 ,381 ,1386 ,1560 ,1145 ,1362 ,1235 ,780 ,453 ,64 ,2
서울특별시 영등포구 문래동(1156060500),32202 ,32202 ,2977 ,2997 ,3492 ,5641 ,5972 ,4437 ,3465 ,2103 ,989 ,124 ,5 ,15706 ,15706 ,1540 ,1538 ,1670 ,2675 ,2997 ,2221 ,1620 ,986 ,419 ,37 ,3 ,16496 ,16496 ,1437 ,1459 ,1822 ,2966 ,2975 ,2216 ,1845 ,1117 ,570 ,87 ,2
서울특별시 영등포구 양평제1동(1156061000),18299 ,18299 ,1233 ,1013 ,2994 ,4544 ,2997 ,2137 ,1717 ,1071 ,531 ,61 ,1 ,8858 ,8858 ,651 ,512 ,1236 ,2291 ,1571 ,1103 ,793 ,464 ,220 ,16 ,1 ,9441 ,9441 ,582 ,501 ,1758 ,2253 ,1426 ,1034 ,924 ,607 ,311 ,45 ,0
서울특별시 영등포구 양평제2동(1156062000),22451 ,22451 ,1513 ,1426 ,3660 ,5461 ,3315 ,3012 ,2327 ,1132 ,524 ,79 ,2 ,10910 ,10910 ,744 ,757 ,1594 ,2711 ,1651 ,1568 ,1147 ,517 ,197 ,24 ,0 ,11541 ,11541 ,769 ,669 ,2066 ,2750 ,1664 ,1444 ,1180 ,615 ,327 ,55 ,2
서울특별시 영등포구 신길제1동(1156063000),19426 ,19426 ,738 ,905 ,3707 ,3580 ,2540 ,2885 ,2612 ,1537 ,819 ,100 ,3 ,9817 ,9817 ,354 ,479 ,1744 ,2000 ,1408 ,1535 ,1263 ,674 ,324 ,36 ,0 ,9609 ,9609 ,384 ,426 ,1963 ,1580 ,1132 ,1350 ,1349 ,863 ,495 ,64 ,3
서울특별시 영등포구 신길제3동(1156065000),16272 ,16272 ,1046 ,1048 ,1987 ,2467 ,2357 ,2692 ,2567 ,1374 ,667 ,61 ,6 ,8019 ,8019 ,528 ,536 ,1011 ,1258 ,1235 ,1338 ,1214 ,624 ,260 ,15 ,0 ,8253 ,8253 ,518 ,512 ,976 ,1209 ,1122 ,1354 ,1353 ,750 ,407 ,46 ,6
서울특별시 영등포구 신길제4동(1156066000),12334 ,12334 ,793 ,825 ,1448 ,1832 ,1848 ,2019 ,2006 ,1025 ,488 ,49 ,1 ,6110 ,6110 ,408 ,437 ,727 ,961 ,961 ,999 ,956 ,463 ,184 ,13 ,1 ,6224 ,6224 ,385 ,388 ,721 ,871 ,887 ,1020 ,1050 ,562 ,304 ,36 ,0
서울특별시 영등포구 신길제5동(1156067000),10172 ,10172 ,694 ,738 ,1128 ,1385 ,1541 ,1659 ,1689 ,908 ,384 ,46 ,0 ,4929 ,4929 ,354 ,365 ,536 ,704 ,798 ,823 ,775 ,425 ,143 ,6 ,0 ,5243 ,5243 ,340 ,373 ,592 ,681 ,743 ,836 ,914 ,483 ,241 ,40 ,0
서울특별시 영등포구 신길제6동(1156068000),18635 ,18635 ,1015 ,1144 ,2944 ,3083 ,2550 ,2868 ,2752 ,1502 ,690 ,86 ,1 ,9091 ,9091 ,551 ,614 ,1382 ,1540 ,1326 ,1405 ,1286 ,699 ,264 ,24 ,0 ,9544 ,9544 ,464 ,530 ,1562 ,1543 ,1224 ,1463 ,1466 ,803 ,426 ,62 ,1
서울특별시 영등포구 신길제7동(1156069000),19808 ,19808 ,1943 ,1775 ,2457 ,3264 ,3368 ,2972 ,2280 ,1157 ,521 ,70 ,1 ,9880 ,9880 ,1014 ,953 ,1258 ,1619 ,1689 ,1445 ,1123 ,532 ,222 ,25 ,0 ,9928 ,9928 ,929 ,822 ,1199 ,1645 ,1679 ,1527 ,1157 ,625 ,299 ,45 ,1
서울특별시 영등포구 대림제1동(1156070000),14030 ,14030 ,725 ,772 ,1898 ,1863 ,1899 ,2389 ,2268 ,1431 ,698 ,86 ,1 ,6984 ,6984 ,392 ,432 ,952 ,1012 ,1011 ,1170 ,1067 ,619 ,310 ,18 ,1 ,7046 ,7046 ,333 ,340 ,946 ,851 ,888 ,1219 ,1201 ,812 ,388 ,68 ,0
서울특별시 영등포구 대림제2동(1156071000),11922 ,11922 ,374 ,521 ,1872 ,1833 ,1460 ,1944 ,1885 ,1353 ,615 ,62 ,3 ,5847 ,5847 ,190 ,256 ,917 ,995 ,791 ,972 ,875 ,561 ,277 ,13 ,0 ,6075 ,6075 ,184 ,265 ,955 ,838 ,669 ,972 ,1010 ,792 ,338 ,49 ,3
서울특별시 영등포구 대림제3동(1156072000),21860 ,21860 ,978 ,1272 ,2871 ,3109 ,2788 ,3906 ,3831 ,2055 ,940 ,105 ,5 ,10914 ,10914 ,477 ,660 ,1509 ,1675 ,1420 ,1921 ,1895 ,935 ,389 ,32 ,1 ,10946 ,10946 ,501 ,612 ,1362 ,1434 ,1368 ,1985 ,1936 ,1120 ,551 ,73 ,4
서울특별시 동작구 (1159000000),380385 ,380385 ,20915 ,26670 ,64202 ,59727 ,55555 ,57055 ,50513 ,29949 ,13902 ,1838 ,59 ,184072 ,184072 ,10685 ,13622 ,31074 ,30305 ,27836 ,27692 ,23362 ,13124 ,5859 ,499 ,14 ,196313 ,196313 ,10230 ,13048 ,33128 ,29422 ,27719 ,29363 ,27151 ,16825 ,8043 ,1339 ,45
서울특별시 동작구 노량진제1동(1159051000),31878 ,31878 ,1606 ,1859 ,5681 ,5532 ,4147 ,4600 ,4435 ,2509 ,1325 ,178 ,6 ,16132 ,16132 ,803 ,961 ,3057 ,3102 ,2198 ,2289 ,2057 ,1109 ,511 ,43 ,2 ,15746 ,15746 ,803 ,898 ,2624 ,2430 ,1949 ,2311 ,2378 ,1400 ,814 ,135 ,4
서울특별시 동작구 노량진제2동(1159052000),10523 ,10523 ,221 ,382 ,2050 ,1886 ,1208 ,1567 ,1707 ,977 ,452 ,72 ,1 ,5485 ,5485 ,109 ,189 ,1066 ,1130 ,695 ,826 ,817 ,432 ,202 ,19 ,0 ,5038 ,5038 ,112 ,193 ,984 ,756 ,513 ,741 ,890 ,545 ,250 ,53 ,1
서울특별시 동작구 상도제1동(1159053000),44373 ,44373 ,2213 ,3333 ,10130 ,5852 ,5910 ,6431 ,5504 ,3249 ,1527 ,210 ,14 ,21551 ,21551 ,1120 ,1649 ,5297 ,2952 ,2851 ,3073 ,2517 ,1408 ,628 ,54 ,2 ,22822 ,22822 ,1093 ,1684 ,4833 ,2900 ,3059 ,3358 ,2987 ,1841 ,899 ,156 ,12
서울특별시 동작구 상도제2동(1159054000),27668 ,27668 ,2238 ,2009 ,4075 ,4429 ,4569 ,4066 ,3339 ,1888 ,913 ,137 ,5 ,13269 ,13269 ,1148 ,1052 ,1905 ,2109 ,2281 ,1954 ,1536 ,862 ,379 ,41 ,2 ,14399 ,14399 ,1090 ,957 ,2170 ,2320 ,2288 ,2112 ,1803 ,1026 ,534 ,96 ,3
서울특별시 동작구 상도제3동(1159055000),24156 ,24156 ,940 ,1451 ,4183 ,3890 ,3288 ,3770 ,3449 ,2083 ,1004 ,94 ,4 ,11483 ,11483 ,473 ,749 ,1895 ,2000 ,1644 ,1808 ,1567 ,923 ,399 ,25 ,0 ,12673 ,12673 ,467 ,702 ,2288 ,1890 ,1644 ,1962 ,1882 ,1160 ,605 ,69 ,4
서울특별시 동작구 상도제4동(1159056000),28103 ,28103 ,1284 ,1802 ,4315 ,4615 ,4018 ,4393 ,4055 ,2400 ,1089 ,131 ,1 ,13669 ,13669 ,676 ,950 ,2091 ,2378 ,2086 ,2077 ,1928 ,1008 ,439 ,36 ,0 ,14434 ,14434 ,608 ,852 ,2224 ,2237 ,1932 ,2316 ,2127 ,1392 ,650 ,95 ,1
서울특별시 동작구 흑석동(1159060500),29211 ,29211 ,2235 ,2239 ,4367 ,3941 ,4516 ,4744 ,3709 ,2109 ,1158 ,190 ,3 ,14264 ,14264 ,1130 ,1142 ,2254 ,1937 ,2280 ,2307 ,1762 ,935 ,464 ,52 ,1 ,14947 ,14947 ,1105 ,1097 ,2113 ,2004 ,2236 ,2437 ,1947 ,1174 ,694 ,138 ,2
서울특별시 동작구 사당제1동(1159062000),22523 ,22523 ,619 ,843 ,5073 ,4768 ,2854 ,2836 ,2964 ,1821 ,673 ,70 ,2 ,10840 ,10840 ,308 ,463 ,2283 ,2507 ,1491 ,1333 ,1302 ,811 ,325 ,17 ,0 ,11683 ,11683 ,311 ,380 ,2790 ,2261 ,1363 ,1503 ,1662 ,1010 ,348 ,53 ,2
서울특별시 동작구 사당제2동(1159063000),28348 ,28348 ,1791 ,1822 ,3540 ,4467 ,4224 ,4466 ,4148 ,2600 ,1134 ,153 ,3 ,13579 ,13579 ,923 ,1024 ,1683 ,2169 ,2090 ,2143 ,1851 ,1140 ,510 ,46 ,0 ,14769 ,14769 ,868 ,798 ,1857 ,2298 ,2134 ,2323 ,2297 ,1460 ,624 ,107 ,3
서울특별시 동작구 사당제3동(1159064000),23913 ,23913 ,1806 ,1602 ,3028 ,3649 ,3743 ,3477 ,3506 ,2153 ,861 ,85 ,3 ,11566 ,11566 ,914 ,822 ,1432 ,1748 ,1895 ,1691 ,1657 ,965 ,414 ,26 ,2 ,12347 ,12347 ,892 ,780 ,1596 ,1901 ,1848 ,1786 ,1849 ,1188 ,447 ,59 ,1
서울특별시 동작구 사당제4동(1159065000),13924 ,13924 ,576 ,657 ,2387 ,2387 ,1966 ,1991 ,2069 ,1281 ,534 ,72 ,4 ,6626 ,6626 ,297 ,350 ,1046 ,1241 ,1019 ,937 ,930 ,551 ,237 ,18 ,0 ,7298 ,7298 ,279 ,307 ,1341 ,1146 ,947 ,1054 ,1139 ,730 ,297 ,54 ,4
서울특별시 동작구 사당제5동(1159065100),14276 ,14276 ,887 ,911 ,2082 ,2498 ,2223 ,2135 ,1904 ,1098 ,469 ,65 ,4 ,6826 ,6826 ,451 ,472 ,961 ,1223 ,1136 ,1025 ,869 ,479 ,193 ,16 ,1 ,7450 ,7450 ,436 ,439 ,1121 ,1275 ,1087 ,1110 ,1035 ,619 ,276 ,49 ,3
서울특별시 동작구 대방동(1159066000),35941 ,35941 ,1713 ,3680 ,6143 ,4894 ,5759 ,5699 ,4151 ,2502 ,1204 ,190 ,6 ,16972 ,16972 ,907 ,1772 ,2816 ,2393 ,2732 ,2844 ,1922 ,1050 ,475 ,59 ,2 ,18969 ,18969 ,806 ,1908 ,3327 ,2501 ,3027 ,2855 ,2229 ,1452 ,729 ,131 ,4
서울특별시 동작구 신대방제1동(1159067000),23373 ,23373 ,1320 ,2267 ,3456 ,3083 ,3673 ,3809 ,3120 ,1726 ,808 ,110 ,1 ,11209 ,11209 ,690 ,1086 ,1622 ,1554 ,1733 ,1895 ,1478 ,770 ,348 ,32 ,1 ,12164 ,12164 ,630 ,1181 ,1834 ,1529 ,1940 ,1914 ,1642 ,956 ,460 ,78 ,0
서울특별시 동작구 신대방제2동(1159068000),22175 ,22175 ,1466 ,1813 ,3692 ,3836 ,3457 ,3071 ,2453 ,1553 ,751 ,81 ,2 ,10601 ,10601 ,736 ,941 ,1666 ,1862 ,1705 ,1490 ,1169 ,681 ,335 ,15 ,1 ,11574 ,11574 ,730 ,872 ,2026 ,1974 ,1752 ,1581 ,1284 ,872 ,416 ,66 ,1
서울특별시 관악구 (1162000000),487641 ,487641 ,17506 ,26402 ,110717 ,87955 ,63034 ,65878 ,60645 ,37225 ,16484 ,1737 ,58 ,245231 ,245231 ,9041 ,13389 ,53732 ,48910 ,33749 ,33708 ,28454 ,16712 ,7085 ,441 ,10 ,242410 ,242410 ,8465 ,13013 ,56985 ,39045 ,29285 ,32170 ,32191 ,20513 ,9399 ,1296 ,48
서울특별시 관악구 보라매동(1162052500),24179 ,24179 ,958 ,1344 ,4743 ,4078 ,3138 ,3368 ,3397 ,2106 ,929 ,116 ,2 ,11926 ,11926 ,488 ,691 ,2288 ,2247 ,1626 ,1668 ,1547 ,959 ,382 ,30 ,0 ,12253 ,12253 ,470 ,653 ,2455 ,1831 ,1512 ,1700 ,1850 ,1147 ,547 ,86 ,2
서울특별시 관악구 청림동(1162054500),14899 ,14899 ,1078 ,1125 ,1678 ,2376 ,2328 ,2314 ,2028 ,1233 ,652 ,84 ,3 ,7201 ,7201 ,552 ,575 ,840 ,1200 ,1166 ,1142 ,908 ,536 ,256 ,25 ,1 ,7698 ,7698 ,526 ,550 ,838 ,1176 ,1162 ,1172 ,1120 ,697 ,396 ,59 ,2
서울특별시 관악구 성현동(1162056500),28535 ,28535 ,1606 ,2706 ,3684 ,3393 ,4570 ,4775 ,4011 ,2501 ,1162 ,122 ,5 ,13741 ,13741 ,841 ,1389 ,1868 ,1691 ,2223 ,2380 ,1797 ,1058 ,454 ,40 ,0 ,14794 ,14794 ,765 ,1317 ,1816 ,1702 ,2347 ,2395 ,2214 ,1443 ,708 ,82 ,5
서울특별시 관악구 행운동(1162057500),29180 ,29180 ,905 ,1271 ,7845 ,5962 ,3486 ,3415 ,3231 ,2129 ,852 ,82 ,2 ,14146 ,14146 ,461 ,649 ,3487 ,3196 ,1826 ,1701 ,1497 ,930 ,383 ,16 ,0 ,15034 ,15034 ,444 ,622 ,4358 ,2766 ,1660 ,1714 ,1734 ,1199 ,469 ,66 ,2
서울특별시 관악구 낙성대동(1162058500),17464 ,17464 ,522 ,891 ,5903 ,3769 ,1900 ,1655 ,1392 ,928 ,462 ,40 ,2 ,8762 ,8762 ,272 ,437 ,2812 ,2057 ,1031 ,880 ,670 ,401 ,186 ,16 ,0 ,8702 ,8702 ,250 ,454 ,3091 ,1712 ,869 ,775 ,722 ,527 ,276 ,24 ,2
서울특별시 관악구 청룡동(1162059500),36145 ,36145 ,1111 ,1617 ,11877 ,7306 ,3891 ,3797 ,3352 ,2188 ,909 ,94 ,3 ,17312 ,17312 ,548 ,759 ,5230 ,3862 ,2038 ,1917 ,1570 ,963 ,394 ,29 ,2 ,18833 ,18833 ,563 ,858 ,6647 ,3444 ,1853 ,1880 ,1782 ,1225 ,515 ,65 ,1
서울특별시 관악구 은천동(1162060500),32656 ,32656 ,1678 ,2581 ,5209 ,5037 ,4868 ,4739 ,4409 ,2805 ,1190 ,138 ,2 ,15983 ,15983 ,897 ,1301 ,2468 ,2617 ,2455 ,2398 ,2050 ,1253 ,516 ,28 ,0 ,16673 ,16673 ,781 ,1280 ,2741 ,2420 ,2413 ,2341 ,2359 ,1552 ,674 ,110 ,2
서울특별시 관악구 중앙동(1162061500),15406 ,15406 ,356 ,568 ,4594 ,3212 ,1665 ,1683 ,1632 ,1131 ,521 ,43 ,1 ,7453 ,7453 ,189 ,272 ,2020 ,1699 ,897 ,863 ,763 ,508 ,231 ,11 ,0 ,7953 ,7953 ,167 ,296 ,2574 ,1513 ,768 ,820 ,869 ,623 ,290 ,32 ,1
서울특별시 관악구 인헌동(1162062500),25720 ,25720 ,893 ,1393 ,5969 ,4960 ,3210 ,3500 ,3034 ,1843 ,850 ,66 ,2 ,12434 ,12434 ,471 ,713 ,2762 ,2552 ,1664 ,1685 ,1407 ,788 ,373 ,19 ,0 ,13286 ,13286 ,422 ,680 ,3207 ,2408 ,1546 ,1815 ,1627 ,1055 ,477 ,47 ,2
서울특별시 관악구 남현동(1162063000),17895 ,17895 ,768 ,763 ,3863 ,3652 ,2156 ,2447 ,2276 ,1354 ,553 ,59 ,4 ,8682 ,8682 ,403 ,375 ,1808 ,1941 ,1095 ,1141 ,1011 ,622 ,267 ,18 ,1 ,9213 ,9213 ,365 ,388 ,2055 ,1711 ,1061 ,1306 ,1265 ,732 ,286 ,41 ,3
서울특별시 관악구 서원동(1162064500),22893 ,22893 ,535 ,764 ,6537 ,4881 ,2653 ,2706 ,2539 ,1549 ,676 ,53 ,0 ,11993 ,11993 ,276 ,414 ,3369 ,2909 ,1509 ,1311 ,1172 ,729 ,293 ,11 ,0 ,10900 ,10900 ,259 ,350 ,3168 ,1972 ,1144 ,1395 ,1367 ,820 ,383 ,42 ,0
서울특별시 관악구 신원동(1162065500),17866 ,17866 ,412 ,749 ,4430 ,3295 ,2117 ,2339 ,2230 ,1494 ,730 ,64 ,6 ,9067 ,9067 ,198 ,365 ,2254 ,1945 ,1135 ,1212 ,991 ,652 ,301 ,13 ,1 ,8799 ,8799 ,214 ,384 ,2176 ,1350 ,982 ,1127 ,1239 ,842 ,429 ,51 ,5
서울특별시 관악구 서림동(1162066500),23641 ,23641 ,646 ,994 ,5819 ,4789 ,3116 ,3037 ,2786 ,1655 ,718 ,79 ,2 ,13191 ,13191 ,348 ,505 ,3293 ,3024 ,1890 ,1667 ,1350 ,784 ,317 ,13 ,0 ,10450 ,10450 ,298 ,489 ,2526 ,1765 ,1226 ,1370 ,1436 ,871 ,401 ,66 ,2
서울특별시 관악구 신사동(1162068500),22721 ,22721 ,603 ,995 ,6121 ,4186 ,2642 ,3030 ,2671 ,1682 ,711 ,78 ,2 ,11347 ,11347 ,319 ,522 ,2866 ,2375 ,1357 ,1515 ,1292 ,751 ,330 ,20 ,0 ,11374 ,11374 ,284 ,473 ,3255 ,1811 ,1285 ,1515 ,1379 ,931 ,381 ,58 ,2
서울특별시 관악구 신림동(1162069500),23350 ,23350 ,282 ,538 ,9237 ,6215 ,2460 ,1808 ,1481 ,897 ,398 ,33 ,1 ,12319 ,12319 ,148 ,249 ,4384 ,3676 ,1462 ,1067 ,727 ,401 ,198 ,6 ,1 ,11031 ,11031 ,134 ,289 ,4853 ,2539 ,998 ,741 ,754 ,496 ,200 ,27 ,0
서울특별시 관악구 난향동(1162071500),14848 ,14848 ,931 ,1380 ,1648 ,1596 ,2599 ,2627 ,2170 ,1307 ,530 ,60 ,0 ,7271 ,7271 ,469 ,705 ,858 ,762 ,1284 ,1369 ,1002 ,584 ,227 ,11 ,0 ,7577 ,7577 ,462 ,675 ,790 ,834 ,1315 ,1258 ,1168 ,723 ,303 ,49 ,0
서울특별시 관악구 조원동(1162072500),19575 ,19575 ,687 ,844 ,4481 ,4277 ,2427 ,2440 ,2424 ,1331 ,597 ,64 ,3 ,9758 ,9758 ,354 ,417 ,1982 ,2291 ,1307 ,1284 ,1197 ,638 ,267 ,21 ,0 ,9817 ,9817 ,333 ,427 ,2499 ,1986 ,1120 ,1156 ,1227 ,693 ,330 ,43 ,3
서울특별시 관악구 대학동(1162073500),24468 ,24468 ,548 ,971 ,6527 ,5063 ,3465 ,3256 ,2528 ,1371 ,664 ,73 ,2 ,14913 ,14913 ,288 ,501 ,3897 ,3455 ,2329 ,2120 ,1359 ,648 ,295 ,20 ,1 ,9555 ,9555 ,260 ,470 ,2630 ,1608 ,1136 ,1136 ,1169 ,723 ,369 ,53 ,1
서울특별시 관악구 삼성동(1162074500),20318 ,20318 ,647 ,1188 ,2240 ,2237 ,2607 ,3688 ,3957 ,2412 ,1187 ,148 ,7 ,10105 ,10105 ,349 ,627 ,1170 ,1281 ,1384 ,1861 ,1850 ,1069 ,474 ,38 ,2 ,10213 ,10213 ,298 ,561 ,1070 ,956 ,1223 ,1827 ,2107 ,1343 ,713 ,110 ,5
서울특별시 관악구 미성동(1162076500),29981 ,29981 ,1384 ,2080 ,4568 ,4168 ,4216 ,4816 ,4776 ,2746 ,1105 ,116 ,6 ,14679 ,14679 ,714 ,1048 ,2187 ,2218 ,2166 ,2333 ,2232 ,1281 ,471 ,28 ,1 ,15302 ,15302 ,670 ,1032 ,2381 ,1950 ,2050 ,2483 ,2544 ,1465 ,634 ,88 ,5
서울특별시 관악구 난곡동(1162077500),25901 ,25901 ,956 ,1640 ,3744 ,3503 ,3520 ,4438 ,4321 ,2563 ,1088 ,125 ,3 ,12948 ,12948 ,456 ,875 ,1889 ,1912 ,1905 ,2194 ,2062 ,1157 ,470 ,28 ,0 ,12953 ,12953 ,500 ,765 ,1855 ,1591 ,1615 ,2244 ,2259 ,1406 ,618 ,97 ,3
서울특별시 서초구 (1165000000),404539 ,404539 ,28389 ,44564 ,49820 ,56650 ,72484 ,63691 ,47847 ,27945 ,11357 ,1733 ,59 ,192932 ,192932 ,14591 ,22583 ,23837 ,26099 ,33623 ,31492 ,22220 ,12830 ,5135 ,512 ,10 ,211607 ,211607 ,13798 ,21981 ,25983 ,30551 ,38861 ,32199 ,25627 ,15115 ,6222 ,1221 ,49
서울특별시 서초구 서초1동(1165051000),20310 ,20310 ,1205 ,1839 ,2720 ,3319 ,3594 ,3179 ,2411 ,1420 ,531 ,90 ,2 ,9773 ,9773 ,650 ,959 ,1313 ,1535 ,1690 ,1553 ,1145 ,661 ,232 ,34 ,1 ,10537 ,10537 ,555 ,880 ,1407 ,1784 ,1904 ,1626 ,1266 ,759 ,299 ,56 ,1
서울특별시 서초구 서초2동(1165052000),26620 ,26620 ,2194 ,2558 ,3477 ,4900 ,4926 ,3632 ,2660 ,1616 ,568 ,84 ,5 ,12605 ,12605 ,1087 ,1303 ,1540 ,2231 ,2304 ,1811 ,1248 ,757 ,294 ,29 ,1 ,14015 ,14015 ,1107 ,1255 ,1937 ,2669 ,2622 ,1821 ,1412 ,859 ,274 ,55 ,4
서울특별시 서초구 서초3동(1165053000),32086 ,32086 ,1596 ,2730 ,5270 ,5440 ,4842 ,5076 ,3783 ,2235 ,965 ,141 ,8 ,15214 ,15214 ,805 ,1538 ,2335 ,2498 ,2201 ,2499 ,1801 ,1050 ,442 ,43 ,2 ,16872 ,16872 ,791 ,1192 ,2935 ,2942 ,2641 ,2577 ,1982 ,1185 ,523 ,98 ,6
서울특별시 서초구 서초4동(1165053100),30264 ,30264 ,2566 ,4149 ,3383 ,3116 ,5917 ,5122 ,3085 ,1980 ,830 ,114 ,2 ,14780 ,14780 ,1330 ,2169 ,1697 ,1320 ,2758 ,2614 ,1487 ,947 ,417 ,41 ,0 ,15484 ,15484 ,1236 ,1980 ,1686 ,1796 ,3159 ,2508 ,1598 ,1033 ,413 ,73 ,2
서울특별시 서초구 잠원동(1165054000),26183 ,26183 ,1705 ,3383 ,3234 ,3205 ,4848 ,4709 ,2937 ,1452 ,605 ,99 ,6 ,12594 ,12594 ,888 ,1746 ,1609 ,1421 ,2177 ,2401 ,1419 ,659 ,248 ,25 ,1 ,13589 ,13589 ,817 ,1637 ,1625 ,1784 ,2671 ,2308 ,1518 ,793 ,357 ,74 ,5
서울특별시 서초구 반포본동(1165055000),266 ,266 ,15 ,42 ,29 ,17 ,55 ,50 ,29 ,22 ,7 ,0 ,0 ,128 ,128 ,5 ,18 ,12 ,9 ,22 ,30 ,17 ,12 ,3 ,0 ,0 ,138 ,138 ,10 ,24 ,17 ,8 ,33 ,20 ,12 ,10 ,4 ,0 ,0
서울특별시 서초구 반포1동(1165056000),34195 ,34195 ,3032 ,4069 ,4044 ,5255 ,7089 ,4788 ,3263 ,1845 ,705 ,102 ,3 ,16690 ,16690 ,1546 ,2065 ,1878 ,2470 ,3463 ,2575 ,1504 ,852 ,314 ,23 ,0 ,17505 ,17505 ,1486 ,2004 ,2166 ,2785 ,3626 ,2213 ,1759 ,993 ,391 ,79 ,3
서울특별시 서초구 반포2동(1165057000),15635 ,15635 ,1485 ,2892 ,1331 ,1184 ,3407 ,2464 ,1430 ,989 ,400 ,50 ,3 ,7415 ,7415 ,783 ,1414 ,639 ,460 ,1486 ,1332 ,678 ,422 ,188 ,13 ,0 ,8220 ,8220 ,702 ,1478 ,692 ,724 ,1921 ,1132 ,752 ,567 ,212 ,37 ,3
서울특별시 서초구 반포3동(1165058000),23813 ,23813 ,1899 ,3340 ,2581 ,2465 ,4585 ,4220 ,2432 ,1498 ,691 ,101 ,1 ,11332 ,11332 ,1003 ,1699 ,1264 ,1105 ,2008 ,2149 ,1117 ,670 ,290 ,27 ,0 ,12481 ,12481 ,896 ,1641 ,1317 ,1360 ,2577 ,2071 ,1315 ,828 ,401 ,74 ,1
서울특별시 서초구 반포4동(1165058100),18684 ,18684 ,1462 ,2180 ,2086 ,2324 ,3401 ,3028 ,2279 ,1331 ,495 ,96 ,2 ,8773 ,8773 ,772 ,1107 ,1017 ,1027 ,1508 ,1445 ,1035 ,610 ,222 ,29 ,1 ,9911 ,9911 ,690 ,1073 ,1069 ,1297 ,1893 ,1583 ,1244 ,721 ,273 ,67 ,1
서울특별시 서초구 방배본동(1165059000),20485 ,20485 ,1240 ,2785 ,2460 ,2245 ,3720 ,3508 ,2362 ,1374 ,687 ,101 ,3 ,9441 ,9441 ,627 ,1284 ,1128 ,974 ,1642 ,1726 ,1112 ,619 ,286 ,43 ,0 ,11044 ,11044 ,613 ,1501 ,1332 ,1271 ,2078 ,1782 ,1250 ,755 ,401 ,58 ,3
서울특별시 서초구 방배1동(1165060000),16652 ,16652 ,965 ,1340 ,2238 ,2726 ,2769 ,2452 ,2142 ,1370 ,571 ,78 ,1 ,7768 ,7768 ,507 ,687 ,1063 ,1228 ,1278 ,1127 ,964 ,607 ,276 ,30 ,1 ,8884 ,8884 ,458 ,653 ,1175 ,1498 ,1491 ,1325 ,1178 ,763 ,295 ,48 ,0
서울특별시 서초구 방배2동(1165061000),18277 ,18277 ,1008 ,1492 ,2386 ,2699 ,2800 ,2856 ,2707 ,1609 ,618 ,96 ,6 ,8543 ,8543 ,515 ,730 ,1205 ,1220 ,1312 ,1306 ,1206 ,737 ,284 ,26 ,2 ,9734 ,9734 ,493 ,762 ,1181 ,1479 ,1488 ,1550 ,1501 ,872 ,334 ,70 ,4
서울특별시 서초구 방배3동(1165062000),17055 ,17055 ,1141 ,1723 ,1950 ,2084 ,2677 ,2791 ,2548 ,1460 ,588 ,91 ,2 ,8176 ,8176 ,570 ,871 ,991 ,967 ,1223 ,1327 ,1207 ,707 ,283 ,30 ,0 ,8879 ,8879 ,571 ,852 ,959 ,1117 ,1454 ,1464 ,1341 ,753 ,305 ,61 ,2
서울특별시 서초구 방배4동(1165062100),22999 ,22999 ,1351 ,2676 ,2878 ,3113 ,4186 ,3748 ,2534 ,1623 ,784 ,102 ,4 ,10480 ,10480 ,657 ,1240 ,1254 ,1401 ,1847 ,1795 ,1184 ,706 ,374 ,21 ,1 ,12519 ,12519 ,694 ,1436 ,1624 ,1712 ,2339 ,1953 ,1350 ,917 ,410 ,81 ,3
서울특별시 서초구 양재1동(1165065100),42236 ,42236 ,2879 ,4430 ,4811 ,6121 ,7135 ,6354 ,5858 ,3217 ,1199 ,224 ,8 ,20070 ,20070 ,1439 ,2265 ,2363 ,2986 ,3407 ,3041 ,2584 ,1423 ,504 ,58 ,0 ,22166 ,22166 ,1440 ,2165 ,2448 ,3135 ,3728 ,3313 ,3274 ,1794 ,695 ,166 ,8
서울특별시 서초구 양재2동(1165065200),21441 ,21441 ,1079 ,1471 ,3207 ,4152 ,3507 ,3326 ,2747 ,1391 ,493 ,67 ,1 ,10768 ,10768 ,609 ,742 ,1635 ,2191 ,1775 ,1629 ,1314 ,650 ,209 ,14 ,0 ,10673 ,10673 ,470 ,729 ,1572 ,1961 ,1732 ,1697 ,1433 ,741 ,284 ,53 ,1
서울특별시 서초구 내곡동(1165066000),17338 ,17338 ,1567 ,1465 ,1735 ,2285 ,3026 ,2388 ,2640 ,1513 ,620 ,97 ,2 ,8382 ,8382 ,798 ,746 ,894 ,1056 ,1522 ,1132 ,1198 ,741 ,269 ,26 ,0 ,8956 ,8956 ,769 ,719 ,841 ,1229 ,1504 ,1256 ,1442 ,772 ,351 ,71 ,2
서울특별시 강남구 (1168000000),534646 ,534646 ,32476 ,60552 ,67916 ,76788 ,97257 ,83825 ,61949 ,37321 ,14237 ,2238 ,87 ,255637 ,255637 ,16712 ,31629 ,32155 ,35740 ,44596 ,41899 ,28656 ,17250 ,6392 ,591 ,17 ,279009 ,279009 ,15764 ,28923 ,35761 ,41048 ,52661 ,41926 ,33293 ,20071 ,7845 ,1647 ,70
서울특별시 강남구 신사동(1168051000),15551 ,15551 ,848 ,1549 ,1965 ,2071 ,2536 ,2535 ,1808 ,1419 ,712 ,108 ,0 ,7233 ,7233 ,433 ,773 ,913 ,930 ,1119 ,1246 ,819 ,620 ,345 ,35 ,0 ,8318 ,8318 ,415 ,776 ,1052 ,1141 ,1417 ,1289 ,989 ,799 ,367 ,73 ,0
서울특별시 강남구 논현1동(1168052100),21371 ,21371 ,565 ,832 ,4087 ,5268 ,3701 ,2746 ,2174 ,1361 ,544 ,89 ,4 ,10072 ,10072 ,275 ,403 ,1801 ,2557 ,1793 ,1356 ,993 ,609 ,250 ,34 ,1 ,11299 ,11299 ,290 ,429 ,2286 ,2711 ,1908 ,1390 ,1181 ,752 ,294 ,55 ,3
서울특별시 강남구 논현2동(1168053100),20676 ,20676 ,927 ,1221 ,3317 ,4166 ,3674 ,2989 ,2238 ,1471 ,586 ,85 ,2 ,9627 ,9627 ,479 ,611 ,1456 ,1925 ,1748 ,1436 ,1008 ,669 ,273 ,22 ,0 ,11049 ,11049 ,448 ,610 ,1861 ,2241 ,1926 ,1553 ,1230 ,802 ,313 ,63 ,2
서울특별시 강남구 압구정동(1168054500),25633 ,25633 ,1821 ,2676 ,2790 ,2821 ,4281 ,4280 ,3156 ,2492 ,1137 ,171 ,8 ,11852 ,11852 ,889 ,1295 ,1306 ,1223 ,1925 ,2059 ,1425 ,1127 ,537 ,66 ,0 ,13781 ,13781 ,932 ,1381 ,1484 ,1598 ,2356 ,2221 ,1731 ,1365 ,600 ,105 ,8
서울특별시 강남구 청담동(1168056500),25124 ,25124 ,1753 ,2281 ,3303 ,3783 ,4534 ,3981 ,2966 ,1751 ,662 ,105 ,5 ,11766 ,11766 ,992 ,1202 ,1506 ,1622 ,2038 ,1886 ,1377 ,804 ,312 ,26 ,1 ,13358 ,13358 ,761 ,1079 ,1797 ,2161 ,2496 ,2095 ,1589 ,947 ,350 ,79 ,4
서울특별시 강남구 삼성1동(1168058000),12425 ,12425 ,702 ,1171 ,1598 ,1752 ,1995 ,2074 ,1679 ,1001 ,397 ,53 ,3 ,6079 ,6079 ,361 ,651 ,858 ,858 ,905 ,985 ,777 ,479 ,189 ,15 ,1 ,6346 ,6346 ,341 ,520 ,740 ,894 ,1090 ,1089 ,902 ,522 ,208 ,38 ,2
서울특별시 강남구 삼성2동(1168059000),30624 ,30624 ,2075 ,3612 ,3732 ,4732 ,6215 ,4910 ,2632 ,1867 ,748 ,96 ,5 ,14700 ,14700 ,1086 ,1977 ,1811 ,2106 ,2776 ,2489 ,1245 ,824 ,359 ,27 ,0 ,15924 ,15924 ,989 ,1635 ,1921 ,2626 ,3439 ,2421 ,1387 ,1043 ,389 ,69 ,5
서울특별시 강남구 대치1동(1168060000),23721 ,23721 ,1541 ,5287 ,2272 ,1362 ,5267 ,4107 ,2128 ,1257 ,431 ,67 ,2 ,11902 ,11902 ,831 ,2964 ,1181 ,548 ,2242 ,2248 ,1012 ,630 ,226 ,20 ,0 ,11819 ,11819 ,710 ,2323 ,1091 ,814 ,3025 ,1859 ,1116 ,627 ,205 ,47 ,2
서울특별시 강남구 대치2동(1168061000),36841 ,36841 ,2032 ,6279 ,4056 ,3282 ,6861 ,6517 ,4499 ,2506 ,697 ,108 ,4 ,18641 ,18641 ,1111 ,3742 ,2168 ,1513 ,2921 ,3382 ,2189 ,1235 ,354 ,26 ,0 ,18200 ,18200 ,921 ,2537 ,1888 ,1769 ,3940 ,3135 ,2310 ,1271 ,343 ,82 ,4
서울특별시 강남구 대치4동(1168063000),18881 ,18881 ,604 ,2254 ,3078 ,3073 ,3586 ,3325 ,1561 ,979 ,379 ,41 ,1 ,8956 ,8956 ,307 ,1234 ,1476 ,1454 ,1526 ,1641 ,707 ,412 ,189 ,10 ,0 ,9925 ,9925 ,297 ,1020 ,1602 ,1619 ,2060 ,1684 ,854 ,567 ,190 ,31 ,1
서울특별시 강남구 역삼1동(1168064000),34302 ,34302 ,851 ,1314 ,6944 ,9674 ,6019 ,4140 ,2982 ,1607 ,690 ,79 ,2 ,16720 ,16720 ,414 ,669 ,2981 ,4835 ,3075 ,2205 ,1459 ,717 ,350 ,15 ,0 ,17582 ,17582 ,437 ,645 ,3963 ,4839 ,2944 ,1935 ,1523 ,890 ,340 ,64 ,2
서울특별시 강남구 역삼2동(1168065000),36935 ,36935 ,2343 ,5802 ,4467 ,4652 ,8557 ,5759 ,2701 ,1871 ,705 ,76 ,2 ,17267 ,17267 ,1129 ,2721 ,1906 ,2125 ,3792 ,3146 ,1265 ,812 ,350 ,21 ,0 ,19668 ,19668 ,1214 ,3081 ,2561 ,2527 ,4765 ,2613 ,1436 ,1059 ,355 ,55 ,2
서울특별시 강남구 도곡1동(1168065500),20705 ,20705 ,1475 ,2405 ,2515 ,2825 ,3677 ,3331 ,2565 ,1329 ,510 ,71 ,2 ,9831 ,9831 ,723 ,1104 ,1216 ,1283 ,1721 ,1660 ,1226 ,650 ,223 ,25 ,0 ,10874 ,10874 ,752 ,1301 ,1299 ,1542 ,1956 ,1671 ,1339 ,679 ,287 ,46 ,2
서울특별시 강남구 도곡2동(1168065600),32619 ,32619 ,2444 ,4806 ,3562 ,3069 ,6072 ,5596 ,3642 ,2368 ,915 ,142 ,3 ,15142 ,15142 ,1209 ,2191 ,1596 ,1292 ,2657 ,2787 ,1729 ,1170 ,468 ,42 ,1 ,17477 ,17477 ,1235 ,2615 ,1966 ,1777 ,3415 ,2809 ,1913 ,1198 ,447 ,100 ,2
서울특별시 강남구 개포1동(1168066000),6890 ,6890 ,431 ,705 ,691 ,669 ,1064 ,1067 ,1174 ,762 ,284 ,41 ,2 ,3325 ,3325 ,220 ,334 ,341 ,303 ,503 ,531 ,564 ,383 ,136 ,9 ,1 ,3565 ,3565 ,211 ,371 ,350 ,366 ,561 ,536 ,610 ,379 ,148 ,32 ,1
서울특별시 강남구 개포2동(1168067000),36103 ,36103 ,3214 ,4617 ,4111 ,4598 ,6582 ,6046 ,4205 ,2089 ,543 ,96 ,2 ,17500 ,17500 ,1669 ,2323 ,2051 ,2089 ,3012 ,3014 ,2026 ,1039 ,259 ,16 ,2 ,18603 ,18603 ,1545 ,2294 ,2060 ,2509 ,3570 ,3032 ,2179 ,1050 ,284 ,80 ,0
서울특별시 강남구 개포3동(1168067500),17109 ,17109 ,1074 ,1683 ,1668 ,2407 ,2979 ,2504 ,2470 ,1676 ,559 ,87 ,2 ,8294 ,8294 ,566 ,1091 ,885 ,1174 ,1409 ,1215 ,1044 ,703 ,187 ,19 ,1 ,8815 ,8815 ,508 ,592 ,783 ,1233 ,1570 ,1289 ,1426 ,973 ,372 ,68 ,1
서울특별시 강남구 개포4동(1168069000),23457 ,23457 ,1587 ,2231 ,2992 ,3640 ,3818 ,3959 ,3151 ,1493 ,499 ,84 ,3 ,11289 ,11289 ,826 ,1061 ,1492 ,1753 ,1812 ,1905 ,1491 ,710 ,217 ,22 ,0 ,12168 ,12168 ,761 ,1170 ,1500 ,1887 ,2006 ,2054 ,1660 ,783 ,282 ,62 ,3
서울특별시 강남구 세곡동(1168070000),43954 ,43954 ,3221 ,5034 ,5345 ,6254 ,7891 ,6235 ,5374 ,2933 ,1398 ,257 ,12 ,20618 ,20618 ,1615 ,2526 ,2407 ,2872 ,3790 ,3049 ,2393 ,1390 ,514 ,58 ,4 ,23336 ,23336 ,1606 ,2508 ,2938 ,3382 ,4101 ,3186 ,2981 ,1543 ,884 ,199 ,8
서울특별시 강남구 일원본동(1168072000),22842 ,22842 ,1791 ,3274 ,2284 ,2568 ,4298 ,3658 ,3022 ,1380 ,438 ,123 ,6 ,11299 ,11299 ,998 ,1929 ,1201 ,1207 ,1935 ,1763 ,1382 ,681 ,173 ,30 ,0 ,11543 ,11543 ,793 ,1345 ,1083 ,1361 ,2363 ,1895 ,1640 ,699 ,265 ,93 ,6
서울특별시 강남구 일원1동(1168073000),14708 ,14708 ,623 ,1015 ,1977 ,2197 ,2019 ,2178 ,2533 ,1480 ,573 ,106 ,7 ,7128 ,7128 ,306 ,583 ,977 ,1115 ,1065 ,1039 ,1130 ,692 ,198 ,20 ,3 ,7580 ,7580 ,317 ,432 ,1000 ,1082 ,954 ,1139 ,1403 ,788 ,375 ,86 ,4
서울특별시 강남구 수서동(1168075000),14175 ,14175 ,554 ,504 ,1162 ,1925 ,1631 ,1888 ,3289 ,2229 ,830 ,153 ,10 ,6396 ,6396 ,273 ,245 ,626 ,956 ,832 ,857 ,1395 ,894 ,283 ,33 ,2 ,7779 ,7779 ,281 ,259 ,536 ,969 ,799 ,1031 ,1894 ,1335 ,547 ,120 ,8
서울특별시 송파구 (1171000000),657665 ,657665 ,45166 ,58056 ,86445 ,105184 ,107249 ,101212 ,89781 ,45021 ,16797 ,2661 ,93 ,316356 ,316356 ,23316 ,29670 ,40750 ,50238 ,51954 ,48872 ,42075 ,21770 ,7067 ,629 ,15 ,341309 ,341309 ,21850 ,28386 ,45695 ,54946 ,55295 ,52340 ,47706 ,23251 ,9730 ,2032 ,78
서울특별시 송파구 풍납1동(1171051000),12179 ,12179 ,564 ,742 ,1360 ,1694 ,1675 ,2040 ,2370 ,1176 ,503 ,54 ,1 ,5983 ,5983 ,318 ,403 ,704 ,881 ,849 ,986 ,1078 ,546 ,199 ,18 ,1 ,6196 ,6196 ,246 ,339 ,656 ,813 ,826 ,1054 ,1292 ,630 ,304 ,36 ,0
서울특별시 송파구 풍납2동(1171052000),24074 ,24074 ,1659 ,1896 ,3472 ,3792 ,3854 ,3562 ,3309 ,1761 ,668 ,98 ,3 ,11396 ,11396 ,848 ,962 ,1497 ,1787 ,1885 ,1734 ,1547 ,834 ,287 ,14 ,1 ,12678 ,12678 ,811 ,934 ,1975 ,2005 ,1969 ,1828 ,1762 ,927 ,381 ,84 ,2
서울특별시 송파구 거여1동(1171053100),12133 ,12133 ,486 ,870 ,1674 ,1652 ,1661 ,2168 ,2021 ,1098 ,440 ,59 ,4 ,6094 ,6094 ,273 ,442 ,867 ,877 ,826 ,1100 ,979 ,531 ,184 ,13 ,2 ,6039 ,6039 ,213 ,428 ,807 ,775 ,835 ,1068 ,1042 ,567 ,256 ,46 ,2
서울특별시 송파구 거여2동(1171053200),23666 ,23666 ,1856 ,1787 ,2568 ,3515 ,3669 ,3963 ,3502 ,1918 ,774 ,110 ,4 ,11527 ,11527 ,949 ,932 ,1289 ,1765 ,1839 ,1918 ,1630 ,888 ,296 ,21 ,0 ,12139 ,12139 ,907 ,855 ,1279 ,1750 ,1830 ,2045 ,1872 ,1030 ,478 ,89 ,4
서울특별시 송파구 마천1동(1171054000),18387 ,18387 ,729 ,1422 ,2097 ,2008 ,2489 ,3412 ,3370 ,1881 ,873 ,105 ,1 ,9436 ,9436 ,376 ,747 ,1108 ,1121 ,1314 ,1793 ,1715 ,900 ,337 ,25 ,0 ,8951 ,8951 ,353 ,675 ,989 ,887 ,1175 ,1619 ,1655 ,981 ,536 ,80 ,1
서울특별시 송파구 마천2동(1171055000),17859 ,17859 ,617 ,1144 ,2121 ,2018 ,2394 ,3279 ,3553 ,1807 ,820 ,103 ,3 ,9143 ,9143 ,314 ,596 ,1170 ,1150 ,1271 ,1685 ,1777 ,827 ,333 ,20 ,0 ,8716 ,8716 ,303 ,548 ,951 ,868 ,1123 ,1594 ,1776 ,980 ,487 ,83 ,3
서울특별시 송파구 방이1동(1171056100),15238 ,15238 ,922 ,1498 ,2158 ,2110 ,2405 ,2608 ,2103 ,977 ,383 ,69 ,5 ,7367 ,7367 ,460 ,750 ,1088 ,1071 ,1119 ,1210 ,999 ,486 ,165 ,19 ,0 ,7871 ,7871 ,462 ,748 ,1070 ,1039 ,1286 ,1398 ,1104 ,491 ,218 ,50 ,5
서울특별시 송파구 방이2동(1171056200),25965 ,25965 ,1003 ,1087 ,5073 ,6295 ,3658 ,3388 ,3203 ,1587 ,601 ,68 ,2 ,11889 ,11889 ,541 ,588 ,1982 ,2932 ,1817 ,1562 ,1435 ,745 ,267 ,20 ,0 ,14076 ,14076 ,462 ,499 ,3091 ,3363 ,1841 ,1826 ,1768 ,842 ,334 ,48 ,2
서울특별시 송파구 오륜동(1171056600),17751 ,17751 ,1077 ,2541 ,1955 ,1577 ,3048 ,3045 ,2659 ,1370 ,380 ,96 ,3 ,8671 ,8671 ,571 ,1378 ,1043 ,670 ,1341 ,1500 ,1227 ,742 ,177 ,21 ,1 ,9080 ,9080 ,506 ,1163 ,912 ,907 ,1707 ,1545 ,1432 ,628 ,203 ,75 ,2
서울특별시 송파구 오금동(1171057000),37664 ,37664 ,2412 ,2970 ,4787 ,5210 ,5418 ,6559 ,6085 ,2853 ,1123 ,232 ,15 ,18266 ,18266 ,1250 ,1587 ,2470 ,2599 ,2617 ,2995 ,2876 ,1405 ,421 ,43 ,3 ,19398 ,19398 ,1162 ,1383 ,2317 ,2611 ,2801 ,3564 ,3209 ,1448 ,702 ,189 ,12
서울특별시 송파구 송파1동(1171058000),23535 ,23535 ,998 ,1179 ,4186 ,5303 ,3369 ,3206 ,3042 ,1559 ,617 ,74 ,2 ,10977 ,10977 ,515 ,552 ,1839 ,2644 ,1581 ,1423 ,1396 ,718 ,294 ,15 ,0 ,12558 ,12558 ,483 ,627 ,2347 ,2659 ,1788 ,1783 ,1646 ,841 ,323 ,59 ,2
서울특별시 송파구 송파2동(1171059000),18722 ,18722 ,1326 ,1758 ,2426 ,2700 ,2940 ,2970 ,2796 ,1301 ,418 ,86 ,1 ,9011 ,9011 ,703 ,845 ,1132 ,1289 ,1437 ,1433 ,1297 ,680 ,177 ,17 ,1 ,9711 ,9711 ,623 ,913 ,1294 ,1411 ,1503 ,1537 ,1499 ,621 ,241 ,69 ,0
서울특별시 송파구 석촌동(1171060000),31019 ,31019 ,1300 ,1682 ,5163 ,6748 ,4697 ,4422 ,4061 ,2085 ,762 ,97 ,2 ,14704 ,14704 ,646 ,859 ,2280 ,3279 ,2296 ,2145 ,1876 ,956 ,341 ,26 ,0 ,16315 ,16315 ,654 ,823 ,2883 ,3469 ,2401 ,2277 ,2185 ,1129 ,421 ,71 ,2
서울특별시 송파구 삼전동(1171061000),29296 ,29296 ,1146 ,1827 ,4834 ,6278 ,4704 ,4214 ,3697 ,1821 ,676 ,95 ,4 ,13615 ,13615 ,582 ,939 ,2127 ,2976 ,2272 ,1976 ,1628 ,848 ,252 ,15 ,0 ,15681 ,15681 ,564 ,888 ,2707 ,3302 ,2432 ,2238 ,2069 ,973 ,424 ,80 ,4
서울특별시 송파구 가락본동(1171062000),25448 ,25448 ,1407 ,1660 ,3634 ,4469 ,3577 ,4312 ,3935 ,1682 ,669 ,101 ,2 ,12601 ,12601 ,720 ,840 ,1825 ,2258 ,1810 ,2052 ,1947 ,826 ,288 ,35 ,0 ,12847 ,12847 ,687 ,820 ,1809 ,2211 ,1767 ,2260 ,1988 ,856 ,381 ,66 ,2
서울특별시 송파구 가락1동(1171063100),27558 ,27558 ,3061 ,2604 ,2716 ,4828 ,4812 ,3692 ,3656 ,1714 ,407 ,66 ,2 ,13369 ,13369 ,1620 ,1300 ,1347 ,2224 ,2380 ,1705 ,1725 ,878 ,175 ,15 ,0 ,14189 ,14189 ,1441 ,1304 ,1369 ,2604 ,2432 ,1987 ,1931 ,836 ,232 ,51 ,2
서울특별시 송파구 가락2동(1171063200),31412 ,31412 ,2099 ,3296 ,4132 ,4591 ,5146 ,5092 ,4377 ,1832 ,719 ,123 ,5 ,15329 ,15329 ,1092 ,1754 ,2008 ,2219 ,2506 ,2460 ,2032 ,925 ,301 ,31 ,1 ,16083 ,16083 ,1007 ,1542 ,2124 ,2372 ,2640 ,2632 ,2345 ,907 ,418 ,92 ,4
서울특별시 송파구 문정1동(1171064100),19621 ,19621 ,1111 ,1409 ,2866 ,3307 ,2765 ,3134 ,3170 ,1330 ,451 ,74 ,4 ,9661 ,9661 ,575 ,731 ,1409 ,1688 ,1396 ,1450 ,1519 ,684 ,190 ,19 ,0 ,9960 ,9960 ,536 ,678 ,1457 ,1619 ,1369 ,1684 ,1651 ,646 ,261 ,55 ,4
서울특별시 송파구 문정2동(1171064200),28670 ,28670 ,1453 ,1458 ,4723 ,7243 ,4442 ,3462 ,3205 ,1817 ,726 ,137 ,4 ,13138 ,13138 ,722 ,711 ,1842 ,3234 ,2135 ,1671 ,1489 ,942 ,339 ,51 ,2 ,15532 ,15532 ,731 ,747 ,2881 ,4009 ,2307 ,1791 ,1716 ,875 ,387 ,86 ,2
서울특별시 송파구 장지동(1171064600),28875 ,28875 ,2079 ,2429 ,3657 ,4477 ,4451 ,4667 ,4237 ,1974 ,745 ,153 ,6 ,13915 ,13915 ,1037 ,1271 ,1866 ,2215 ,2203 ,2145 ,1962 ,919 ,271 ,26 ,0 ,14960 ,14960 ,1042 ,1158 ,1791 ,2262 ,2248 ,2522 ,2275 ,1055 ,474 ,127 ,6
서울특별시 송파구 위례동(1171064700),44649 ,44649 ,6638 ,6064 ,4226 ,6904 ,9215 ,5793 ,3666 ,1475 ,548 ,115 ,5 ,21753 ,21753 ,3434 ,3082 ,2068 ,3139 ,4554 ,2884 ,1705 ,681 ,192 ,14 ,0 ,22896 ,22896 ,3204 ,2982 ,2158 ,3765 ,4661 ,2909 ,1961 ,794 ,356 ,101 ,5
서울특별시 송파구 잠실본동(1171065000),27820 ,27820 ,1022 ,1557 ,4959 ,6112 ,4256 ,3975 ,3561 ,1693 ,607 ,74 ,4 ,13261 ,13261 ,529 ,790 ,2170 ,3033 ,2099 ,1922 ,1657 ,788 ,251 ,21 ,1 ,14559 ,14559 ,493 ,767 ,2789 ,3079 ,2157 ,2053 ,1904 ,905 ,356 ,53 ,3
서울특별시 송파구 잠실2동(1171067000),34988 ,34988 ,3403 ,5839 ,3313 ,3299 ,8078 ,5518 ,2985 ,1848 ,630 ,73 ,2 ,16708 ,16708 ,1771 ,2916 ,1545 ,1323 ,3689 ,2947 ,1376 ,847 ,275 ,19 ,0 ,18280 ,18280 ,1632 ,2923 ,1768 ,1976 ,4389 ,2571 ,1609 ,1001 ,355 ,54 ,2
서울특별시 송파구 잠실3동(1171068000),34002 ,34002 ,2676 ,4071 ,3551 ,3647 ,6047 ,5417 ,4725 ,2887 ,842 ,136 ,3 ,16124 ,16124 ,1365 ,2038 ,1722 ,1553 ,2765 ,2686 ,2146 ,1412 ,400 ,37 ,0 ,17878 ,17878 ,1311 ,2033 ,1829 ,2094 ,3282 ,2731 ,2579 ,1475 ,442 ,99 ,3
서울특별시 송파구 잠실4동(1171069000),21218 ,21218 ,2331 ,2641 ,1859 ,2487 ,4435 ,3101 ,2507 ,1324 ,459 ,73 ,1 ,10215 ,10215 ,1188 ,1403 ,918 ,1024 ,2116 ,1538 ,1162 ,651 ,203 ,12 ,0 ,11003 ,11003 ,1143 ,1238 ,941 ,1463 ,2319 ,1563 ,1345 ,673 ,256 ,61 ,1
서울특별시 송파구 잠실6동(1171071000),16511 ,16511 ,1271 ,1702 ,1789 ,1999 ,2783 ,2594 ,2503 ,1252 ,514 ,102 ,2 ,7827 ,7827 ,649 ,872 ,861 ,891 ,1275 ,1201 ,1193 ,614 ,231 ,39 ,1 ,8684 ,8684 ,622 ,830 ,928 ,1108 ,1508 ,1393 ,1310 ,638 ,283 ,63 ,1
서울특별시 송파구 잠실7동(1171072000),9405 ,9405 ,520 ,923 ,1146 ,921 ,1261 ,1619 ,1483 ,999 ,442 ,88 ,3 ,4376 ,4376 ,268 ,382 ,573 ,396 ,562 ,751 ,702 ,497 ,221 ,23 ,1 ,5029 ,5029 ,252 ,541 ,573 ,525 ,699 ,868 ,781 ,502 ,221 ,65 ,2
서울특별시 강동구 (1174000000),459567 ,459567 ,31935 ,39012 ,57217 ,68911 ,74774 ,70427 ,68302 ,34291 ,12741 ,1880 ,77 ,224899 ,224899 ,16546 ,20597 ,27743 ,34131 ,37267 ,34584 ,31990 ,16399 ,5213 ,413 ,16 ,234668 ,234668 ,15389 ,18415 ,29474 ,34780 ,37507 ,35843 ,36312 ,17892 ,7528 ,1467 ,61
서울특별시 강동구 강일동(1174051500),32855 ,32855 ,2882 ,3629 ,3397 ,4203 ,5454 ,4748 ,4900 ,2461 ,994 ,180 ,7 ,15746 ,15746 ,1519 ,1869 ,1725 ,1983 ,2667 ,2263 ,2124 ,1172 ,380 ,44 ,0 ,17109 ,17109 ,1363 ,1760 ,1672 ,2220 ,2787 ,2485 ,2776 ,1289 ,614 ,136 ,7
서울특별시 강동구 상일제1동(1174052500),39290 ,39290 ,4720 ,4614 ,3520 ,5347 ,7908 ,5395 ,5062 ,2050 ,576 ,93 ,5 ,19310 ,19310 ,2408 ,2367 ,1763 ,2431 ,3937 ,2656 ,2412 ,1073 ,243 ,19 ,1 ,19980 ,19980 ,2312 ,2247 ,1757 ,2916 ,3971 ,2739 ,2650 ,977 ,333 ,74 ,4
서울특별시 강동구 상일제2동(1174052600),11942 ,11942 ,1044 ,1407 ,1634 ,1661 ,1814 ,1753 ,1358 ,829 ,366 ,73 ,3 ,5569 ,5569 ,516 ,723 ,742 ,774 ,870 ,842 ,579 ,372 ,132 ,17 ,2 ,6373 ,6373 ,528 ,684 ,892 ,887 ,944 ,911 ,779 ,457 ,234 ,56 ,1
서울특별시 강동구 명일제1동(1174053000),25472 ,25472 ,2106 ,2368 ,2785 ,3813 ,4151 ,3928 ,3782 ,1821 ,605 ,109 ,4 ,12414 ,12414 ,1064 ,1280 ,1426 ,1885 ,1976 ,1901 ,1737 ,887 ,243 ,14 ,1 ,13058 ,13058 ,1042 ,1088 ,1359 ,1928 ,2175 ,2027 ,2045 ,934 ,362 ,95 ,3
서울특별시 강동구 명일제2동(1174054000),17211 ,17211 ,984 ,2375 ,2178 ,1876 ,2983 ,2648 ,2548 ,1192 ,339 ,84 ,4 ,8377 ,8377 ,496 ,1301 ,1044 ,899 ,1318 ,1322 ,1185 ,655 ,138 ,18 ,1 ,8834 ,8834 ,488 ,1074 ,1134 ,977 ,1665 ,1326 ,1363 ,537 ,201 ,66 ,3
서울특별시 강동구 고덕제1동(1174055000),23856 ,23856 ,2305 ,3748 ,2027 ,2497 ,5248 ,3380 ,2859 ,1231 ,453 ,105 ,3 ,12138 ,12138 ,1243 ,2121 ,1107 ,1146 ,2550 ,1780 ,1375 ,613 ,178 ,25 ,0 ,11718 ,11718 ,1062 ,1627 ,920 ,1351 ,2698 ,1600 ,1484 ,618 ,275 ,80 ,3
서울특별시 강동구 고덕제2동(1174056000),22739 ,22739 ,2462 ,2272 ,2123 ,3502 ,4314 ,3243 ,2985 ,1337 ,440 ,59 ,2 ,11460 ,11460 ,1285 ,1212 ,1096 ,1660 ,2235 ,1621 ,1457 ,690 ,188 ,15 ,1 ,11279 ,11279 ,1177 ,1060 ,1027 ,1842 ,2079 ,1622 ,1528 ,647 ,252 ,44 ,1
서울특별시 강동구 암사제1동(1174057000),34020 ,34020 ,1818 ,2400 ,4468 ,4899 ,5204 ,5835 ,5296 ,2808 ,1142 ,147 ,3 ,16820 ,16820 ,913 ,1205 ,2314 ,2556 ,2684 ,2852 ,2548 ,1248 ,471 ,28 ,1 ,17200 ,17200 ,905 ,1195 ,2154 ,2343 ,2520 ,2983 ,2748 ,1560 ,671 ,119 ,2
서울특별시 강동구 암사제2동(1174058000),14957 ,14957 ,1191 ,1014 ,1766 ,2687 ,2347 ,2248 ,2031 ,1176 ,441 ,55 ,1 ,7234 ,7234 ,618 ,523 ,838 ,1314 ,1189 ,1073 ,940 ,544 ,188 ,7 ,0 ,7723 ,7723 ,573 ,491 ,928 ,1373 ,1158 ,1175 ,1091 ,632 ,253 ,48 ,1
서울특별시 강동구 암사제3동(1174059000),17441 ,17441 ,1596 ,1939 ,1820 ,2122 ,3194 ,2635 ,2399 ,1233 ,435 ,63 ,5 ,8525 ,8525 ,822 ,1017 ,917 ,985 ,1557 ,1284 ,1111 ,621 ,197 ,11 ,3 ,8916 ,8916 ,774 ,922 ,903 ,1137 ,1637 ,1351 ,1288 ,612 ,238 ,52 ,2
서울특별시 강동구 천호제1동(1174060000),26310 ,26310 ,1221 ,1571 ,3399 ,3906 ,3790 ,4378 ,4599 ,2396 ,927 ,118 ,5 ,12939 ,12939 ,606 ,803 ,1697 ,2088 ,1949 ,2139 ,2182 ,1076 ,378 ,21 ,0 ,13371 ,13371 ,615 ,768 ,1702 ,1818 ,1841 ,2239 ,2417 ,1320 ,549 ,97 ,5
서울특별시 강동구 천호제2동(1174061000),33206 ,33206 ,1526 ,1684 ,4739 ,6182 ,4815 ,5087 ,5194 ,2756 ,1097 ,122 ,4 ,16244 ,16244 ,792 ,861 ,2185 ,3127 ,2487 ,2519 ,2521 ,1275 ,447 ,30 ,0 ,16962 ,16962 ,734 ,823 ,2554 ,3055 ,2328 ,2568 ,2673 ,1481 ,650 ,92 ,4
서울특별시 강동구 천호제3동(1174062000),26248 ,26248 ,1176 ,1127 ,4359 ,4969 ,3596 ,3870 ,4104 ,2075 ,853 ,110 ,9 ,12691 ,12691 ,620 ,582 ,1850 ,2418 ,1850 ,1984 ,2026 ,988 ,349 ,23 ,1 ,13557 ,13557 ,556 ,545 ,2509 ,2551 ,1746 ,1886 ,2078 ,1087 ,504 ,87 ,8
서울특별시 강동구 성내제1동(1174064000),19611 ,19611 ,1381 ,1625 ,2521 ,3024 ,3276 ,2971 ,2726 ,1480 ,531 ,75 ,1 ,9408 ,9408 ,730 ,814 ,1225 ,1443 ,1603 ,1407 ,1252 ,682 ,230 ,22 ,0 ,10203 ,10203 ,651 ,811 ,1296 ,1581 ,1673 ,1564 ,1474 ,798 ,301 ,53 ,1
서울특별시 강동구 성내제2동(1174065000),22816 ,22816 ,893 ,1051 ,3514 ,4107 ,3134 ,3484 ,3717 ,2005 ,822 ,86 ,3 ,11238 ,11238 ,478 ,540 ,1546 ,2155 ,1642 ,1769 ,1779 ,954 ,349 ,26 ,0 ,11578 ,11578 ,415 ,511 ,1968 ,1952 ,1492 ,1715 ,1938 ,1051 ,473 ,60 ,3
서울특별시 강동구 성내제3동(1174066000),22624 ,22624 ,1026 ,1575 ,3342 ,3349 ,3435 ,3813 ,3462 ,1838 ,695 ,83 ,6 ,11074 ,11074 ,548 ,918 ,1714 ,1731 ,1659 ,1832 ,1515 ,860 ,279 ,16 ,2 ,11550 ,11550 ,478 ,657 ,1628 ,1618 ,1776 ,1981 ,1947 ,978 ,416 ,67 ,4
서울특별시 강동구 길동(1174068500),44809 ,44809 ,2102 ,2685 ,6474 ,7212 ,6559 ,7086 ,7404 ,3743 ,1332 ,203 ,9 ,21837 ,21837 ,1116 ,1417 ,2986 ,3715 ,3341 ,3458 ,3438 ,1778 ,537 ,48 ,3 ,22972 ,22972 ,986 ,1268 ,3488 ,3497 ,3218 ,3628 ,3966 ,1965 ,795 ,155 ,6
서울특별시 강동구 둔촌제1동(1174069000),64 ,64 ,1 ,5 ,8 ,11 ,11 ,12 ,9 ,6 ,1 ,0 ,0 ,35 ,35 ,0 ,3 ,5 ,6 ,6 ,7 ,5 ,2 ,1 ,0 ,0 ,29 ,29 ,1 ,2 ,3 ,5 ,5 ,5 ,4 ,4 ,0 ,0 ,0
서울특별시 강동구 둔촌제2동(1174070000),24096 ,24096 ,1501 ,1923 ,3143 ,3544 ,3541 ,3913 ,3867 ,1854 ,692 ,115 ,3 ,11840 ,11840 ,772 ,1041 ,1563 ,1815 ,1747 ,1875 ,1804 ,909 ,285 ,29 ,0 ,12256 ,12256 ,729 ,882 ,1580 ,1729 ,1794 ,2038 ,2063 ,945 ,407 ,86 ,3
부산광역시  (2600000000),3311402 ,3311402 ,202417 ,265215 ,389186 ,394343 ,491842 ,540194 ,560239 ,312297 ,138519 ,16714 ,436 ,1615593 ,1615593 ,103853 ,136178 ,200278 ,202810 ,248210 ,263821 ,264049 ,140785 ,51895 ,3637 ,77 ,1695809 ,1695809 ,98564 ,129037 ,188908 ,191533 ,243632 ,276373 ,296190 ,171512 ,86624 ,13077 ,359
부산광역시 중구 (2611000000),39478 ,39478 ,947 ,1812 ,5679 ,4343 ,4656 ,6438 ,7838 ,5037 ,2386 ,330 ,12 ,19111 ,19111 ,520 ,880 ,2699 ,2298 ,2514 ,3359 ,3732 ,2173 ,854 ,81 ,1 ,20367 ,20367 ,427 ,932 ,2980 ,2045 ,2142 ,3079 ,4106 ,2864 ,1532 ,249 ,11
부산광역시 중구 중앙동(2611051000),3141 ,3141 ,38 ,60 ,930 ,725 ,352 ,368 ,357 ,213 ,81 ,17 ,0 ,1455 ,1455 ,19 ,28 ,346 ,334 ,187 ,210 ,191 ,103 ,34 ,3 ,0 ,1686 ,1686 ,19 ,32 ,584 ,391 ,165 ,158 ,166 ,110 ,47 ,14 ,0
부산광역시 중구 동광동(2611052000),2544 ,2544 ,62 ,94 ,236 ,237 ,270 ,423 ,573 ,414 ,206 ,27 ,2 ,1288 ,1288 ,30 ,37 ,132 ,134 ,157 ,233 ,285 ,198 ,76 ,6 ,0 ,1256 ,1256 ,32 ,57 ,104 ,103 ,113 ,190 ,288 ,216 ,130 ,21 ,2
부산광역시 중구 대청동(2611053000),5982 ,5982 ,148 ,306 ,863 ,602 ,750 ,971 ,1190 ,733 ,353 ,64 ,2 ,2812 ,2812 ,82 ,152 ,413 ,316 ,381 ,484 ,552 ,292 ,130 ,10 ,0 ,3170 ,3170 ,66 ,154 ,450 ,286 ,369 ,487 ,638 ,441 ,223 ,54 ,2
부산광역시 중구 보수동(2611054500),10430 ,10430 ,298 ,532 ,1564 ,1088 ,1216 ,1723 ,2046 ,1252 ,633 ,74 ,4 ,4980 ,4980 ,158 ,245 ,735 ,563 ,662 ,884 ,955 ,529 ,229 ,20 ,0 ,5450 ,5450 ,140 ,287 ,829 ,525 ,554 ,839 ,1091 ,723 ,404 ,54 ,4
부산광역시 중구 부평동(2611056000),4317 ,4317 ,75 ,178 ,492 ,410 ,503 ,702 ,1000 ,639 ,274 ,43 ,1 ,2048 ,2048 ,44 ,98 ,240 ,228 ,275 ,358 ,437 ,276 ,86 ,6 ,0 ,2269 ,2269 ,31 ,80 ,252 ,182 ,228 ,344 ,563 ,363 ,188 ,37 ,1
부산광역시 중구 광복동(2611057000),930 ,930 ,23 ,40 ,80 ,76 ,108 ,166 ,232 ,129 ,64 ,11 ,1 ,477 ,477 ,14 ,19 ,48 ,38 ,59 ,96 ,118 ,53 ,27 ,5 ,0 ,453 ,453 ,9 ,21 ,32 ,38 ,49 ,70 ,114 ,76 ,37 ,6 ,1
부산광역시 중구 남포동(2611058000),837 ,837 ,8 ,25 ,40 ,61 ,81 ,165 ,255 ,145 ,51 ,6 ,0 ,492 ,492 ,7 ,11 ,26 ,36 ,53 ,110 ,152 ,78 ,15 ,4 ,0 ,345 ,345 ,1 ,14 ,14 ,25 ,28 ,55 ,103 ,67 ,36 ,2 ,0
부산광역시 중구 영주제1동(2611059000),4514 ,4514 ,114 ,189 ,804 ,606 ,584 ,687 ,753 ,509 ,238 ,30 ,0 ,2286 ,2286 ,58 ,98 ,403 ,344 ,335 ,361 ,373 ,229 ,74 ,11 ,0 ,2228 ,2228 ,56 ,91 ,401 ,262 ,249 ,326 ,380 ,280 ,164 ,19 ,0
부산광역시 중구 영주제2동(2611060000),6783 ,6783 ,181 ,388 ,670 ,538 ,792 ,1233 ,1432 ,1003 ,486 ,58 ,2 ,3273 ,3273 ,108 ,192 ,356 ,305 ,405 ,623 ,669 ,415 ,183 ,16 ,1 ,3510 ,3510 ,73 ,196 ,314 ,233 ,387 ,610 ,763 ,588 ,303 ,42 ,1
부산광역시 서구 (2614000000),104738 ,104738 ,5109 ,7086 ,12383 ,10450 ,13866 ,16834 ,19423 ,12512 ,6261 ,793 ,21 ,50446 ,50446 ,2684 ,3623 ,5967 ,5364 ,7102 ,8568 ,9191 ,5481 ,2290 ,168 ,8 ,54292 ,54292 ,2425 ,3463 ,6416 ,5086 ,6764 ,8266 ,10232 ,7031 ,3971 ,625 ,13
부산광역시 서구 동대신제1동(2614051000),5474 ,5474 ,348 ,346 ,601 ,657 ,742 ,874 ,930 ,603 ,327 ,45 ,1 ,2669 ,2669 ,181 ,189 ,287 ,353 ,392 ,451 ,428 ,266 ,112 ,9 ,1 ,2805 ,2805 ,167 ,157 ,314 ,304 ,350 ,423 ,502 ,337 ,215 ,36 ,0
부산광역시 서구 동대신제2동(2614052000),6881 ,6881 ,210 ,423 ,678 ,508 ,843 ,1184 ,1415 ,990 ,564 ,66 ,0 ,3328 ,3328 ,110 ,206 ,348 ,283 ,446 ,592 ,659 ,445 ,223 ,16 ,0 ,3553 ,3553 ,100 ,217 ,330 ,225 ,397 ,592 ,756 ,545 ,341 ,50 ,0
부산광역시 서구 동대신제3동(2614053000),7521 ,7521 ,368 ,516 ,1158 ,788 ,979 ,1107 ,1281 ,830 ,430 ,59 ,5 ,3527 ,3527 ,202 ,247 ,522 ,418 ,484 ,548 ,583 ,338 ,170 ,14 ,1 ,3994 ,3994 ,166 ,269 ,636 ,370 ,495 ,559 ,698 ,492 ,260 ,45 ,4
부산광역시 서구 서대신제1동(2614054000),14918 ,14918 ,1210 ,1230 ,1720 ,1935 ,2400 ,2190 ,2052 ,1386 ,698 ,97 ,0 ,7067 ,7067 ,641 ,641 ,829 ,912 ,1171 ,1052 ,947 ,589 ,259 ,26 ,0 ,7851 ,7851 ,569 ,589 ,891 ,1023 ,1229 ,1138 ,1105 ,797 ,439 ,71 ,0
부산광역시 서구 서대신제3동(2614056000),7582 ,7582 ,440 ,774 ,817 ,733 ,1140 ,1270 ,1248 ,731 ,363 ,65 ,1 ,3450 ,3450 ,215 ,377 ,371 ,357 ,514 ,594 ,567 ,320 ,121 ,14 ,0 ,4132 ,4132 ,225 ,397 ,446 ,376 ,626 ,676 ,681 ,411 ,242 ,51 ,1
부산광역시 서구 서대신제4동(2614057000),7366 ,7366 ,518 ,754 ,759 ,718 ,1131 ,1197 ,1228 ,668 ,345 ,47 ,1 ,3546 ,3546 ,277 ,414 ,395 ,322 ,540 ,573 ,585 ,294 ,135 ,10 ,1 ,3820 ,3820 ,241 ,340 ,364 ,396 ,591 ,624 ,643 ,374 ,210 ,37 ,0
부산광역시 서구 부민동(2614059000),7384 ,7384 ,349 ,559 ,1476 ,839 ,950 ,1041 ,1143 ,646 ,332 ,47 ,2 ,3505 ,3505 ,185 ,277 ,659 ,427 ,469 ,527 ,534 ,301 ,118 ,8 ,0 ,3879 ,3879 ,164 ,282 ,817 ,412 ,481 ,514 ,609 ,345 ,214 ,39 ,2
부산광역시 서구 아미동(2614061500),6073 ,6073 ,75 ,218 ,655 ,419 ,630 ,999 ,1426 ,1015 ,558 ,72 ,6 ,3052 ,3052 ,38 ,121 ,336 ,244 ,360 ,583 ,716 ,448 ,189 ,13 ,4 ,3021 ,3021 ,37 ,97 ,319 ,175 ,270 ,416 ,710 ,567 ,369 ,59 ,2
부산광역시 서구 초장동(2614063000),4006 ,4006 ,85 ,144 ,355 ,284 ,473 ,664 ,910 ,661 ,393 ,37 ,0 ,2018 ,2018 ,41 ,69 ,196 ,167 ,268 ,388 ,449 ,308 ,124 ,8 ,0 ,1988 ,1988 ,44 ,75 ,159 ,117 ,205 ,276 ,461 ,353 ,269 ,29 ,0
부산광역시 서구 충무동(2614064000),9720 ,9720 ,402 ,487 ,1360 ,1037 ,1209 ,1606 ,1825 ,1199 ,534 ,58 ,3 ,4586 ,4586 ,211 ,234 ,578 ,520 ,624 ,834 ,856 ,508 ,204 ,16 ,1 ,5134 ,5134 ,191 ,253 ,782 ,517 ,585 ,772 ,969 ,691 ,330 ,42 ,2
부산광역시 서구 남부민제1동(2614065000),4653 ,4653 ,113 ,146 ,378 ,390 ,485 ,810 ,1118 ,765 ,403 ,45 ,0 ,2366 ,2366 ,50 ,78 ,197 ,225 ,287 ,456 ,562 ,347 ,154 ,10 ,0 ,2287 ,2287 ,63 ,68 ,181 ,165 ,198 ,354 ,556 ,418 ,249 ,35 ,0
부산광역시 서구 남부민제2동(2614066000),8411 ,8411 ,204 ,408 ,700 ,622 ,963 ,1441 ,1944 ,1418 ,644 ,65 ,2 ,4180 ,4180 ,111 ,219 ,387 ,342 ,530 ,796 ,942 ,619 ,227 ,7 ,0 ,4231 ,4231 ,93 ,189 ,313 ,280 ,433 ,645 ,1002 ,799 ,417 ,58 ,2
부산광역시 서구 암남동(2614068000),14749 ,14749 ,787 ,1081 ,1726 ,1520 ,1921 ,2451 ,2903 ,1600 ,670 ,90 ,0 ,7152 ,7152 ,422 ,551 ,862 ,794 ,1017 ,1174 ,1363 ,698 ,254 ,17 ,0 ,7597 ,7597 ,365 ,530 ,864 ,726 ,904 ,1277 ,1540 ,902 ,416 ,73 ,0
부산광역시 동구 (2617000000),85629 ,85629 ,3712 ,4577 ,9443 ,10181 ,11174 ,13757 ,15907 ,10726 ,5495 ,639 ,18 ,41781 ,41781 ,1920 ,2364 ,4643 ,5373 ,6029 ,7144 ,7562 ,4660 ,1934 ,146 ,6 ,43848 ,43848 ,1792 ,2213 ,4800 ,4808 ,5145 ,6613 ,8345 ,6066 ,3561 ,493 ,12
부산광역시 동구 초량제1동(2617051000),4897 ,4897 ,141 ,263 ,684 ,544 ,683 ,809 ,868 ,587 ,293 ,24 ,1 ,2470 ,2470 ,62 ,136 ,349 ,309 ,382 ,453 ,410 ,257 ,107 ,5 ,0 ,2427 ,2427 ,79 ,127 ,335 ,235 ,301 ,356 ,458 ,330 ,186 ,19 ,1
부산광역시 동구 초량제2동(2617052000),5400 ,5400 ,118 ,235 ,554 ,499 ,644 ,919 ,1145 ,842 ,385 ,58 ,1 ,2689 ,2689 ,69 ,123 ,264 ,294 ,370 ,508 ,541 ,369 ,136 ,14 ,1 ,2711 ,2711 ,49 ,112 ,290 ,205 ,274 ,411 ,604 ,473 ,249 ,44 ,0
부산광역시 동구 초량제3동(2617053000),12889 ,12889 ,1206 ,799 ,1813 ,2486 ,2096 ,1801 ,1526 ,764 ,338 ,54 ,6 ,6220 ,6220 ,628 ,417 ,777 ,1206 ,1067 ,892 ,766 ,342 ,108 ,14 ,3 ,6669 ,6669 ,578 ,382 ,1036 ,1280 ,1029 ,909 ,760 ,422 ,230 ,40 ,3
부산광역시 동구 초량제6동(2617055000),5545 ,5545 ,120 ,346 ,487 ,420 ,648 ,939 ,1111 ,896 ,508 ,69 ,1 ,2693 ,2693 ,63 ,182 ,270 ,236 ,337 ,511 ,514 ,382 ,185 ,13 ,0 ,2852 ,2852 ,57 ,164 ,217 ,184 ,311 ,428 ,597 ,514 ,323 ,56 ,1
부산광역시 동구 수정제1동(2617056000),3992 ,3992 ,159 ,287 ,443 ,358 ,554 ,635 ,707 ,546 ,270 ,33 ,0 ,1937 ,1937 ,90 ,141 ,244 ,198 ,279 ,342 ,296 ,231 ,110 ,6 ,0 ,2055 ,2055 ,69 ,146 ,199 ,160 ,275 ,293 ,411 ,315 ,160 ,27 ,0
부산광역시 동구 수정제2동(2617057000),9456 ,9456 ,369 ,512 ,957 ,1122 ,1135 ,1532 ,1867 ,1286 ,617 ,58 ,1 ,4503 ,4503 ,190 ,265 ,434 ,603 ,596 ,759 ,868 ,557 ,220 ,10 ,1 ,4953 ,4953 ,179 ,247 ,523 ,519 ,539 ,773 ,999 ,729 ,397 ,48 ,0
부산광역시 동구 수정제4동(2617059000),3643 ,3643 ,65 ,155 ,297 ,262 ,361 ,622 ,774 ,659 ,402 ,46 ,0 ,1794 ,1794 ,37 ,87 ,167 ,148 ,216 ,339 ,397 ,257 ,132 ,14 ,0 ,1849 ,1849 ,28 ,68 ,130 ,114 ,145 ,283 ,377 ,402 ,270 ,32 ,0
부산광역시 동구 수정제5동(2617060000),4974 ,4974 ,108 ,289 ,447 ,343 ,563 ,833 ,1048 ,852 ,433 ,57 ,1 ,2374 ,2374 ,59 ,152 ,242 ,190 ,297 ,434 ,471 ,370 ,150 ,9 ,0 ,2600 ,2600 ,49 ,137 ,205 ,153 ,266 ,399 ,577 ,482 ,283 ,48 ,1
부산광역시 동구 좌천동(2617064500),11564 ,11564 ,471 ,595 ,1277 ,1355 ,1473 ,1868 ,2171 ,1501 ,783 ,66 ,4 ,5614 ,5614 ,233 ,305 ,674 ,704 ,818 ,900 ,1037 ,644 ,284 ,14 ,1 ,5950 ,5950 ,238 ,290 ,603 ,651 ,655 ,968 ,1134 ,857 ,499 ,52 ,3
부산광역시 동구 범일제1동(2617065000),11286 ,11286 ,295 ,517 ,1122 ,1112 ,1316 ,1866 ,2488 ,1582 ,890 ,97 ,1 ,5539 ,5539 ,149 ,261 ,587 ,619 ,748 ,984 ,1164 ,699 ,301 ,27 ,0 ,5747 ,5747 ,146 ,256 ,535 ,493 ,568 ,882 ,1324 ,883 ,589 ,70 ,1
부산광역시 동구 범일제2동(2617066000),7775 ,7775 ,333 ,341 ,982 ,1126 ,1007 ,1345 ,1500 ,760 ,340 ,41 ,0 ,3885 ,3885 ,172 ,172 ,457 ,588 ,548 ,704 ,748 ,350 ,132 ,14 ,0 ,3890 ,3890 ,161 ,169 ,525 ,538 ,459 ,641 ,752 ,410 ,208 ,27 ,0
부산광역시 동구 범일제5동(2617068000),4208 ,4208 ,327 ,238 ,380 ,554 ,694 ,588 ,702 ,451 ,236 ,36 ,2 ,2063 ,2063 ,168 ,123 ,178 ,278 ,371 ,318 ,350 ,202 ,69 ,6 ,0 ,2145 ,2145 ,159 ,115 ,202 ,276 ,323 ,270 ,352 ,249 ,167 ,30 ,2
부산광역시 영도구 (2620000000),107454 ,107454 ,4411 ,6836 ,10272 ,9760 ,13823 ,17763 ,22181 ,14658 ,6963 ,768 ,19 ,52869 ,52869 ,2232 ,3515 ,5626 ,5311 ,7251 ,9185 ,10633 ,6402 ,2551 ,161 ,2 ,54585 ,54585 ,2179 ,3321 ,4646 ,4449 ,6572 ,8578 ,11548 ,8256 ,4412 ,607 ,17
부산광역시 영도구 남항동(2620053000),10541 ,10541 ,350 ,470 ,975 ,976 ,1299 ,1778 ,2280 ,1543 ,779 ,90 ,1 ,5280 ,5280 ,182 ,240 ,513 ,544 ,715 ,1001 ,1124 ,669 ,274 ,18 ,0 ,5261 ,5261 ,168 ,230 ,462 ,432 ,584 ,777 ,1156 ,874 ,505 ,72 ,1
부산광역시 영도구 영선제1동(2620054000),3813 ,3813 ,143 ,219 ,350 ,328 ,452 ,620 ,865 ,552 ,254 ,28 ,2 ,1819 ,1819 ,68 ,111 ,177 ,172 ,239 ,305 ,381 ,251 ,106 ,9 ,0 ,1994 ,1994 ,75 ,108 ,173 ,156 ,213 ,315 ,484 ,301 ,148 ,19 ,2
부산광역시 영도구 영선제2동(2620055000),7777 ,7777 ,293 ,465 ,726 ,695 ,904 ,1291 ,1594 ,1178 ,563 ,68 ,0 ,3776 ,3776 ,157 ,241 ,399 ,373 ,469 ,632 ,762 ,494 ,238 ,11 ,0 ,4001 ,4001 ,136 ,224 ,327 ,322 ,435 ,659 ,832 ,684 ,325 ,57 ,0
부산광역시 영도구 신선동(2620058500),7669 ,7669 ,153 ,375 ,579 ,502 ,852 ,1315 ,1719 ,1348 ,744 ,82 ,0 ,3830 ,3830 ,80 ,199 ,317 ,304 ,491 ,753 ,858 ,555 ,260 ,13 ,0 ,3839 ,3839 ,73 ,176 ,262 ,198 ,361 ,562 ,861 ,793 ,484 ,69 ,0
부산광역시 영도구 봉래제1동(2620059000),6417 ,6417 ,253 ,377 ,574 ,606 ,829 ,981 ,1409 ,898 ,430 ,58 ,2 ,3181 ,3181 ,137 ,195 ,312 ,337 ,457 ,530 ,652 ,395 ,152 ,13 ,1 ,3236 ,3236 ,116 ,182 ,262 ,269 ,372 ,451 ,757 ,503 ,278 ,45 ,1
부산광역시 영도구 봉래제2동(2620060500),7593 ,7593 ,470 ,499 ,651 ,807 ,1118 ,1219 ,1295 ,987 ,507 ,39 ,1 ,3690 ,3690 ,228 ,250 ,346 ,431 ,571 ,627 ,608 ,415 ,202 ,12 ,0 ,3903 ,3903 ,242 ,249 ,305 ,376 ,547 ,592 ,687 ,572 ,305 ,27 ,1
부산광역시 영도구 청학제1동(2620063000),5714 ,5714 ,260 ,371 ,464 ,476 ,812 ,888 ,1185 ,820 ,389 ,49 ,0 ,2789 ,2789 ,136 ,201 ,232 ,248 ,434 ,474 ,569 ,339 ,147 ,9 ,0 ,2925 ,2925 ,124 ,170 ,232 ,228 ,378 ,414 ,616 ,481 ,242 ,40 ,0
부산광역시 영도구 청학제2동(2620064000),17255 ,17255 ,803 ,1285 ,1617 ,1630 ,2384 ,2930 ,3411 ,2134 ,957 ,101 ,3 ,8515 ,8515 ,388 ,671 ,883 ,899 ,1211 ,1486 ,1625 ,988 ,351 ,13 ,0 ,8740 ,8740 ,415 ,614 ,734 ,731 ,1173 ,1444 ,1786 ,1146 ,606 ,88 ,3
부산광역시 영도구 동삼제1동(2620065000),26492 ,26492 ,1118 ,1977 ,2928 ,2468 ,3399 ,4532 ,5348 ,3114 ,1439 ,164 ,5 ,12913 ,12913 ,553 ,1022 ,1601 ,1322 ,1699 ,2199 ,2576 ,1377 ,526 ,38 ,0 ,13579 ,13579 ,565 ,955 ,1327 ,1146 ,1700 ,2333 ,2772 ,1737 ,913 ,126 ,5
부산광역시 영도구 동삼제2동(2620066000),4924 ,4924 ,348 ,343 ,716 ,568 ,752 ,706 ,750 ,527 ,197 ,16 ,1 ,2562 ,2562 ,178 ,164 ,448 ,299 ,413 ,377 ,361 ,245 ,68 ,8 ,1 ,2362 ,2362 ,170 ,179 ,268 ,269 ,339 ,329 ,389 ,282 ,129 ,8 ,0
부산광역시 영도구 동삼제3동(2620067000),9259 ,9259 ,220 ,455 ,692 ,704 ,1022 ,1503 ,2325 ,1557 ,704 ,73 ,4 ,4514 ,4514 ,125 ,221 ,398 ,382 ,552 ,801 ,1117 ,674 ,227 ,17 ,0 ,4745 ,4745 ,95 ,234 ,294 ,322 ,470 ,702 ,1208 ,883 ,477 ,56 ,4
부산광역시 부산진구 (2623000000),357615 ,357615 ,19559 ,24135 ,50071 ,49150 ,49961 ,55815 ,58802 ,32978 ,15375 ,1736 ,33 ,171805 ,171805 ,9996 ,12172 ,23769 ,25065 ,25379 ,27184 ,27441 ,14652 ,5729 ,412 ,6 ,185810 ,185810 ,9563 ,11963 ,26302 ,24085 ,24582 ,28631 ,31361 ,18326 ,9646 ,1324 ,27
부산광역시 부산진구 부전제1동(2623051000),15890 ,15890 ,577 ,538 ,3743 ,2637 ,1735 ,2243 ,2449 ,1288 ,607 ,72 ,1 ,7874 ,7874 ,286 ,269 ,1581 ,1406 ,971 ,1237 ,1270 ,617 ,221 ,16 ,0 ,8016 ,8016 ,291 ,269 ,2162 ,1231 ,764 ,1006 ,1179 ,671 ,386 ,56 ,1
부산광역시 부산진구 부전제2동(2623052000),10840 ,10840 ,580 ,476 ,2631 ,1941 ,1516 ,1498 ,1328 ,589 ,241 ,39 ,1 ,5343 ,5343 ,306 ,243 ,1170 ,1017 ,837 ,758 ,647 ,271 ,84 ,10 ,0 ,5497 ,5497 ,274 ,233 ,1461 ,924 ,679 ,740 ,681 ,318 ,157 ,29 ,1
부산광역시 부산진구 연지동(2623054000),25413 ,25413 ,2163 ,2228 ,2230 ,3259 ,4088 ,3855 ,4062 ,2324 ,1089 ,113 ,2 ,12108 ,12108 ,1097 ,1142 ,1145 ,1632 ,1963 ,1835 ,1819 ,1021 ,428 ,25 ,1 ,13305 ,13305 ,1066 ,1086 ,1085 ,1627 ,2125 ,2020 ,2243 ,1303 ,661 ,88 ,1
부산광역시 부산진구 초읍동(2623055000),21027 ,21027 ,1060 ,1492 ,1874 ,2080 ,2887 ,3454 ,4004 ,2755 ,1272 ,146 ,3 ,10104 ,10104 ,552 ,825 ,966 ,1047 ,1467 ,1719 ,1782 ,1211 ,496 ,38 ,1 ,10923 ,10923 ,508 ,667 ,908 ,1033 ,1420 ,1735 ,2222 ,1544 ,776 ,108 ,2
부산광역시 부산진구 양정제1동(2623056000),19111 ,19111 ,945 ,1320 ,2491 ,2358 ,2627 ,3359 ,3198 ,1809 ,901 ,100 ,3 ,8924 ,8924 ,474 ,659 ,1216 ,1166 ,1296 ,1561 ,1467 ,746 ,302 ,37 ,0 ,10187 ,10187 ,471 ,661 ,1275 ,1192 ,1331 ,1798 ,1731 ,1063 ,599 ,63 ,3
부산광역시 부산진구 양정제2동(2623057000),11653 ,11653 ,407 ,512 ,2808 ,2149 ,1514 ,1456 ,1425 ,880 ,455 ,46 ,1 ,5339 ,5339 ,205 ,240 ,1065 ,1019 ,789 ,767 ,670 ,384 ,189 ,10 ,1 ,6314 ,6314 ,202 ,272 ,1743 ,1130 ,725 ,689 ,755 ,496 ,266 ,36 ,0
부산광역시 부산진구 전포제1동(2623060000),21075 ,21075 ,1300 ,1213 ,4429 ,4223 ,2999 ,2570 ,2272 ,1316 ,669 ,84 ,0 ,10113 ,10113 ,673 ,622 ,1917 ,2155 ,1538 ,1271 ,1080 ,582 ,254 ,21 ,0 ,10962 ,10962 ,627 ,591 ,2512 ,2068 ,1461 ,1299 ,1192 ,734 ,415 ,63 ,0
부산광역시 부산진구 전포제2동(2623061000),23298 ,23298 ,1169 ,1292 ,3474 ,3805 ,3171 ,3265 ,3618 ,2290 ,1098 ,114 ,2 ,10880 ,10880 ,608 ,634 ,1586 ,1903 ,1527 ,1566 ,1623 ,976 ,436 ,21 ,0 ,12418 ,12418 ,561 ,658 ,1888 ,1902 ,1644 ,1699 ,1995 ,1314 ,662 ,93 ,2
부산광역시 부산진구 부암제1동(2623064000),23414 ,23414 ,1755 ,1839 ,2630 ,3351 ,3734 ,3715 ,3506 ,1934 ,844 ,103 ,3 ,11356 ,11356 ,939 ,925 ,1292 ,1627 ,1880 ,1817 ,1640 ,902 ,308 ,24 ,2 ,12058 ,12058 ,816 ,914 ,1338 ,1724 ,1854 ,1898 ,1866 ,1032 ,536 ,79 ,1
부산광역시 부산진구 부암제3동(2623066000),16785 ,16785 ,862 ,1759 ,1726 ,1413 ,2582 ,3097 ,3024 ,1557 ,695 ,69 ,1 ,8212 ,8212 ,449 ,865 ,981 ,716 ,1243 ,1506 ,1480 ,693 ,272 ,7 ,0 ,8573 ,8573 ,413 ,894 ,745 ,697 ,1339 ,1591 ,1544 ,864 ,423 ,62 ,1
부산광역시 부산진구 당감제1동(2623067000),21867 ,21867 ,858 ,1742 ,2400 ,2099 ,2919 ,4044 ,4265 ,2279 ,1107 ,152 ,2 ,10400 ,10400 ,422 ,904 ,1255 ,1123 ,1442 ,1878 ,1991 ,981 ,370 ,34 ,0 ,11467 ,11467 ,436 ,838 ,1145 ,976 ,1477 ,2166 ,2274 ,1298 ,737 ,118 ,2
부산광역시 부산진구 당감제2동(2623068000),9950 ,9950 ,628 ,657 ,1193 ,1501 ,1430 ,1407 ,1702 ,961 ,440 ,31 ,0 ,4698 ,4698 ,300 ,330 ,549 ,778 ,719 ,662 ,743 ,427 ,179 ,11 ,0 ,5252 ,5252 ,328 ,327 ,644 ,723 ,711 ,745 ,959 ,534 ,261 ,20 ,0
부산광역시 부산진구 당감제4동(2623070000),10883 ,10883 ,567 ,826 ,1067 ,1149 ,1524 ,2052 ,2006 ,1113 ,520 ,59 ,0 ,5275 ,5275 ,297 ,414 ,560 ,587 ,782 ,971 ,976 ,484 ,192 ,12 ,0 ,5608 ,5608 ,270 ,412 ,507 ,562 ,742 ,1081 ,1030 ,629 ,328 ,47 ,0
부산광역시 부산진구 가야제1동(2623071000),18247 ,18247 ,638 ,1130 ,2723 ,1960 ,2425 ,2943 ,3458 ,2007 ,883 ,80 ,0 ,9153 ,9153 ,315 ,561 ,1481 ,1093 ,1336 ,1506 ,1614 ,915 ,319 ,13 ,0 ,9094 ,9094 ,323 ,569 ,1242 ,867 ,1089 ,1437 ,1844 ,1092 ,564 ,67 ,0
부산광역시 부산진구 가야제2동(2623072000),18168 ,18168 ,1146 ,1457 ,2045 ,2180 ,2547 ,2867 ,3151 ,1912 ,769 ,89 ,5 ,8808 ,8808 ,578 ,724 ,1088 ,1124 ,1265 ,1385 ,1415 ,881 ,323 ,25 ,0 ,9360 ,9360 ,568 ,733 ,957 ,1056 ,1282 ,1482 ,1736 ,1031 ,446 ,64 ,5
부산광역시 부산진구 개금제1동(2623074000),18030 ,18030 ,1191 ,1124 ,3263 ,2844 ,2634 ,2646 ,2374 ,1295 ,602 ,55 ,2 ,8729 ,8729 ,606 ,541 ,1480 ,1483 ,1380 ,1285 ,1113 ,585 ,241 ,15 ,0 ,9301 ,9301 ,585 ,583 ,1783 ,1361 ,1254 ,1361 ,1261 ,710 ,361 ,40 ,2
부산광역시 부산진구 개금제2동(2623075000),10368 ,10368 ,443 ,742 ,1360 ,1001 ,1343 ,1745 ,1963 ,1170 ,553 ,47 ,1 ,5037 ,5037 ,219 ,361 ,726 ,559 ,683 ,850 ,910 ,522 ,199 ,8 ,0 ,5331 ,5331 ,224 ,381 ,634 ,442 ,660 ,895 ,1053 ,648 ,354 ,39 ,1
부산광역시 부산진구 개금제3동(2623076000),27442 ,27442 ,1474 ,2239 ,3014 ,2997 ,3762 ,4827 ,5411 ,2451 ,1102 ,162 ,3 ,13171 ,13171 ,771 ,1110 ,1554 ,1492 ,1883 ,2280 ,2555 ,1117 ,373 ,35 ,1 ,14271 ,14271 ,703 ,1129 ,1460 ,1505 ,1879 ,2547 ,2856 ,1334 ,729 ,127 ,2
부산광역시 부산진구 범천제1동(2623077000),12463 ,12463 ,495 ,454 ,2580 ,2567 ,1562 ,1674 ,1662 ,903 ,501 ,64 ,1 ,5808 ,5808 ,233 ,217 ,1070 ,1285 ,795 ,831 ,785 ,387 ,180 ,25 ,0 ,6655 ,6655 ,262 ,237 ,1510 ,1282 ,767 ,843 ,877 ,516 ,321 ,39 ,1
부산광역시 부산진구 범천제2동(2623078000),21691 ,21691 ,1301 ,1095 ,2390 ,3636 ,2962 ,3098 ,3924 ,2145 ,1027 ,111 ,2 ,10473 ,10473 ,666 ,586 ,1087 ,1853 ,1583 ,1499 ,1861 ,950 ,363 ,25 ,0 ,11218 ,11218 ,635 ,509 ,1303 ,1783 ,1379 ,1599 ,2063 ,1195 ,664 ,86 ,2
부산광역시 동래구 (2626000000),273034 ,273034 ,19077 ,25504 ,29622 ,32096 ,43914 ,43723 ,43237 ,24437 ,10153 ,1236 ,35 ,132038 ,132038 ,9785 ,13230 ,15120 ,16176 ,21435 ,21120 ,19807 ,11121 ,3971 ,269 ,4 ,140996 ,140996 ,9292 ,12274 ,14502 ,15920 ,22479 ,22603 ,23430 ,13316 ,6182 ,967 ,31
부산광역시 동래구 수민동(2626051000),31394 ,31394 ,2228 ,2699 ,3293 ,3898 ,4825 ,5027 ,5122 ,2910 ,1232 ,155 ,5 ,15159 ,15159 ,1136 ,1451 ,1706 ,1987 ,2378 ,2369 ,2296 ,1319 ,483 ,33 ,1 ,16235 ,16235 ,1092 ,1248 ,1587 ,1911 ,2447 ,2658 ,2826 ,1591 ,749 ,122 ,4
부산광역시 동래구 복산동(2626052000),8855 ,8855 ,256 ,523 ,839 ,769 ,1044 ,1483 ,1958 ,1254 ,651 ,75 ,3 ,4313 ,4313 ,130 ,279 ,468 ,444 ,552 ,735 ,925 ,537 ,226 ,17 ,0 ,4542 ,4542 ,126 ,244 ,371 ,325 ,492 ,748 ,1033 ,717 ,425 ,58 ,3
부산광역시 동래구 명륜동(2626054500),26404 ,26404 ,2465 ,3605 ,2456 ,2905 ,5360 ,4193 ,2990 ,1603 ,743 ,83 ,1 ,12935 ,12935 ,1282 ,1963 ,1270 ,1340 ,2536 ,2116 ,1384 ,739 ,289 ,16 ,0 ,13469 ,13469 ,1183 ,1642 ,1186 ,1565 ,2824 ,2077 ,1606 ,864 ,454 ,67 ,1
부산광역시 동래구 온천제1동(2626055000),23649 ,23649 ,1422 ,1381 ,3607 ,4080 ,3643 ,3620 ,3089 ,1800 ,902 ,99 ,6 ,11083 ,11083 ,720 ,674 ,1539 ,2028 ,1771 ,1746 ,1455 ,764 ,353 ,32 ,1 ,12566 ,12566 ,702 ,707 ,2068 ,2052 ,1872 ,1874 ,1634 ,1036 ,549 ,67 ,5
부산광역시 동래구 온천제2동(2626056000),24421 ,24421 ,2709 ,2362 ,2193 ,3276 ,4191 ,3353 ,3327 ,1934 ,920 ,151 ,5 ,11748 ,11748 ,1316 ,1187 ,1173 ,1594 ,2050 ,1641 ,1502 ,894 ,354 ,37 ,0 ,12673 ,12673 ,1393 ,1175 ,1020 ,1682 ,2141 ,1712 ,1825 ,1040 ,566 ,114 ,5
부산광역시 동래구 온천제3동(2626057000),37518 ,37518 ,2252 ,2674 ,4966 ,4836 ,5398 ,6204 ,6206 ,3467 ,1363 ,148 ,4 ,18228 ,18228 ,1148 ,1432 ,2458 ,2497 ,2697 ,2927 ,2879 ,1578 ,574 ,38 ,0 ,19290 ,19290 ,1104 ,1242 ,2508 ,2339 ,2701 ,3277 ,3327 ,1889 ,789 ,110 ,4
부산광역시 동래구 사직제1동(2626058000),10277 ,10277 ,670 ,1005 ,1098 ,1172 ,1693 ,1610 ,1500 ,1004 ,474 ,51 ,0 ,4935 ,4935 ,357 ,474 ,587 ,599 ,837 ,790 ,655 ,435 ,189 ,12 ,0 ,5342 ,5342 ,313 ,531 ,511 ,573 ,856 ,820 ,845 ,569 ,285 ,39 ,0
부산광역시 동래구 사직제2동(2626059000),25268 ,25268 ,2054 ,3888 ,2594 ,2146 ,5000 ,4379 ,3108 ,1528 ,501 ,67 ,3 ,12106 ,12106 ,1020 ,1895 ,1344 ,1045 ,2258 ,2181 ,1479 ,687 ,189 ,8 ,0 ,13162 ,13162 ,1034 ,1993 ,1250 ,1101 ,2742 ,2198 ,1629 ,841 ,312 ,59 ,3
부산광역시 동래구 사직제3동(2626060000),17061 ,17061 ,1242 ,1952 ,1671 ,1602 ,3165 ,2590 ,2541 ,1592 ,642 ,63 ,1 ,8435 ,8435 ,690 ,1102 ,857 ,777 ,1577 ,1321 ,1140 ,706 ,251 ,14 ,0 ,8626 ,8626 ,552 ,850 ,814 ,825 ,1588 ,1269 ,1401 ,886 ,391 ,49 ,1
부산광역시 동래구 안락제1동(2626074000),14027 ,14027 ,675 ,900 ,1433 ,1518 ,1870 ,2269 ,2890 ,1697 ,690 ,84 ,1 ,6895 ,6895 ,373 ,480 ,771 ,795 ,964 ,1114 ,1316 ,783 ,286 ,13 ,0 ,7132 ,7132 ,302 ,420 ,662 ,723 ,906 ,1155 ,1574 ,914 ,404 ,71 ,1
부산광역시 동래구 안락제2동(2626075000),26232 ,26232 ,1513 ,2583 ,2697 ,2762 ,3967 ,4454 ,4713 ,2502 ,924 ,115 ,2 ,12688 ,12688 ,794 ,1316 ,1452 ,1426 ,1896 ,2080 ,2172 ,1188 ,342 ,21 ,1 ,13544 ,13544 ,719 ,1267 ,1245 ,1336 ,2071 ,2374 ,2541 ,1314 ,582 ,94 ,1
부산광역시 동래구 명장제1동(2626076100),13765 ,13765 ,877 ,1018 ,1312 ,1513 ,1950 ,2202 ,2700 ,1540 ,575 ,74 ,4 ,6622 ,6622 ,440 ,482 ,695 ,765 ,995 ,1043 ,1234 ,720 ,238 ,9 ,1 ,7143 ,7143 ,437 ,536 ,617 ,748 ,955 ,1159 ,1466 ,820 ,337 ,65 ,3
부산광역시 동래구 명장제2동(2626076200),14163 ,14163 ,714 ,914 ,1463 ,1619 ,1808 ,2339 ,3093 ,1606 ,536 ,71 ,0 ,6891 ,6891 ,379 ,495 ,800 ,879 ,924 ,1057 ,1370 ,771 ,197 ,19 ,0 ,7272 ,7272 ,335 ,419 ,663 ,740 ,884 ,1282 ,1723 ,835 ,339 ,52 ,0
부산광역시 남구 (2629000000),256257 ,256257 ,14751 ,22391 ,32911 ,26704 ,38619 ,41292 ,41304 ,25612 ,11391 ,1248 ,34 ,124998 ,124998 ,7558 ,11448 ,17391 ,13743 ,19333 ,20407 ,18997 ,11320 ,4508 ,285 ,8 ,131259 ,131259 ,7193 ,10943 ,15520 ,12961 ,19286 ,20885 ,22307 ,14292 ,6883 ,963 ,26
부산광역시 남구 대연제1동(2629051000),15834 ,15834 ,380 ,968 ,3811 ,1755 ,1873 ,2202 ,2290 ,1656 ,822 ,77 ,0 ,8017 ,8017 ,185 ,469 ,2115 ,1032 ,998 ,1112 ,993 ,725 ,363 ,25 ,0 ,7817 ,7817 ,195 ,499 ,1696 ,723 ,875 ,1090 ,1297 ,931 ,459 ,52 ,0
부산광역시 남구 대연제3동(2629053000),33303 ,33303 ,2328 ,3461 ,6975 ,3834 ,5422 ,4745 ,3602 ,1941 ,874 ,120 ,1 ,16331 ,16331 ,1213 ,1743 ,3627 ,1922 ,2661 ,2287 ,1626 ,861 ,363 ,28 ,0 ,16972 ,16972 ,1115 ,1718 ,3348 ,1912 ,2761 ,2458 ,1976 ,1080 ,511 ,92 ,1
부산광역시 남구 대연제4동(2629054000),11916 ,11916 ,898 ,861 ,1040 ,1430 ,1829 ,1723 ,2037 ,1398 ,629 ,69 ,2 ,5800 ,5800 ,455 ,451 ,548 ,718 ,973 ,863 ,922 ,600 ,247 ,22 ,1 ,6116 ,6116 ,443 ,410 ,492 ,712 ,856 ,860 ,1115 ,798 ,382 ,47 ,1
부산광역시 남구 대연제5동(2629055000),16805 ,16805 ,852 ,1371 ,2863 ,1827 ,2438 ,2535 ,2439 ,1626 ,772 ,80 ,2 ,8061 ,8061 ,462 ,719 ,1331 ,940 ,1207 ,1247 ,1116 ,704 ,310 ,24 ,1 ,8744 ,8744 ,390 ,652 ,1532 ,887 ,1231 ,1288 ,1323 ,922 ,462 ,56 ,1
부산광역시 남구 대연제6동(2629056000),14879 ,14879 ,1476 ,1678 ,1485 ,1768 ,2704 ,2256 ,1867 ,1106 ,480 ,56 ,3 ,7138 ,7138 ,737 ,850 ,772 ,814 ,1306 ,1102 ,841 ,493 ,214 ,9 ,0 ,7741 ,7741 ,739 ,828 ,713 ,954 ,1398 ,1154 ,1026 ,613 ,266 ,47 ,3
부산광역시 남구 용호제1동(2629057000),42904 ,42904 ,2767 ,4884 ,4359 ,3532 ,7024 ,7836 ,6770 ,3796 ,1709 ,220 ,7 ,20535 ,20535 ,1392 ,2475 ,2352 ,1693 ,3244 ,3777 ,3190 ,1687 ,672 ,50 ,3 ,22369 ,22369 ,1375 ,2409 ,2007 ,1839 ,3780 ,4059 ,3580 ,2109 ,1037 ,170 ,4
부산광역시 남구 용호제2동(2629058000),19008 ,19008 ,1417 ,1941 ,1720 ,2073 ,3210 ,2917 ,3120 ,1842 ,673 ,94 ,1 ,9221 ,9221 ,705 ,998 ,920 ,1040 ,1563 ,1432 ,1415 ,866 ,265 ,17 ,0 ,9787 ,9787 ,712 ,943 ,800 ,1033 ,1647 ,1485 ,1705 ,976 ,408 ,77 ,1
부산광역시 남구 용호제3동(2629059000),11463 ,11463 ,357 ,775 ,1142 ,958 ,1438 ,1937 ,2459 ,1670 ,662 ,61 ,4 ,5543 ,5543 ,183 ,401 ,617 ,529 ,727 ,955 ,1102 ,773 ,243 ,13 ,0 ,5920 ,5920 ,174 ,374 ,525 ,429 ,711 ,982 ,1357 ,897 ,419 ,48 ,4
부산광역시 남구 용호제4동(2629060000),7908 ,7908 ,366 ,570 ,766 ,845 ,1181 ,1250 ,1557 ,949 ,383 ,38 ,3 ,3790 ,3790 ,205 ,283 ,404 ,441 ,605 ,606 ,673 ,409 ,149 ,13 ,2 ,4118 ,4118 ,161 ,287 ,362 ,404 ,576 ,644 ,884 ,540 ,234 ,25 ,1
부산광역시 남구 용당동(2629061000),7986 ,7986 ,429 ,699 ,944 ,741 ,1138 ,1458 ,1422 ,807 ,313 ,35 ,0 ,4035 ,4035 ,219 ,356 ,566 ,380 ,597 ,730 ,705 ,358 ,121 ,3 ,0 ,3951 ,3951 ,210 ,343 ,378 ,361 ,541 ,728 ,717 ,449 ,192 ,32 ,0
부산광역시 남구 감만제1동(2629062000),9836 ,9836 ,424 ,732 ,936 ,963 ,1404 ,1653 ,1977 ,1191 ,516 ,40 ,0 ,5023 ,5023 ,218 ,375 ,550 ,545 ,778 ,841 ,960 ,527 ,226 ,3 ,0 ,4813 ,4813 ,206 ,357 ,386 ,418 ,626 ,812 ,1017 ,664 ,290 ,37 ,0
부산광역시 남구 감만제2동(2629063000),6666 ,6666 ,217 ,423 ,604 ,534 ,878 ,1129 ,1358 ,1001 ,470 ,52 ,0 ,3261 ,3261 ,108 ,227 ,338 ,295 ,479 ,601 ,604 ,416 ,179 ,14 ,0 ,3405 ,3405 ,109 ,196 ,266 ,239 ,399 ,528 ,754 ,585 ,291 ,38 ,0
부산광역시 남구 우암동(2629064500),12576 ,12576 ,473 ,848 ,1105 ,1099 ,1650 ,2012 ,2730 ,1811 ,743 ,103 ,2 ,6160 ,6160 ,262 ,441 ,625 ,567 ,894 ,1018 ,1229 ,824 ,283 ,17 ,0 ,6416 ,6416 ,211 ,407 ,480 ,532 ,756 ,994 ,1501 ,987 ,460 ,86 ,2
부산광역시 남구 문현제1동(2629068000),11435 ,11435 ,523 ,963 ,1274 ,975 ,1640 ,2131 ,2050 ,1280 ,559 ,40 ,0 ,5610 ,5610 ,273 ,518 ,687 ,523 ,808 ,1074 ,958 ,554 ,207 ,8 ,0 ,5825 ,5825 ,250 ,445 ,587 ,452 ,832 ,1057 ,1092 ,726 ,352 ,32 ,0
부산광역시 남구 문현제2동(2629069000),8090 ,8090 ,296 ,335 ,1139 ,1267 ,1062 ,1186 ,1324 ,896 ,527 ,53 ,5 ,4016 ,4016 ,165 ,169 ,483 ,693 ,598 ,648 ,683 ,383 ,177 ,16 ,1 ,4074 ,4074 ,131 ,166 ,656 ,574 ,464 ,538 ,641 ,513 ,350 ,37 ,4
부산광역시 남구 문현제3동(2629070000),16700 ,16700 ,1172 ,1386 ,1761 ,2114 ,2612 ,2754 ,2555 ,1572 ,704 ,67 ,3 ,8106 ,8106 ,582 ,705 ,936 ,1072 ,1308 ,1341 ,1179 ,698 ,272 ,13 ,0 ,8594 ,8594 ,590 ,681 ,825 ,1042 ,1304 ,1413 ,1376 ,874 ,432 ,54 ,3
부산광역시 남구 문현제4동(2629071000),8948 ,8948 ,376 ,496 ,987 ,989 ,1116 ,1568 ,1747 ,1070 ,555 ,43 ,1 ,4351 ,4351 ,194 ,268 ,520 ,539 ,587 ,773 ,801 ,442 ,217 ,10 ,0 ,4597 ,4597 ,182 ,228 ,467 ,450 ,529 ,795 ,946 ,628 ,338 ,33 ,1
부산광역시 북구 (2632000000),277390 ,277390 ,16905 ,21659 ,31953 ,33125 ,37989 ,49750 ,50981 ,23665 ,10114 ,1216 ,33 ,136470 ,136470 ,8699 ,11202 ,16994 ,17416 ,19093 ,23335 ,24846 ,10989 ,3683 ,211 ,2 ,140920 ,140920 ,8206 ,10457 ,14959 ,15709 ,18896 ,26415 ,26135 ,12676 ,6431 ,1005 ,31
부산광역시 북구 구포제1동(2632051000),15897 ,15897 ,879 ,739 ,1895 ,2262 ,1926 ,2731 ,3270 ,1501 ,627 ,64 ,3 ,7950 ,7950 ,443 ,364 ,970 ,1228 ,1062 ,1308 ,1612 ,713 ,236 ,13 ,1 ,7947 ,7947 ,436 ,375 ,925 ,1034 ,864 ,1423 ,1658 ,788 ,391 ,51 ,2
부산광역시 북구 구포제2동(2632052000),24265 ,24265 ,1106 ,1591 ,2903 ,2898 ,3154 ,4582 ,4872 ,2184 ,885 ,86 ,4 ,12390 ,12390 ,576 ,840 ,1588 ,1619 ,1694 ,2229 ,2441 ,1062 ,326 ,15 ,0 ,11875 ,11875 ,530 ,751 ,1315 ,1279 ,1460 ,2353 ,2431 ,1122 ,559 ,71 ,4
부산광역시 북구 구포제3동(2632052100),18834 ,18834 ,638 ,1301 ,2430 ,1759 ,2398 ,3906 ,3947 ,1736 ,647 ,71 ,1 ,9695 ,9695 ,340 ,706 ,1369 ,987 ,1304 ,1939 ,1966 ,813 ,256 ,15 ,0 ,9139 ,9139 ,298 ,595 ,1061 ,772 ,1094 ,1967 ,1981 ,923 ,391 ,56 ,1
부산광역시 북구 금곡동(2632053000),36500 ,36500 ,1725 ,2693 ,3743 ,3554 ,4455 ,6790 ,7270 ,3839 ,2161 ,266 ,4 ,17612 ,17612 ,888 ,1380 ,2010 ,1941 ,2219 ,3129 ,3639 ,1679 ,682 ,45 ,0 ,18888 ,18888 ,837 ,1313 ,1733 ,1613 ,2236 ,3661 ,3631 ,2160 ,1479 ,221 ,4
부산광역시 북구 화명제1동(2632054100),40367 ,40367 ,3589 ,4134 ,4871 ,5008 ,6105 ,7626 ,6212 ,2019 ,707 ,93 ,3 ,19688 ,19688 ,1825 ,2083 ,2614 ,2406 ,2868 ,3422 ,3196 ,993 ,273 ,8 ,0 ,20679 ,20679 ,1764 ,2051 ,2257 ,2602 ,3237 ,4204 ,3016 ,1026 ,434 ,85 ,3
부산광역시 북구 화명제2동(2632054200),17466 ,17466 ,1229 ,1392 ,2201 ,2246 ,2242 ,3296 ,2936 ,1261 ,581 ,80 ,2 ,8500 ,8500 ,623 ,725 ,1184 ,1160 ,1102 ,1464 ,1449 ,572 ,207 ,13 ,1 ,8966 ,8966 ,606 ,667 ,1017 ,1086 ,1140 ,1832 ,1487 ,689 ,374 ,67 ,1
부산광역시 북구 화명제3동(2632054300),28737 ,28737 ,2101 ,3564 ,3518 ,2954 ,4766 ,5444 ,3556 ,1873 ,844 ,112 ,5 ,14012 ,14012 ,1088 ,1845 ,1879 ,1450 ,2143 ,2638 ,1740 ,854 ,341 ,34 ,0 ,14725 ,14725 ,1013 ,1719 ,1639 ,1504 ,2623 ,2806 ,1816 ,1019 ,503 ,78 ,5
부산광역시 북구 덕천제1동(2632055000),11869 ,11869 ,482 ,501 ,1390 ,1557 ,1368 ,1923 ,2501 ,1389 ,677 ,78 ,3 ,5833 ,5833 ,237 ,249 ,738 ,873 ,739 ,936 ,1163 ,635 ,248 ,15 ,0 ,6036 ,6036 ,245 ,252 ,652 ,684 ,629 ,987 ,1338 ,754 ,429 ,63 ,3
부산광역시 북구 덕천제2동(2632056000),11502 ,11502 ,327 ,534 ,1540 ,1453 ,1322 ,2006 ,2480 ,1215 ,543 ,81 ,1 ,5733 ,5733 ,179 ,265 ,793 ,857 ,713 ,1003 ,1170 ,541 ,198 ,14 ,0 ,5769 ,5769 ,148 ,269 ,747 ,596 ,609 ,1003 ,1310 ,674 ,345 ,67 ,1
부산광역시 북구 덕천제3동(2632056100),10331 ,10331 ,332 ,610 ,1200 ,1004 ,1332 ,1753 ,2136 ,1312 ,589 ,61 ,2 ,5001 ,5001 ,174 ,324 ,624 ,555 ,732 ,857 ,988 ,548 ,190 ,9 ,0 ,5330 ,5330 ,158 ,286 ,576 ,449 ,600 ,896 ,1148 ,764 ,399 ,52 ,2
부산광역시 북구 만덕제1동(2632057100),16618 ,16618 ,1475 ,1008 ,1555 ,2943 ,2420 ,2389 ,2922 ,1404 ,459 ,42 ,1 ,8113 ,8113 ,757 ,539 ,738 ,1524 ,1231 ,1085 ,1386 ,671 ,180 ,2 ,0 ,8505 ,8505 ,718 ,469 ,817 ,1419 ,1189 ,1304 ,1536 ,733 ,279 ,40 ,1
부산광역시 북구 만덕제2동(2632057200),26912 ,26912 ,2052 ,2307 ,2767 ,3429 ,4069 ,4281 ,4882 ,2246 ,773 ,106 ,0 ,13157 ,13157 ,1050 ,1204 ,1418 ,1756 ,2040 ,2016 ,2284 ,1088 ,287 ,14 ,0 ,13755 ,13755 ,1002 ,1103 ,1349 ,1673 ,2029 ,2265 ,2598 ,1158 ,486 ,92 ,0
부산광역시 북구 만덕제3동(2632057300),18092 ,18092 ,970 ,1285 ,1940 ,2058 ,2432 ,3023 ,3997 ,1686 ,621 ,76 ,4 ,8786 ,8786 ,519 ,678 ,1069 ,1060 ,1246 ,1309 ,1812 ,820 ,259 ,14 ,0 ,9306 ,9306 ,451 ,607 ,871 ,998 ,1186 ,1714 ,2185 ,866 ,362 ,62 ,4
부산광역시 해운대구 (2635000000),384335 ,384335 ,24327 ,35918 ,42044 ,42329 ,60922 ,67472 ,61545 ,32710 ,15066 ,1945 ,57 ,184285 ,184285 ,12497 ,18559 ,21932 ,20805 ,29030 ,32037 ,28945 ,14596 ,5442 ,430 ,12 ,200050 ,200050 ,11830 ,17359 ,20112 ,21524 ,31892 ,35435 ,32600 ,18114 ,9624 ,1515 ,45
부산광역시 해운대구 우제1동(2635051000),22171 ,22171 ,1236 ,1593 ,2628 ,2768 ,3282 ,3758 ,3671 ,2200 ,917 ,114 ,4 ,10515 ,10515 ,596 ,820 ,1285 ,1374 ,1566 ,1778 ,1677 ,1017 ,382 ,20 ,0 ,11656 ,11656 ,640 ,773 ,1343 ,1394 ,1716 ,1980 ,1994 ,1183 ,535 ,94 ,4
부산광역시 해운대구 우제2동(2635052000),30155 ,30155 ,2527 ,3106 ,3050 ,3408 ,5078 ,5323 ,4252 ,2232 ,1035 ,139 ,5 ,14274 ,14274 ,1302 ,1604 ,1569 ,1544 ,2322 ,2495 ,1986 ,1018 ,407 ,26 ,1 ,15881 ,15881 ,1225 ,1502 ,1481 ,1864 ,2756 ,2828 ,2266 ,1214 ,628 ,113 ,4
부산광역시 해운대구 우제3동(2635052500),28129 ,28129 ,2639 ,3188 ,2431 ,2942 ,5018 ,4654 ,4166 ,2043 ,907 ,136 ,5 ,13290 ,13290 ,1370 ,1625 ,1276 ,1253 ,2314 ,2120 ,1959 ,964 ,372 ,35 ,2 ,14839 ,14839 ,1269 ,1563 ,1155 ,1689 ,2704 ,2534 ,2207 ,1079 ,535 ,101 ,3
부산광역시 해운대구 중제1동(2635053000),27341 ,27341 ,2043 ,2527 ,3148 ,3371 ,4690 ,4868 ,3698 ,1971 ,915 ,105 ,5 ,13079 ,13079 ,1072 ,1313 ,1556 ,1591 ,2197 ,2353 ,1710 ,900 ,357 ,29 ,1 ,14262 ,14262 ,971 ,1214 ,1592 ,1780 ,2493 ,2515 ,1988 ,1071 ,558 ,76 ,4
부산광역시 해운대구 중제2동(2635054000),15354 ,15354 ,1132 ,1172 ,1442 ,1996 ,2631 ,2622 ,2628 ,1189 ,467 ,72 ,3 ,7329 ,7329 ,549 ,629 ,745 ,983 ,1295 ,1230 ,1184 ,520 ,176 ,18 ,0 ,8025 ,8025 ,583 ,543 ,697 ,1013 ,1336 ,1392 ,1444 ,669 ,291 ,54 ,3
부산광역시 해운대구 좌제1동(2635055100),17559 ,17559 ,982 ,1927 ,2485 ,2009 ,2867 ,3242 ,2175 ,1071 ,708 ,90 ,3 ,8169 ,8169 ,497 ,1016 ,1184 ,952 ,1219 ,1547 ,1060 ,428 ,233 ,32 ,1 ,9390 ,9390 ,485 ,911 ,1301 ,1057 ,1648 ,1695 ,1115 ,643 ,475 ,58 ,2
부산광역시 해운대구 좌제2동(2635055200),31067 ,31067 ,1774 ,2616 ,4406 ,4396 ,4587 ,5552 ,4409 ,2010 ,1142 ,170 ,5 ,14330 ,14330 ,914 ,1325 ,2074 ,2127 ,2061 ,2433 ,2097 ,832 ,417 ,48 ,2 ,16737 ,16737 ,860 ,1291 ,2332 ,2269 ,2526 ,3119 ,2312 ,1178 ,725 ,122 ,3
부산광역시 해운대구 좌제3동(2635055300),15531 ,15531 ,944 ,1595 ,1677 ,1550 ,2242 ,2847 ,2460 ,1277 ,802 ,135 ,2 ,7282 ,7282 ,484 ,821 ,923 ,771 ,993 ,1297 ,1140 ,538 ,278 ,37 ,0 ,8249 ,8249 ,460 ,774 ,754 ,779 ,1249 ,1550 ,1320 ,739 ,524 ,98 ,2
부산광역시 해운대구 좌제4동(2635055400),22419 ,22419 ,1525 ,2747 ,2580 ,2372 ,3583 ,4264 ,3001 ,1434 ,801 ,105 ,7 ,10615 ,10615 ,808 ,1388 ,1353 ,1129 ,1576 ,1986 ,1458 ,601 ,287 ,28 ,1 ,11804 ,11804 ,717 ,1359 ,1227 ,1243 ,2007 ,2278 ,1543 ,833 ,514 ,77 ,6
부산광역시 해운대구 송정동(2635056000),9548 ,9548 ,394 ,502 ,936 ,1118 ,1263 ,1611 ,2000 ,1113 ,544 ,65 ,2 ,4605 ,4605 ,210 ,283 ,523 ,587 ,684 ,736 ,887 ,510 ,176 ,9 ,0 ,4943 ,4943 ,184 ,219 ,413 ,531 ,579 ,875 ,1113 ,603 ,368 ,56 ,2
부산광역시 해운대구 반여제1동(2635057000),34605 ,34605 ,2347 ,3941 ,3903 ,3574 ,5706 ,6346 ,5096 ,2516 ,1041 ,132 ,3 ,17004 ,17004 ,1204 ,2054 ,2092 ,1777 ,2632 ,3126 ,2523 ,1189 ,380 ,26 ,1 ,17601 ,17601 ,1143 ,1887 ,1811 ,1797 ,3074 ,3220 ,2573 ,1327 ,661 ,106 ,2
부산광역시 해운대구 반여제2동(2635058000),12006 ,12006 ,387 ,527 ,1150 ,1331 ,1547 ,2134 ,2548 ,1592 ,713 ,76 ,1 ,5823 ,5823 ,188 ,270 ,657 ,729 ,857 ,1036 ,1172 ,665 ,229 ,20 ,0 ,6183 ,6183 ,199 ,257 ,493 ,602 ,690 ,1098 ,1376 ,927 ,484 ,56 ,1
부산광역시 해운대구 반여제3동(2635059000),8100 ,8100 ,158 ,378 ,824 ,675 ,959 ,1490 ,1904 ,1115 ,542 ,55 ,0 ,3958 ,3958 ,88 ,203 ,455 ,400 ,520 ,763 ,862 ,467 ,192 ,8 ,0 ,4142 ,4142 ,70 ,175 ,369 ,275 ,439 ,727 ,1042 ,648 ,350 ,47 ,0
부산광역시 해운대구 반여제4동(2635059500),15120 ,15120 ,1046 ,1448 ,1699 ,1677 ,2392 ,2714 ,2599 ,1138 ,366 ,41 ,0 ,7434 ,7434 ,540 ,737 ,930 ,832 ,1200 ,1253 ,1233 ,574 ,131 ,4 ,0 ,7686 ,7686 ,506 ,711 ,769 ,845 ,1192 ,1461 ,1366 ,564 ,235 ,37 ,0
부산광역시 해운대구 반송제1동(2635061000),13050 ,13050 ,288 ,592 ,1331 ,1002 ,1473 ,2406 ,2817 ,2001 ,1037 ,103 ,0 ,6529 ,6529 ,145 ,297 ,752 ,597 ,843 ,1288 ,1370 ,843 ,379 ,15 ,0 ,6521 ,6521 ,143 ,295 ,579 ,405 ,630 ,1118 ,1447 ,1158 ,658 ,88 ,0
부산광역시 해운대구 반송제2동(2635062000),22086 ,22086 ,685 ,1253 ,1916 ,1692 ,2685 ,3744 ,5072 ,3334 ,1509 ,190 ,6 ,10740 ,10740 ,361 ,667 ,1091 ,927 ,1503 ,1851 ,2434 ,1397 ,474 ,34 ,1 ,11346 ,11346 ,324 ,586 ,825 ,765 ,1182 ,1893 ,2638 ,1937 ,1035 ,156 ,5
부산광역시 해운대구 재송제1동(2635065000),36772 ,36772 ,3295 ,4963 ,3779 ,3894 ,7497 ,5692 ,4476 ,2279 ,789 ,105 ,3 ,18020 ,18020 ,1694 ,2575 ,2009 ,1854 ,3501 ,2860 ,2097 ,1091 ,318 ,20 ,1 ,18752 ,18752 ,1601 ,2388 ,1770 ,2040 ,3996 ,2832 ,2379 ,1188 ,471 ,85 ,2
부산광역시 해운대구 재송제2동(2635066000),23322 ,23322 ,925 ,1843 ,2659 ,2554 ,3422 ,4205 ,4573 ,2195 ,831 ,112 ,3 ,11289 ,11289 ,475 ,932 ,1458 ,1378 ,1747 ,1885 ,2096 ,1042 ,254 ,21 ,1 ,12033 ,12033 ,450 ,911 ,1201 ,1176 ,1675 ,2320 ,2477 ,1153 ,577 ,91 ,2
부산광역시 사하구 (2638000000),301709 ,301709 ,16586 ,24038 ,35387 ,33753 ,43447 ,51518 ,54967 ,28797 ,11737 ,1445 ,34 ,149798 ,149798 ,8616 ,12319 ,19024 ,17929 ,22351 ,25361 ,26254 ,13336 ,4311 ,294 ,3 ,151911 ,151911 ,7970 ,11719 ,16363 ,15824 ,21096 ,26157 ,28713 ,15461 ,7426 ,1151 ,31
부산광역시 사하구 괴정제1동(2638051000),18562 ,18562 ,817 ,1416 ,1984 ,1858 ,2485 ,3088 ,3569 ,2185 ,1013 ,141 ,6 ,8862 ,8862 ,441 ,718 ,1053 ,967 ,1235 ,1422 ,1604 ,1016 ,371 ,35 ,0 ,9700 ,9700 ,376 ,698 ,931 ,891 ,1250 ,1666 ,1965 ,1169 ,642 ,106 ,6
부산광역시 사하구 괴정제2동(2638052000),15335 ,15335 ,909 ,1220 ,1558 ,1726 ,2254 ,2469 ,2759 ,1710 ,662 ,67 ,1 ,7418 ,7418 ,455 ,604 ,798 ,911 ,1117 ,1231 ,1257 ,787 ,250 ,8 ,0 ,7917 ,7917 ,454 ,616 ,760 ,815 ,1137 ,1238 ,1502 ,923 ,412 ,59 ,1
부산광역시 사하구 괴정제3동(2638053000),11906 ,11906 ,408 ,691 ,1204 ,1291 ,1469 ,1973 ,2564 ,1537 ,689 ,79 ,1 ,5663 ,5663 ,220 ,356 ,615 ,686 ,771 ,941 ,1147 ,654 ,251 ,22 ,0 ,6243 ,6243 ,188 ,335 ,589 ,605 ,698 ,1032 ,1417 ,883 ,438 ,57 ,1
부산광역시 사하구 괴정제4동(2638054000),14513 ,14513 ,1092 ,1225 ,1483 ,1760 ,2263 ,2244 ,2493 ,1361 ,527 ,62 ,3 ,7108 ,7108 ,588 ,609 ,805 ,894 ,1138 ,1065 ,1143 ,644 ,208 ,13 ,1 ,7405 ,7405 ,504 ,616 ,678 ,866 ,1125 ,1179 ,1350 ,717 ,319 ,49 ,2
부산광역시 사하구 당리동(2638055000),25001 ,25001 ,1211 ,2084 ,2803 ,2593 ,3530 ,4280 ,4876 ,2485 ,1009 ,129 ,1 ,12153 ,12153 ,616 ,1091 ,1456 ,1353 ,1748 ,1970 ,2290 ,1212 ,393 ,24 ,0 ,12848 ,12848 ,595 ,993 ,1347 ,1240 ,1782 ,2310 ,2586 ,1273 ,616 ,105 ,1
부산광역시 사하구 하단제1동(2638056100),21561 ,21561 ,1016 ,1545 ,3489 ,2867 ,2928 ,3416 ,3638 ,1835 ,734 ,90 ,3 ,10753 ,10753 ,528 ,775 ,1806 ,1626 ,1508 ,1649 ,1685 ,870 ,289 ,17 ,0 ,10808 ,10808 ,488 ,770 ,1683 ,1241 ,1420 ,1767 ,1953 ,965 ,445 ,73 ,3
부산광역시 사하구 하단제2동(2638056200),25233 ,25233 ,1197 ,1911 ,5266 ,3092 ,3316 ,3875 ,3818 ,1925 ,750 ,79 ,4 ,12687 ,12687 ,642 ,936 ,2948 ,1696 ,1725 ,1842 ,1731 ,852 ,294 ,20 ,1 ,12546 ,12546 ,555 ,975 ,2318 ,1396 ,1591 ,2033 ,2087 ,1073 ,456 ,59 ,3
부산광역시 사하구 신평제1동(2638057100),16043 ,16043 ,898 ,1011 ,1492 ,1733 ,2325 ,2892 ,3228 ,1692 ,705 ,66 ,1 ,8254 ,8254 ,455 ,545 ,809 ,959 ,1309 ,1549 ,1589 ,771 ,256 ,12 ,0 ,7789 ,7789 ,443 ,466 ,683 ,774 ,1016 ,1343 ,1639 ,921 ,449 ,54 ,1
부산광역시 사하구 신평제2동(2638057200),17400 ,17400 ,1152 ,1378 ,2017 ,2499 ,2566 ,3034 ,2997 ,1273 ,418 ,65 ,1 ,8660 ,8660 ,610 ,713 ,1011 ,1323 ,1343 ,1433 ,1432 ,630 ,150 ,14 ,1 ,8740 ,8740 ,542 ,665 ,1006 ,1176 ,1223 ,1601 ,1565 ,643 ,268 ,51 ,0
부산광역시 사하구 장림제1동(2638058000),10346 ,10346 ,731 ,939 ,909 ,1200 ,1874 ,1710 ,1659 ,950 ,343 ,31 ,0 ,5354 ,5354 ,386 ,478 ,511 ,625 ,1037 ,949 ,811 ,425 ,127 ,5 ,0 ,4992 ,4992 ,345 ,461 ,398 ,575 ,837 ,761 ,848 ,525 ,216 ,26 ,0
부산광역시 사하구 장림제2동(2638059000),26419 ,26419 ,1506 ,2334 ,3013 ,3088 ,4157 ,4633 ,4635 ,2232 ,742 ,75 ,4 ,13425 ,13425 ,798 ,1217 ,1626 ,1686 ,2155 ,2319 ,2258 ,1071 ,280 ,15 ,0 ,12994 ,12994 ,708 ,1117 ,1387 ,1402 ,2002 ,2314 ,2377 ,1161 ,462 ,60 ,4
부산광역시 사하구 다대제1동(2638060100),37282 ,37282 ,2276 ,3671 ,3905 ,3651 ,5759 ,6836 ,6438 ,3173 ,1389 ,182 ,2 ,18623 ,18623 ,1151 ,1901 ,2171 ,1845 ,2841 ,3448 ,3275 ,1467 ,482 ,42 ,0 ,18659 ,18659 ,1125 ,1770 ,1734 ,1806 ,2918 ,3388 ,3163 ,1706 ,907 ,140 ,2
부산광역시 사하구 다대제2동(2638060200),26227 ,26227 ,1339 ,2160 ,2821 ,2276 ,3568 ,4952 ,5262 ,2564 ,1110 ,173 ,2 ,12877 ,12877 ,671 ,1112 ,1591 ,1178 ,1719 ,2427 ,2628 ,1158 ,363 ,30 ,0 ,13350 ,13350 ,668 ,1048 ,1230 ,1098 ,1849 ,2525 ,2634 ,1406 ,747 ,143 ,2
부산광역시 사하구 구평동(2638061000),12702 ,12702 ,1276 ,992 ,1242 ,2210 ,2067 ,1939 ,1882 ,819 ,231 ,42 ,2 ,6487 ,6487 ,683 ,534 ,638 ,1133 ,1112 ,973 ,910 ,411 ,88 ,5 ,0 ,6215 ,6215 ,593 ,458 ,604 ,1077 ,955 ,966 ,972 ,408 ,143 ,37 ,2
부산광역시 사하구 감천제1동(2638062000),17605 ,17605 ,643 ,1264 ,1768 ,1555 ,2278 ,3155 ,3911 ,2093 ,841 ,96 ,1 ,8655 ,8655 ,325 ,633 ,935 ,848 ,1216 ,1541 ,1861 ,958 ,315 ,23 ,0 ,8950 ,8950 ,318 ,631 ,833 ,707 ,1062 ,1614 ,2050 ,1135 ,526 ,73 ,1
부산광역시 사하구 감천제2동(2638063000),5574 ,5574 ,115 ,197 ,433 ,354 ,608 ,1022 ,1238 ,963 ,574 ,68 ,2 ,2819 ,2819 ,47 ,97 ,251 ,199 ,377 ,602 ,633 ,410 ,194 ,9 ,0 ,2755 ,2755 ,68 ,100 ,182 ,155 ,231 ,420 ,605 ,553 ,380 ,59 ,2
부산광역시 금정구 (2641000000),219484 ,219484 ,10482 ,16533 ,29406 ,22564 ,29247 ,36701 ,39878 ,22882 ,10464 ,1299 ,28 ,107157 ,107157 ,5363 ,8457 ,15912 ,11966 ,14654 ,17530 ,18610 ,10335 ,4024 ,301 ,5 ,112327 ,112327 ,5119 ,8076 ,13494 ,10598 ,14593 ,19171 ,21268 ,12547 ,6440 ,998 ,23
부산광역시 금정구 서제1동(2641051000),4832 ,4832 ,52 ,188 ,398 ,355 ,587 ,864 ,1248 ,721 ,384 ,35 ,0 ,2526 ,2526 ,25 ,102 ,230 ,239 ,364 ,480 ,624 ,323 ,131 ,8 ,0 ,2306 ,2306 ,27 ,86 ,168 ,116 ,223 ,384 ,624 ,398 ,253 ,27 ,0
부산광역시 금정구 서제2동(2641052000),8699 ,8699 ,239 ,403 ,873 ,836 ,991 ,1592 ,2168 ,1113 ,441 ,43 ,0 ,4352 ,4352 ,121 ,208 ,476 ,460 ,551 ,803 ,1036 ,523 ,164 ,10 ,0 ,4347 ,4347 ,118 ,195 ,397 ,376 ,440 ,789 ,1132 ,590 ,277 ,33 ,0
부산광역시 금정구 서제3동(2641053000),10686 ,10686 ,282 ,439 ,1002 ,1015 ,1207 ,1934 ,2572 ,1516 ,660 ,58 ,1 ,5321 ,5321 ,145 ,226 ,533 ,581 ,680 ,981 ,1217 ,677 ,268 ,13 ,0 ,5365 ,5365 ,137 ,213 ,469 ,434 ,527 ,953 ,1355 ,839 ,392 ,45 ,1
부산광역시 금정구 금사회동동(2641055500),7491 ,7491 ,198 ,303 ,644 ,680 ,859 ,1317 ,1891 ,1130 ,427 ,42 ,0 ,3927 ,3927 ,115 ,150 ,357 ,389 ,528 ,689 ,982 ,542 ,167 ,8 ,0 ,3564 ,3564 ,83 ,153 ,287 ,291 ,331 ,628 ,909 ,588 ,260 ,34 ,0
부산광역시 금정구 부곡제1동(2641057000),7874 ,7874 ,243 ,404 ,677 ,714 ,967 ,1258 ,1740 ,1239 ,562 ,70 ,0 ,3803 ,3803 ,129 ,204 ,370 ,414 ,537 ,639 ,779 ,536 ,183 ,12 ,0 ,4071 ,4071 ,114 ,200 ,307 ,300 ,430 ,619 ,961 ,703 ,379 ,58 ,0
부산광역시 금정구 부곡제2동(2641058000),17474 ,17474 ,838 ,1463 ,2443 ,1836 ,2490 ,3055 ,2875 ,1580 ,794 ,94 ,6 ,8287 ,8287 ,441 ,742 ,1209 ,952 ,1176 ,1417 ,1326 ,703 ,293 ,27 ,1 ,9187 ,9187 ,397 ,721 ,1234 ,884 ,1314 ,1638 ,1549 ,877 ,501 ,67 ,5
부산광역시 금정구 부곡제3동(2641059000),15222 ,15222 ,917 ,1286 ,1919 ,1802 ,2151 ,2558 ,2541 ,1341 ,608 ,99 ,0 ,7265 ,7265 ,455 ,627 ,1013 ,945 ,1025 ,1197 ,1137 ,621 ,221 ,24 ,0 ,7957 ,7957 ,462 ,659 ,906 ,857 ,1126 ,1361 ,1404 ,720 ,387 ,75 ,0
부산광역시 금정구 부곡제4동(2641059100),12278 ,12278 ,431 ,711 ,1307 ,1265 ,1561 ,2123 ,2586 ,1610 ,625 ,57 ,2 ,5881 ,5881 ,223 ,375 ,689 ,686 ,811 ,988 ,1143 ,706 ,253 ,6 ,1 ,6397 ,6397 ,208 ,336 ,618 ,579 ,750 ,1135 ,1443 ,904 ,372 ,51 ,1
부산광역시 금정구 장전제1동(2641060000),18045 ,18045 ,677 ,1310 ,6074 ,1851 ,2057 ,2111 ,2041 ,1257 ,588 ,76 ,3 ,9445 ,9445 ,321 ,635 ,3550 ,1081 ,1068 ,1028 ,953 ,552 ,237 ,20 ,0 ,8600 ,8600 ,356 ,675 ,2524 ,770 ,989 ,1083 ,1088 ,705 ,351 ,56 ,3
부산광역시 금정구 장전제2동(2641061000),25942 ,25942 ,2238 ,2555 ,2987 ,3221 ,4545 ,3669 ,3408 ,2124 ,1025 ,168 ,2 ,12529 ,12529 ,1170 ,1403 ,1580 ,1559 ,2210 ,1738 ,1508 ,920 ,410 ,30 ,1 ,13413 ,13413 ,1068 ,1152 ,1407 ,1662 ,2335 ,1931 ,1900 ,1204 ,615 ,138 ,1
부산광역시 금정구 선두구동(2641063500),2201 ,2201 ,57 ,80 ,170 ,185 ,195 ,417 ,579 ,322 ,171 ,24 ,1 ,1171 ,1171 ,33 ,50 ,88 ,114 ,113 ,224 ,318 ,148 ,76 ,7 ,0 ,1030 ,1030 ,24 ,30 ,82 ,71 ,82 ,193 ,261 ,174 ,95 ,17 ,1
부산광역시 금정구 청룡노포동(2641066500),9637 ,9637 ,436 ,669 ,893 ,899 ,1107 ,1677 ,1951 ,1303 ,624 ,75 ,3 ,4718 ,4718 ,228 ,354 ,506 ,483 ,537 ,800 ,892 ,622 ,271 ,25 ,0 ,4919 ,4919 ,208 ,315 ,387 ,416 ,570 ,877 ,1059 ,681 ,353 ,50 ,3
부산광역시 금정구 남산동(2641067000),27269 ,27269 ,894 ,1759 ,3969 ,2651 ,3125 ,4936 ,5276 ,3043 ,1450 ,160 ,6 ,13261 ,13261 ,475 ,897 ,2125 ,1456 ,1568 ,2333 ,2468 ,1345 ,553 ,40 ,1 ,14008 ,14008 ,419 ,862 ,1844 ,1195 ,1557 ,2603 ,2808 ,1698 ,897 ,120 ,5
부산광역시 금정구 구서제1동(2641068000),19064 ,19064 ,1101 ,1841 ,2198 ,2089 ,2865 ,3370 ,3142 ,1596 ,776 ,85 ,1 ,9004 ,9004 ,564 ,886 ,1139 ,1030 ,1368 ,1537 ,1450 ,741 ,274 ,15 ,0 ,10060 ,10060 ,537 ,955 ,1059 ,1059 ,1497 ,1833 ,1692 ,855 ,502 ,70 ,1
부산광역시 금정구 구서제2동(2641069000),31800 ,31800 ,1835 ,3010 ,3791 ,3103 ,4398 ,5675 ,5640 ,2866 ,1276 ,203 ,3 ,15191 ,15191 ,900 ,1533 ,2016 ,1543 ,2053 ,2598 ,2668 ,1314 ,512 ,53 ,1 ,16609 ,16609 ,935 ,1477 ,1775 ,1560 ,2345 ,3077 ,2972 ,1552 ,764 ,150 ,2
부산광역시 금정구 금성동(2641070000),970 ,970 ,44 ,112 ,61 ,62 ,142 ,145 ,220 ,121 ,53 ,10 ,0 ,476 ,476 ,18 ,65 ,31 ,34 ,65 ,78 ,109 ,62 ,11 ,3 ,0 ,494 ,494 ,26 ,47 ,30 ,28 ,77 ,67 ,111 ,59 ,42 ,7 ,0
부산광역시 강서구 (2644000000),142983 ,142983 ,18146 ,14317 ,11779 ,24302 ,28217 ,17107 ,17656 ,7837 ,3135 ,478 ,9 ,74108 ,74108 ,9337 ,7338 ,6450 ,12334 ,15563 ,9036 ,8885 ,3939 ,1133 ,91 ,2 ,68875 ,68875 ,8809 ,6979 ,5329 ,11968 ,12654 ,8071 ,8771 ,3898 ,2002 ,387 ,7
부산광역시 강서구 대저1동(2644051000),6122 ,6122 ,143 ,236 ,474 ,531 ,600 ,1006 ,1605 ,1017 ,446 ,63 ,1 ,3379 ,3379 ,63 ,127 ,281 ,329 ,370 ,584 ,906 ,539 ,168 ,12 ,0 ,2743 ,2743 ,80 ,109 ,193 ,202 ,230 ,422 ,699 ,478 ,278 ,51 ,1
부산광역시 강서구 대저2동(2644052000),6886 ,6886 ,399 ,450 ,761 ,913 ,862 ,967 ,1393 ,726 ,359 ,56 ,0 ,3871 ,3871 ,216 ,245 ,501 ,549 ,517 ,567 ,768 ,365 ,136 ,7 ,0 ,3015 ,3015 ,183 ,205 ,260 ,364 ,345 ,400 ,625 ,361 ,223 ,49 ,0
부산광역시 강서구 강동동(2644053000),4037 ,4037 ,71 ,111 ,249 ,301 ,308 ,704 ,1277 ,678 ,288 ,49 ,1 ,2155 ,2155 ,44 ,58 ,157 ,178 ,195 ,398 ,682 ,344 ,89 ,10 ,0 ,1882 ,1882 ,27 ,53 ,92 ,123 ,113 ,306 ,595 ,334 ,199 ,39 ,1
부산광역시 강서구 명지1동(2644053500),53964 ,53964 ,9251 ,5539 ,4159 ,11844 ,11515 ,4925 ,4406 ,1681 ,559 ,82 ,3 ,27057 ,27057 ,4676 ,2760 ,2066 ,5696 ,6261 ,2453 ,2075 ,853 ,204 ,13 ,0 ,26907 ,26907 ,4575 ,2779 ,2093 ,6148 ,5254 ,2472 ,2331 ,828 ,355 ,69 ,3
부산광역시 강서구 명지2동(2644054500),30119 ,30119 ,4213 ,4771 ,2342 ,3842 ,7163 ,3650 ,2719 ,1007 ,352 ,59 ,1 ,15030 ,15030 ,2204 ,2459 ,1199 ,1733 ,3609 ,1868 ,1310 ,495 ,136 ,16 ,1 ,15089 ,15089 ,2009 ,2312 ,1143 ,2109 ,3554 ,1782 ,1409 ,512 ,216 ,43 ,0
부산광역시 강서구 가락동(2644055000),2228 ,2228 ,29 ,60 ,131 ,166 ,181 ,383 ,619 ,415 ,214 ,30 ,0 ,1198 ,1198 ,14 ,34 ,73 ,108 ,120 ,217 ,329 ,222 ,76 ,5 ,0 ,1030 ,1030 ,15 ,26 ,58 ,58 ,61 ,166 ,290 ,193 ,138 ,25 ,0
부산광역시 강서구 녹산동(2644056000),35429 ,35429 ,3918 ,3013 ,3355 ,6309 ,7117 ,4680 ,4483 ,1772 ,682 ,99 ,1 ,19200 ,19200 ,2058 ,1588 ,1984 ,3505 ,4194 ,2530 ,2234 ,843 ,245 ,19 ,0 ,16229 ,16229 ,1860 ,1425 ,1371 ,2804 ,2923 ,2150 ,2249 ,929 ,437 ,80 ,1
부산광역시 강서구 가덕도동(2644058000),4198 ,4198 ,122 ,137 ,308 ,396 ,471 ,792 ,1154 ,541 ,235 ,40 ,2 ,2218 ,2218 ,62 ,67 ,189 ,236 ,297 ,419 ,581 ,278 ,79 ,9 ,1 ,1980 ,1980 ,60 ,70 ,119 ,160 ,174 ,373 ,573 ,263 ,156 ,31 ,1
부산광역시 연제구 (2647000000),203081 ,203081 ,12637 ,16038 ,22965 ,25165 ,30720 ,32659 ,33904 ,19430 ,8606 ,934 ,23 ,97308 ,97308 ,6386 ,8153 ,11507 ,12719 ,15085 ,15520 ,15549 ,8700 ,3487 ,198 ,4 ,105773 ,105773 ,6251 ,7885 ,11458 ,12446 ,15635 ,17139 ,18355 ,10730 ,5119 ,736 ,19
부산광역시 연제구 거제제1동(2647061000),28287 ,28287 ,2029 ,3406 ,3058 ,2577 ,4953 ,4852 ,3760 ,2408 ,1132 ,105 ,7 ,13598 ,13598 ,1071 ,1796 ,1609 ,1227 ,2231 ,2392 ,1732 ,1025 ,494 ,19 ,2 ,14689 ,14689 ,958 ,1610 ,1449 ,1350 ,2722 ,2460 ,2028 ,1383 ,638 ,86 ,5
부산광역시 연제구 거제제2동(2647062000),12523 ,12523 ,904 ,1657 ,1279 ,1151 ,2322 ,2075 ,1686 ,971 ,433 ,44 ,1 ,5922 ,5922 ,422 ,788 ,638 ,557 ,1082 ,1036 ,773 ,432 ,183 ,10 ,1 ,6601 ,6601 ,482 ,869 ,641 ,594 ,1240 ,1039 ,913 ,539 ,250 ,34 ,0
부산광역시 연제구 거제제3동(2647063000),9624 ,9624 ,395 ,600 ,1031 ,991 ,1147 ,1546 ,1822 ,1277 ,720 ,93 ,2 ,4546 ,4546 ,218 ,296 ,510 ,531 ,569 ,736 ,836 ,542 ,288 ,20 ,0 ,5078 ,5078 ,177 ,304 ,521 ,460 ,578 ,810 ,986 ,735 ,432 ,73 ,2
부산광역시 연제구 거제제4동(2647064000),9884 ,9884 ,515 ,946 ,1042 ,952 ,1440 ,1741 ,1814 ,953 ,422 ,57 ,2 ,4830 ,4830 ,273 ,513 ,567 ,493 ,692 ,819 ,835 ,465 ,160 ,12 ,1 ,5054 ,5054 ,242 ,433 ,475 ,459 ,748 ,922 ,979 ,488 ,262 ,45 ,1
부산광역시 연제구 연산제1동(2647065000),16376 ,16376 ,1107 ,1309 ,1579 ,2053 ,2527 ,2592 ,2921 ,1582 ,634 ,71 ,1 ,7985 ,7985 ,554 ,707 ,846 ,1039 ,1261 ,1235 ,1338 ,734 ,251 ,20 ,0 ,8391 ,8391 ,553 ,602 ,733 ,1014 ,1266 ,1357 ,1583 ,848 ,383 ,51 ,1
부산광역시 연제구 연산제2동(2647066000),19998 ,19998 ,1782 ,1313 ,2105 ,3183 ,3138 ,2988 ,2886 ,1721 ,798 ,82 ,2 ,9532 ,9532 ,899 ,643 ,1019 ,1545 ,1580 ,1416 ,1321 ,767 ,319 ,23 ,0 ,10466 ,10466 ,883 ,670 ,1086 ,1638 ,1558 ,1572 ,1565 ,954 ,479 ,59 ,2
부산광역시 연제구 연산제3동(2647067000),10834 ,10834 ,810 ,560 ,978 ,1657 ,1573 ,1606 ,1974 ,1145 ,495 ,35 ,1 ,5221 ,5221 ,435 ,278 ,506 ,847 ,804 ,755 ,868 ,530 ,191 ,7 ,0 ,5613 ,5613 ,375 ,282 ,472 ,810 ,769 ,851 ,1106 ,615 ,304 ,28 ,1
부산광역시 연제구 연산제4동(2647068000),15744 ,15744 ,521 ,859 ,2119 ,1873 ,2023 ,2468 ,3200 ,1829 ,763 ,86 ,3 ,7545 ,7545 ,263 ,411 ,976 ,1015 ,1035 ,1191 ,1504 ,810 ,320 ,20 ,0 ,8199 ,8199 ,258 ,448 ,1143 ,858 ,988 ,1277 ,1696 ,1019 ,443 ,66 ,3
부산광역시 연제구 연산제5동(2647069000),16404 ,16404 ,654 ,615 ,3207 ,3138 ,2262 ,2343 ,2261 ,1298 ,578 ,47 ,1 ,7761 ,7761 ,295 ,322 ,1354 ,1563 ,1184 ,1153 ,1042 ,586 ,253 ,9 ,0 ,8643 ,8643 ,359 ,293 ,1853 ,1575 ,1078 ,1190 ,1219 ,712 ,325 ,38 ,1
부산광역시 연제구 연산제6동(2647070000),16147 ,16147 ,895 ,952 ,1630 ,2021 ,2242 ,2413 ,3024 ,1933 ,942 ,95 ,0 ,7735 ,7735 ,443 ,488 ,872 ,1053 ,1190 ,1139 ,1343 ,824 ,366 ,17 ,0 ,8412 ,8412 ,452 ,464 ,758 ,968 ,1052 ,1274 ,1681 ,1109 ,576 ,78 ,0
부산광역시 연제구 연산제8동(2647072000),13611 ,13611 ,1026 ,1097 ,1282 ,1620 ,2177 ,2206 ,2429 ,1265 ,452 ,57 ,0 ,6630 ,6630 ,527 ,542 ,673 ,828 ,1087 ,1071 ,1141 ,575 ,174 ,12 ,0 ,6981 ,6981 ,499 ,555 ,609 ,792 ,1090 ,1135 ,1288 ,690 ,278 ,45 ,0
부산광역시 연제구 연산제9동(2647073000),33649 ,33649 ,1999 ,2724 ,3655 ,3949 ,4916 ,5829 ,6127 ,3048 ,1237 ,162 ,3 ,16003 ,16003 ,986 ,1369 ,1937 ,2021 ,2370 ,2577 ,2816 ,1410 ,488 ,29 ,0 ,17646 ,17646 ,1013 ,1355 ,1718 ,1928 ,2546 ,3252 ,3311 ,1638 ,749 ,133 ,3
부산광역시 수영구 (2650000000),175426 ,175426 ,9392 ,11527 ,22880 ,23809 ,24568 ,26671 ,29105 ,18310 ,8103 ,1032 ,29 ,82339 ,82339 ,4742 ,5956 ,10807 ,11922 ,12046 ,12462 ,12808 ,8118 ,3202 ,267 ,9 ,93087 ,93087 ,4650 ,5571 ,12073 ,11887 ,12522 ,14209 ,16297 ,10192 ,4901 ,765 ,20
부산광역시 수영구 남천제1동(2650066000),15891 ,15891 ,1035 ,1313 ,1879 ,2075 ,2326 ,2654 ,2350 ,1433 ,711 ,112 ,3 ,7292 ,7292 ,485 ,657 ,895 ,1011 ,1088 ,1239 ,1010 ,595 ,274 ,36 ,2 ,8599 ,8599 ,550 ,656 ,984 ,1064 ,1238 ,1415 ,1340 ,838 ,437 ,76 ,1
부산광역시 수영구 남천제2동(2650067000),12724 ,12724 ,841 ,1199 ,1260 ,1275 ,1929 ,2251 ,2182 ,1207 ,491 ,85 ,4 ,5910 ,5910 ,408 ,622 ,660 ,614 ,860 ,988 ,973 ,550 ,220 ,14 ,1 ,6814 ,6814 ,433 ,577 ,600 ,661 ,1069 ,1263 ,1209 ,657 ,271 ,71 ,3
부산광역시 수영구 수영동(2650073000),14119 ,14119 ,498 ,626 ,1547 ,1593 ,1734 ,2105 ,2877 ,2061 ,974 ,102 ,2 ,6724 ,6724 ,257 ,326 ,772 ,823 ,924 ,1043 ,1235 ,931 ,398 ,15 ,0 ,7395 ,7395 ,241 ,300 ,775 ,770 ,810 ,1062 ,1642 ,1130 ,576 ,87 ,2
부산광역시 수영구 망미제1동(2650074000),26926 ,26926 ,1498 ,1926 ,2603 ,3039 ,3730 ,4061 ,5099 ,3284 ,1475 ,208 ,3 ,12795 ,12795 ,779 ,995 ,1314 ,1520 ,1867 ,1884 ,2248 ,1538 ,578 ,72 ,0 ,14131 ,14131 ,719 ,931 ,1289 ,1519 ,1863 ,2177 ,2851 ,1746 ,897 ,136 ,3
부산광역시 수영구 망미제2동(2650075000),10260 ,10260 ,539 ,735 ,1027 ,1179 ,1463 ,1662 ,1918 ,1224 ,457 ,55 ,1 ,5012 ,5012 ,275 ,410 ,557 ,628 ,757 ,796 ,861 ,513 ,205 ,9 ,1 ,5248 ,5248 ,264 ,325 ,470 ,551 ,706 ,866 ,1057 ,711 ,252 ,46 ,0
부산광역시 수영구 광안제1동(2650076000),25782 ,25782 ,1008 ,1482 ,5058 ,4286 ,3348 ,3422 ,3695 ,2329 ,1019 ,132 ,3 ,11922 ,11922 ,527 ,808 ,2106 ,2184 ,1625 ,1588 ,1606 ,1043 ,393 ,41 ,1 ,13860 ,13860 ,481 ,674 ,2952 ,2102 ,1723 ,1834 ,2089 ,1286 ,626 ,91 ,2
부산광역시 수영구 광안제2동(2650077000),18633 ,18633 ,900 ,1252 ,2834 ,2797 ,2779 ,2660 ,2685 ,1798 ,830 ,89 ,9 ,8633 ,8633 ,450 ,617 ,1291 ,1380 ,1357 ,1248 ,1193 ,748 ,320 ,26 ,3 ,10000 ,10000 ,450 ,635 ,1543 ,1417 ,1422 ,1412 ,1492 ,1050 ,510 ,63 ,6
부산광역시 수영구 광안제3동(2650078000),9585 ,9585 ,201 ,371 ,1970 ,1602 ,1096 ,1240 ,1546 ,1056 ,458 ,44 ,1 ,4449 ,4449 ,105 ,182 ,825 ,824 ,548 ,618 ,718 ,451 ,167 ,10 ,1 ,5136 ,5136 ,96 ,189 ,1145 ,778 ,548 ,622 ,828 ,605 ,291 ,34 ,0
부산광역시 수영구 광안제4동(2650079000),13472 ,13472 ,848 ,877 ,1573 ,1970 ,2027 ,2069 ,2052 ,1307 ,682 ,66 ,1 ,6093 ,6093 ,420 ,442 ,749 ,966 ,917 ,922 ,855 ,552 ,252 ,18 ,0 ,7379 ,7379 ,428 ,435 ,824 ,1004 ,1110 ,1147 ,1197 ,755 ,430 ,48 ,1
부산광역시 수영구 민락동(2650080000),28034 ,28034 ,2024 ,1746 ,3129 ,3993 ,4136 ,4547 ,4701 ,2611 ,1006 ,139 ,2 ,13509 ,13509 ,1036 ,897 ,1638 ,1972 ,2103 ,2136 ,2109 ,1197 ,395 ,26 ,0 ,14525 ,14525 ,988 ,849 ,1491 ,2021 ,2033 ,2411 ,2592 ,1414 ,611 ,113 ,2
부산광역시 사상구 (2653000000),203418 ,203418 ,9786 ,14052 ,25696 ,23627 ,27140 ,36556 ,39864 ,18871 ,7071 ,734 ,21 ,102236 ,102236 ,5041 ,7240 ,13563 ,12847 ,14310 ,18140 ,19748 ,8662 ,2540 ,143 ,2 ,101182 ,101182 ,4745 ,6812 ,12133 ,10780 ,12830 ,18416 ,20116 ,10209 ,4531 ,591 ,19
부산광역시 사상구 삼락동(2653058000),5470 ,5470 ,190 ,265 ,494 ,516 ,583 ,1132 ,1283 ,701 ,276 ,29 ,1 ,2873 ,2873 ,101 ,129 ,278 ,277 ,332 ,655 ,686 ,307 ,103 ,5 ,0 ,2597 ,2597 ,89 ,136 ,216 ,239 ,251 ,477 ,597 ,394 ,173 ,24 ,1
부산광역시 사상구 모라제1동(2653059100),27099 ,27099 ,1292 ,1865 ,3039 ,3151 ,3530 ,4836 ,5687 ,2626 ,968 ,101 ,4 ,13500 ,13500 ,658 ,987 ,1614 ,1694 ,1851 ,2335 ,2738 ,1231 ,369 ,23 ,0 ,13599 ,13599 ,634 ,878 ,1425 ,1457 ,1679 ,2501 ,2949 ,1395 ,599 ,78 ,4
부산광역시 사상구 모라제3동(2653059300),9636 ,9636 ,187 ,338 ,629 ,601 ,1033 ,1742 ,2464 ,1725 ,832 ,83 ,2 ,4562 ,4562 ,91 ,176 ,368 ,344 ,608 ,930 ,1195 ,618 ,222 ,10 ,0 ,5074 ,5074 ,96 ,162 ,261 ,257 ,425 ,812 ,1269 ,1107 ,610 ,73 ,2
부산광역시 사상구 덕포제1동(2653060000),8289 ,8289 ,405 ,587 ,868 ,867 ,1119 ,1554 ,1640 ,880 ,338 ,31 ,0 ,4222 ,4222 ,204 ,309 ,514 ,491 ,589 ,801 ,798 ,388 ,119 ,9 ,0 ,4067 ,4067 ,201 ,278 ,354 ,376 ,530 ,753 ,842 ,492 ,219 ,22 ,0
부산광역시 사상구 덕포제2동(2653061000),12473 ,12473 ,587 ,860 ,1447 ,1304 ,1620 ,2294 ,2711 ,1211 ,387 ,51 ,1 ,6308 ,6308 ,300 ,450 ,769 ,694 ,883 ,1107 ,1330 ,620 ,146 ,9 ,0 ,6165 ,6165 ,287 ,410 ,678 ,610 ,737 ,1187 ,1381 ,591 ,241 ,42 ,1
부산광역시 사상구 괘법동(2653062000),24547 ,24547 ,973 ,1025 ,4904 ,3896 ,2893 ,4019 ,4382 ,1801 ,585 ,66 ,3 ,12636 ,12636 ,504 ,543 ,2267 ,2202 ,1596 ,2116 ,2277 ,900 ,221 ,10 ,0 ,11911 ,11911 ,469 ,482 ,2637 ,1694 ,1297 ,1903 ,2105 ,901 ,364 ,56 ,3
부산광역시 사상구 감전동(2653064500),12587 ,12587 ,378 ,576 ,1334 ,1410 ,1517 ,2433 ,2882 ,1464 ,544 ,45 ,4 ,6653 ,6653 ,204 ,295 ,749 ,827 ,882 ,1302 ,1503 ,689 ,196 ,5 ,1 ,5934 ,5934 ,174 ,281 ,585 ,583 ,635 ,1131 ,1379 ,775 ,348 ,40 ,3
부산광역시 사상구 주례제1동(2653065000),16643 ,16643 ,1068 ,1194 ,1957 ,2214 ,2165 ,3049 ,3142 ,1338 ,464 ,51 ,1 ,8419 ,8419 ,560 ,615 ,1032 ,1186 ,1123 ,1433 ,1623 ,639 ,199 ,9 ,0 ,8224 ,8224 ,508 ,579 ,925 ,1028 ,1042 ,1616 ,1519 ,699 ,265 ,42 ,1
부산광역시 사상구 주례제2동(2653066000),22040 ,22040 ,1080 ,1847 ,3810 ,2764 ,3041 ,3475 ,3526 ,1727 ,698 ,70 ,2 ,11051 ,11051 ,551 ,929 ,1992 ,1523 ,1572 ,1694 ,1721 ,790 ,266 ,12 ,1 ,10989 ,10989 ,529 ,918 ,1818 ,1241 ,1469 ,1781 ,1805 ,937 ,432 ,58 ,1
부산광역시 사상구 주례제3동(2653066100),12488 ,12488 ,553 ,962 ,1541 ,1320 ,1649 ,2208 ,2474 ,1220 ,501 ,60 ,0 ,6086 ,6086 ,296 ,483 ,806 ,717 ,848 ,1014 ,1172 ,541 ,192 ,17 ,0 ,6402 ,6402 ,257 ,479 ,735 ,603 ,801 ,1194 ,1302 ,679 ,309 ,43 ,0
부산광역시 사상구 학장동(2653067000),27161 ,27161 ,1401 ,2091 ,2839 ,2820 ,4027 ,4993 ,5449 ,2532 ,907 ,100 ,2 ,13460 ,13460 ,706 ,1115 ,1566 ,1475 ,2078 ,2452 ,2580 ,1151 ,308 ,29 ,0 ,13701 ,13701 ,695 ,976 ,1273 ,1345 ,1949 ,2541 ,2869 ,1381 ,599 ,71 ,2
부산광역시 사상구 엄궁동(2653068000),24985 ,24985 ,1672 ,2442 ,2834 ,2764 ,3963 ,4821 ,4224 ,1646 ,571 ,47 ,1 ,12466 ,12466 ,866 ,1209 ,1608 ,1417 ,1948 ,2301 ,2125 ,788 ,199 ,5 ,0 ,12519 ,12519 ,806 ,1233 ,1226 ,1347 ,2015 ,2520 ,2099 ,858 ,372 ,42 ,1
부산광역시 기장군 (2671000000),179371 ,179371 ,16590 ,18792 ,16695 ,22985 ,33579 ,26138 ,23647 ,13835 ,6199 ,881 ,30 ,88844 ,88844 ,8477 ,9722 ,8874 ,11542 ,17035 ,13433 ,11041 ,6301 ,2236 ,180 ,3 ,90527 ,90527 ,8113 ,9070 ,7821 ,11443 ,16544 ,12705 ,12606 ,7534 ,3963 ,701 ,27
부산광역시 기장군 기장읍(2671025000),52890 ,52890 ,2874 ,4007 ,5884 ,6034 ,7641 ,9278 ,8824 ,5304 ,2679 ,353 ,12 ,25801 ,25801 ,1469 ,2100 ,3106 ,3221 ,3875 ,4624 ,4119 ,2271 ,939 ,77 ,0 ,27089 ,27089 ,1405 ,1907 ,2778 ,2813 ,3766 ,4654 ,4705 ,3033 ,1740 ,276 ,12
부산광역시 기장군 장안읍(2671025300),8821 ,8821 ,388 ,404 ,932 ,1032 ,1031 ,1573 ,1785 ,1021 ,553 ,96 ,6 ,4757 ,4757 ,202 ,221 ,567 ,615 ,619 ,909 ,898 ,518 ,189 ,18 ,1 ,4064 ,4064 ,186 ,183 ,365 ,417 ,412 ,664 ,887 ,503 ,364 ,78 ,5
부산광역시 기장군 정관읍(2671025600),80830 ,80830 ,9581 ,11666 ,6511 ,10537 ,19023 ,9827 ,7311 ,4489 ,1637 ,244 ,4 ,40016 ,40016 ,4928 ,6029 ,3355 ,5053 ,9488 ,5214 ,3211 ,2047 ,649 ,42 ,0 ,40814 ,40814 ,4653 ,5637 ,3156 ,5484 ,9535 ,4613 ,4100 ,2442 ,988 ,202 ,4
부산광역시 기장군 일광읍(2671025900),29042 ,29042 ,3452 ,2287 ,2782 ,4803 ,4982 ,4152 ,3886 ,1793 ,787 ,112 ,6 ,14317 ,14317 ,1731 ,1164 ,1480 ,2322 ,2551 ,2013 ,1922 ,851 ,257 ,24 ,2 ,14725 ,14725 ,1721 ,1123 ,1302 ,2481 ,2431 ,2139 ,1964 ,942 ,530 ,88 ,4
부산광역시 기장군 철마면(2671033000),7788 ,7788 ,295 ,428 ,586 ,579 ,902 ,1308 ,1841 ,1228 ,543 ,76 ,2 ,3953 ,3953 ,147 ,208 ,366 ,331 ,502 ,673 ,891 ,614 ,202 ,19 ,0 ,3835 ,3835 ,148 ,220 ,220 ,248 ,400 ,635 ,950 ,614 ,341 ,57 ,2
대구광역시  (2700000000),2357881 ,2357881 ,154772 ,215628 ,288962 ,278574 ,360620 ,413876 ,355062 ,186823 ,91892 ,11426 ,246 ,1159042 ,1159042 ,79266 ,111523 ,152714 ,147926 ,178020 ,202269 ,169356 ,81957 ,33360 ,2622 ,29 ,1198839 ,1198839 ,75506 ,104105 ,136248 ,130648 ,182600 ,211607 ,185706 ,104866 ,58532 ,8804 ,217
대구광역시 중구 (2711000000),83438 ,83438 ,6049 ,5859 ,12308 ,12874 ,12082 ,12075 ,10629 ,7185 ,3823 ,537 ,17 ,39982 ,39982 ,3056 ,2943 ,5758 ,6676 ,6063 ,5981 ,4933 ,2972 ,1452 ,147 ,1 ,43456 ,43456 ,2993 ,2916 ,6550 ,6198 ,6019 ,6094 ,5696 ,4213 ,2371 ,390 ,16
대구광역시 중구 동인동(2711051700),8369 ,8369 ,300 ,468 ,1339 ,1347 ,1035 ,1223 ,1229 ,860 ,483 ,82 ,3 ,4173 ,4173 ,141 ,233 ,641 ,748 ,566 ,655 ,604 ,366 ,192 ,27 ,0 ,4196 ,4196 ,159 ,235 ,698 ,599 ,469 ,568 ,625 ,494 ,291 ,55 ,3
대구광역시 중구 삼덕동(2711054500),6307 ,6307 ,324 ,372 ,1752 ,1177 ,828 ,669 ,605 ,352 ,200 ,27 ,1 ,3021 ,3021 ,156 ,177 ,793 ,641 ,425 ,341 ,258 ,150 ,72 ,8 ,0 ,3286 ,3286 ,168 ,195 ,959 ,536 ,403 ,328 ,347 ,202 ,128 ,19 ,1
대구광역시 중구 성내1동(2711056500),4803 ,4803 ,102 ,184 ,1524 ,833 ,480 ,548 ,522 ,366 ,203 ,40 ,1 ,2292 ,2292 ,56 ,90 ,612 ,476 ,256 ,301 ,272 ,141 ,78 ,9 ,1 ,2511 ,2511 ,46 ,94 ,912 ,357 ,224 ,247 ,250 ,225 ,125 ,31 ,0
대구광역시 중구 성내2동(2711057500),5061 ,5061 ,226 ,254 ,984 ,802 ,580 ,704 ,702 ,515 ,257 ,36 ,1 ,2544 ,2544 ,111 ,131 ,433 ,472 ,312 ,387 ,349 ,239 ,100 ,10 ,0 ,2517 ,2517 ,115 ,123 ,551 ,330 ,268 ,317 ,353 ,276 ,157 ,26 ,1
대구광역시 중구 성내3동(2711058500),4860 ,4860 ,564 ,276 ,495 ,866 ,788 ,652 ,633 ,386 ,182 ,18 ,0 ,2443 ,2443 ,282 ,139 ,253 ,435 ,430 ,341 ,312 ,186 ,62 ,3 ,0 ,2417 ,2417 ,282 ,137 ,242 ,431 ,358 ,311 ,321 ,200 ,120 ,15 ,0
대구광역시 중구 대신동(2711059500),7478 ,7478 ,705 ,515 ,722 ,1068 ,1180 ,1167 ,1099 ,657 ,320 ,43 ,2 ,3615 ,3615 ,370 ,271 ,364 ,529 ,605 ,557 ,510 ,273 ,122 ,14 ,0 ,3863 ,3863 ,335 ,244 ,358 ,539 ,575 ,610 ,589 ,384 ,198 ,29 ,2
대구광역시 중구 남산1동(2711064000),4376 ,4376 ,194 ,265 ,821 ,569 ,573 ,643 ,626 ,429 ,229 ,27 ,0 ,2078 ,2078 ,99 ,136 ,360 ,307 ,280 ,327 ,303 ,172 ,88 ,6 ,0 ,2298 ,2298 ,95 ,129 ,461 ,262 ,293 ,316 ,323 ,257 ,141 ,21 ,0
대구광역시 중구 남산2동(2711065000),7304 ,7304 ,769 ,549 ,897 ,1279 ,1193 ,1004 ,759 ,546 ,257 ,48 ,3 ,3470 ,3470 ,370 ,251 ,421 ,607 ,609 ,500 ,365 ,233 ,105 ,9 ,0 ,3834 ,3834 ,399 ,298 ,476 ,672 ,584 ,504 ,394 ,313 ,152 ,39 ,3
대구광역시 중구 남산3동(2711066000),6354 ,6354 ,413 ,539 ,609 ,754 ,1037 ,1022 ,924 ,652 ,356 ,48 ,0 ,2903 ,2903 ,223 ,273 ,309 ,378 ,483 ,478 ,390 ,248 ,110 ,11 ,0 ,3451 ,3451 ,190 ,266 ,300 ,376 ,554 ,544 ,534 ,404 ,246 ,37 ,0
대구광역시 중구 남산4동(2711067000),15985 ,15985 ,1504 ,1394 ,1604 ,2410 ,2483 ,2389 ,2018 ,1388 ,711 ,79 ,5 ,7522 ,7522 ,759 ,737 ,792 ,1202 ,1197 ,1133 ,858 ,558 ,263 ,23 ,0 ,8463 ,8463 ,745 ,657 ,812 ,1208 ,1286 ,1256 ,1160 ,830 ,448 ,56 ,5
대구광역시 중구 대봉1동(2711068000),7835 ,7835 ,548 ,688 ,1049 ,1013 ,1156 ,1282 ,926 ,645 ,464 ,64 ,0 ,3664 ,3664 ,284 ,332 ,502 ,492 ,551 ,599 ,447 ,239 ,197 ,21 ,0 ,4171 ,4171 ,264 ,356 ,547 ,521 ,605 ,683 ,479 ,406 ,267 ,43 ,0
대구광역시 중구 대봉2동(2711069000),4706 ,4706 ,400 ,355 ,512 ,756 ,749 ,772 ,586 ,389 ,161 ,25 ,1 ,2257 ,2257 ,205 ,173 ,278 ,389 ,349 ,362 ,265 ,167 ,63 ,6 ,0 ,2449 ,2449 ,195 ,182 ,234 ,367 ,400 ,410 ,321 ,222 ,98 ,19 ,1
대구광역시 동구 (2714000000),338820 ,338820 ,22152 ,26058 ,37726 ,42457 ,50162 ,55789 ,54788 ,32131 ,15720 ,1798 ,39 ,166217 ,166217 ,11295 ,13575 ,19834 ,22721 ,25682 ,27383 ,25429 ,14092 ,5779 ,421 ,6 ,172603 ,172603 ,10857 ,12483 ,17892 ,19736 ,24480 ,28406 ,29359 ,18039 ,9941 ,1377 ,33
대구광역시 동구 신암1동(2714051000),8786 ,8786 ,518 ,431 ,943 ,1019 ,1118 ,1450 ,1523 ,1068 ,649 ,65 ,2 ,4397 ,4397 ,260 ,249 ,529 ,575 ,621 ,750 ,709 ,452 ,240 ,12 ,0 ,4389 ,4389 ,258 ,182 ,414 ,444 ,497 ,700 ,814 ,616 ,409 ,53 ,2
대구광역시 동구 신암2동(2714052000),10082 ,10082 ,824 ,854 ,847 ,1190 ,1710 ,1545 ,1440 ,1038 ,565 ,69 ,0 ,4765 ,4765 ,428 ,457 ,456 ,596 ,867 ,744 ,616 ,388 ,191 ,22 ,0 ,5317 ,5317 ,396 ,397 ,391 ,594 ,843 ,801 ,824 ,650 ,374 ,47 ,0
대구광역시 동구 신암3동(2714053000),11288 ,11288 ,1269 ,734 ,1073 ,1967 ,1676 ,1673 ,1522 ,886 ,434 ,52 ,2 ,5536 ,5536 ,659 ,403 ,546 ,977 ,866 ,812 ,687 ,397 ,174 ,15 ,0 ,5752 ,5752 ,610 ,331 ,527 ,990 ,810 ,861 ,835 ,489 ,260 ,37 ,2
대구광역시 동구 신암4동(2714054000),10931 ,10931 ,301 ,533 ,1537 ,1256 ,1321 ,2039 ,2087 ,1238 ,555 ,62 ,2 ,5445 ,5445 ,158 ,281 ,767 ,729 ,725 ,1044 ,972 ,547 ,204 ,17 ,1 ,5486 ,5486 ,143 ,252 ,770 ,527 ,596 ,995 ,1115 ,691 ,351 ,45 ,1
대구광역시 동구 신암5동(2714054100),7435 ,7435 ,396 ,421 ,800 ,925 ,899 ,1288 ,1397 ,838 ,435 ,36 ,0 ,3539 ,3539 ,188 ,209 ,434 ,505 ,466 ,619 ,601 ,351 ,156 ,10 ,0 ,3896 ,3896 ,208 ,212 ,366 ,420 ,433 ,669 ,796 ,487 ,279 ,26 ,0
대구광역시 동구 신천1.2동(2714055500),12305 ,12305 ,555 ,796 ,1311 ,1340 ,1674 ,2072 ,2146 ,1514 ,807 ,90 ,0 ,5778 ,5778 ,288 ,429 ,697 ,696 ,853 ,964 ,930 ,605 ,291 ,25 ,0 ,6527 ,6527 ,267 ,367 ,614 ,644 ,821 ,1108 ,1216 ,909 ,516 ,65 ,0
대구광역시 동구 신천3동(2714057000),14684 ,14684 ,1207 ,1229 ,1737 ,2331 ,2291 ,2425 ,1863 ,1008 ,525 ,67 ,1 ,7268 ,7268 ,616 ,703 ,907 ,1199 ,1125 ,1183 ,890 ,426 ,202 ,17 ,0 ,7416 ,7416 ,591 ,526 ,830 ,1132 ,1166 ,1242 ,973 ,582 ,323 ,50 ,1
대구광역시 동구 신천4동(2714058000),8329 ,8329 ,328 ,377 ,1375 ,1366 ,1096 ,1269 ,1294 ,817 ,359 ,46 ,2 ,4094 ,4094 ,161 ,213 ,592 ,746 ,613 ,655 ,604 ,360 ,140 ,9 ,1 ,4235 ,4235 ,167 ,164 ,783 ,620 ,483 ,614 ,690 ,457 ,219 ,37 ,1
대구광역시 동구 효목1동(2714059000),13005 ,13005 ,382 ,654 ,1545 ,1185 ,1481 ,2295 ,2740 ,1781 ,865 ,76 ,1 ,6434 ,6434 ,224 ,344 ,832 ,684 ,814 ,1133 ,1271 ,775 ,332 ,25 ,0 ,6571 ,6571 ,158 ,310 ,713 ,501 ,667 ,1162 ,1469 ,1006 ,533 ,51 ,1
대구광역시 동구 효목2동(2714060000),13013 ,13013 ,594 ,888 ,1505 ,1464 ,1776 ,2144 ,2372 ,1460 ,714 ,94 ,2 ,6211 ,6211 ,280 ,461 ,772 ,835 ,890 ,1014 ,1070 ,603 ,261 ,24 ,1 ,6802 ,6802 ,314 ,427 ,733 ,629 ,886 ,1130 ,1302 ,857 ,453 ,70 ,1
대구광역시 동구 도평동(2714061500),3852 ,3852 ,142 ,197 ,546 ,383 ,413 ,638 ,790 ,465 ,254 ,23 ,1 ,2073 ,2073 ,69 ,111 ,366 ,242 ,240 ,338 ,403 ,207 ,92 ,5 ,0 ,1779 ,1779 ,73 ,86 ,180 ,141 ,173 ,300 ,387 ,258 ,162 ,18 ,1
대구광역시 동구 불로.봉무동(2714062000),20850 ,20850 ,1746 ,2369 ,2041 ,2345 ,3829 ,3300 ,2903 ,1562 ,656 ,97 ,2 ,10259 ,10259 ,866 ,1205 ,1096 ,1170 ,1915 ,1626 ,1399 ,724 ,240 ,18 ,0 ,10591 ,10591 ,880 ,1164 ,945 ,1175 ,1914 ,1674 ,1504 ,838 ,416 ,79 ,2
대구광역시 동구 지저동(2714064000),13941 ,13941 ,516 ,771 ,1569 ,1422 ,1611 ,2576 ,3043 ,1611 ,744 ,76 ,2 ,6958 ,6958 ,265 ,404 ,869 ,833 ,880 ,1282 ,1418 ,726 ,267 ,14 ,0 ,6983 ,6983 ,251 ,367 ,700 ,589 ,731 ,1294 ,1625 ,885 ,477 ,62 ,2
대구광역시 동구 동촌동(2714065500),15101 ,15101 ,688 ,824 ,1825 ,1728 ,1904 ,2646 ,2938 ,1648 ,802 ,96 ,2 ,7571 ,7571 ,344 ,423 ,1007 ,984 ,1019 ,1297 ,1435 ,734 ,306 ,22 ,0 ,7530 ,7530 ,344 ,401 ,818 ,744 ,885 ,1349 ,1503 ,914 ,496 ,74 ,2
대구광역시 동구 방촌동(2714067000),18316 ,18316 ,739 ,1192 ,2085 ,1767 ,2161 ,3439 ,3655 ,2048 ,1103 ,121 ,6 ,8828 ,8828 ,395 ,620 ,1109 ,964 ,1106 ,1586 ,1683 ,913 ,417 ,35 ,0 ,9488 ,9488 ,344 ,572 ,976 ,803 ,1055 ,1853 ,1972 ,1135 ,686 ,86 ,6
대구광역시 동구 해안동(2714068500),14640 ,14640 ,587 ,840 ,1679 ,1492 ,1776 ,2597 ,2853 ,1817 ,894 ,102 ,3 ,7329 ,7329 ,306 ,460 ,914 ,850 ,953 ,1349 ,1339 ,808 ,324 ,25 ,1 ,7311 ,7311 ,281 ,380 ,765 ,642 ,823 ,1248 ,1514 ,1009 ,570 ,77 ,2
대구광역시 동구 안심1동(2714072000),40688 ,40688 ,2903 ,3611 ,4434 ,4794 ,6412 ,6517 ,6583 ,3523 ,1707 ,201 ,3 ,19794 ,19794 ,1480 ,1895 ,2340 ,2505 ,3214 ,3205 ,2987 ,1558 ,569 ,41 ,0 ,20894 ,20894 ,1423 ,1716 ,2094 ,2289 ,3198 ,3312 ,3596 ,1965 ,1138 ,160 ,3
대구광역시 동구 안심2동(2714073000),12235 ,12235 ,708 ,702 ,1388 ,1564 ,1550 ,2316 ,2186 ,1245 ,518 ,58 ,0 ,6087 ,6087 ,354 ,369 ,736 ,844 ,832 ,1120 ,1039 ,555 ,228 ,10 ,0 ,6148 ,6148 ,354 ,333 ,652 ,720 ,718 ,1196 ,1147 ,690 ,290 ,48 ,0
대구광역시 동구 안심3동(2714074200),21618 ,21618 ,2024 ,2725 ,2286 ,2900 ,4183 ,3242 ,2130 ,1395 ,662 ,70 ,1 ,10499 ,10499 ,1027 ,1370 ,1126 ,1488 ,2010 ,1652 ,949 ,599 ,262 ,16 ,0 ,11119 ,11119 ,997 ,1355 ,1160 ,1412 ,2173 ,1590 ,1181 ,796 ,400 ,54 ,1
대구광역시 동구 안심4동(2714074700),28034 ,28034 ,2003 ,2812 ,3472 ,3578 ,4551 ,4728 ,3842 ,2036 ,909 ,101 ,2 ,13856 ,13856 ,1031 ,1425 ,1839 ,1932 ,2244 ,2317 ,1798 ,914 ,329 ,25 ,2 ,14178 ,14178 ,972 ,1387 ,1633 ,1646 ,2307 ,2411 ,2044 ,1122 ,580 ,76 ,0
대구광역시 동구 혁신동(2714075500),18412 ,18412 ,2446 ,1745 ,1730 ,3974 ,3823 ,1845 ,1693 ,803 ,308 ,42 ,3 ,9091 ,9091 ,1252 ,864 ,803 ,2048 ,2006 ,890 ,767 ,352 ,105 ,4 ,0 ,9321 ,9321 ,1194 ,881 ,927 ,1926 ,1817 ,955 ,926 ,451 ,203 ,38 ,3
대구광역시 동구 공산동(2714076000),21275 ,21275 ,1276 ,1353 ,1998 ,2467 ,2907 ,3745 ,3788 ,2330 ,1255 ,154 ,2 ,10405 ,10405 ,644 ,680 ,1097 ,1319 ,1423 ,1803 ,1862 ,1098 ,449 ,30 ,0 ,10870 ,10870 ,632 ,673 ,901 ,1148 ,1484 ,1942 ,1926 ,1232 ,806 ,124 ,2
대구광역시 서구 (2717000000),158907 ,158907 ,6066 ,9447 ,17379 ,16429 ,19795 ,30116 ,32427 ,17998 ,8359 ,872 ,19 ,79057 ,79057 ,3192 ,4793 ,9394 ,9448 ,10665 ,15273 ,15315 ,7788 ,3020 ,167 ,2 ,79850 ,79850 ,2874 ,4654 ,7985 ,6981 ,9130 ,14843 ,17112 ,10210 ,5339 ,705 ,17
대구광역시 서구 내당1동(2717051000),10094 ,10094 ,607 ,514 ,1286 ,1489 ,1294 ,1691 ,1766 ,953 ,453 ,40 ,1 ,4983 ,4983 ,332 ,272 ,684 ,809 ,693 ,782 ,797 ,431 ,174 ,9 ,0 ,5111 ,5111 ,275 ,242 ,602 ,680 ,601 ,909 ,969 ,522 ,279 ,31 ,1
대구광역시 서구 내당2.3동(2717052500),9130 ,9130 ,232 ,406 ,1007 ,835 ,1012 ,1763 ,1949 ,1236 ,632 ,58 ,0 ,4407 ,4407 ,123 ,212 ,514 ,494 ,579 ,898 ,879 ,488 ,205 ,15 ,0 ,4723 ,4723 ,109 ,194 ,493 ,341 ,433 ,865 ,1070 ,748 ,427 ,43 ,0
대구광역시 서구 내당4동(2717054000),15760 ,15760 ,529 ,1010 ,1941 ,1870 ,1999 ,2792 ,3088 ,1682 ,749 ,98 ,2 ,7535 ,7535 ,255 ,519 ,996 ,1069 ,1007 ,1291 ,1354 ,736 ,284 ,23 ,1 ,8225 ,8225 ,274 ,491 ,945 ,801 ,992 ,1501 ,1734 ,946 ,465 ,75 ,1
대구광역시 서구 비산1동(2717055000),9188 ,9188 ,214 ,560 ,912 ,820 ,1086 ,1903 ,1948 ,1147 ,550 ,48 ,0 ,4671 ,4671 ,112 ,300 ,512 ,496 ,611 ,1004 ,952 ,467 ,206 ,11 ,0 ,4517 ,4517 ,102 ,260 ,400 ,324 ,475 ,899 ,996 ,680 ,344 ,37 ,0
대구광역시 서구 비산2.3동(2717056500),8774 ,8774 ,215 ,411 ,810 ,723 ,893 ,1664 ,1947 ,1318 ,733 ,59 ,1 ,4284 ,4284 ,113 ,222 ,433 ,423 ,511 ,874 ,940 ,507 ,254 ,7 ,0 ,4490 ,4490 ,102 ,189 ,377 ,300 ,382 ,790 ,1007 ,811 ,479 ,52 ,1
대구광역시 서구 비산4동(2717058000),9354 ,9354 ,277 ,475 ,1015 ,901 ,1134 ,1873 ,2019 ,1129 ,482 ,48 ,1 ,4528 ,4528 ,134 ,245 ,532 ,521 ,612 ,926 ,897 ,491 ,154 ,16 ,0 ,4826 ,4826 ,143 ,230 ,483 ,380 ,522 ,947 ,1122 ,638 ,328 ,32 ,1
대구광역시 서구 비산5동(2717059000),5754 ,5754 ,148 ,269 ,517 ,518 ,620 ,1104 ,1250 ,872 ,419 ,37 ,0 ,2920 ,2920 ,81 ,129 ,288 ,319 ,347 ,619 ,618 ,357 ,155 ,7 ,0 ,2834 ,2834 ,67 ,140 ,229 ,199 ,273 ,485 ,632 ,515 ,264 ,30 ,0
대구광역시 서구 비산6동(2717060000),7239 ,7239 ,168 ,374 ,810 ,615 ,810 ,1503 ,1620 ,856 ,438 ,43 ,2 ,3560 ,3560 ,90 ,203 ,453 ,352 ,414 ,769 ,738 ,366 ,161 ,14 ,0 ,3679 ,3679 ,78 ,171 ,357 ,263 ,396 ,734 ,882 ,490 ,277 ,29 ,2
대구광역시 서구 비산7동(2717061000),9367 ,9367 ,316 ,445 ,919 ,947 ,1059 ,1936 ,2034 ,1144 ,523 ,41 ,3 ,4943 ,4943 ,174 ,201 ,537 ,530 ,632 ,1094 ,1068 ,506 ,197 ,4 ,0 ,4424 ,4424 ,142 ,244 ,382 ,417 ,427 ,842 ,966 ,638 ,326 ,37 ,3
대구광역시 서구 평리1동(2717062000),7419 ,7419 ,243 ,415 ,800 ,693 ,910 ,1445 ,1544 ,861 ,453 ,54 ,1 ,3722 ,3722 ,125 ,204 ,450 ,397 ,512 ,759 ,763 ,353 ,154 ,5 ,0 ,3697 ,3697 ,118 ,211 ,350 ,296 ,398 ,686 ,781 ,508 ,299 ,49 ,1
대구광역시 서구 평리2동(2717063000),7614 ,7614 ,470 ,575 ,744 ,801 ,1107 ,1323 ,1465 ,781 ,320 ,28 ,0 ,3702 ,3702 ,247 ,288 ,378 ,443 ,562 ,625 ,694 ,340 ,119 ,6 ,0 ,3912 ,3912 ,223 ,287 ,366 ,358 ,545 ,698 ,771 ,441 ,201 ,22 ,0
대구광역시 서구 평리3동(2717064000),9431 ,9431 ,287 ,486 ,996 ,918 ,1145 ,1840 ,2114 ,1106 ,482 ,57 ,0 ,4735 ,4735 ,159 ,253 ,528 ,540 ,624 ,941 ,1011 ,503 ,168 ,8 ,0 ,4696 ,4696 ,128 ,233 ,468 ,378 ,521 ,899 ,1103 ,603 ,314 ,49 ,0
대구광역시 서구 평리4동(2717065000),17255 ,17255 ,963 ,1249 ,1940 ,1951 ,2438 ,3154 ,3208 ,1598 ,666 ,86 ,2 ,8549 ,8549 ,507 ,601 ,1051 ,1082 ,1283 ,1552 ,1514 ,701 ,245 ,12 ,1 ,8706 ,8706 ,456 ,648 ,889 ,869 ,1155 ,1602 ,1694 ,897 ,421 ,74 ,1
대구광역시 서구 평리5동(2717066000),1689 ,1689 ,54 ,101 ,211 ,178 ,199 ,303 ,344 ,209 ,87 ,3 ,0 ,904 ,904 ,31 ,53 ,139 ,106 ,115 ,152 ,166 ,99 ,42 ,1 ,0 ,785 ,785 ,23 ,48 ,72 ,72 ,84 ,151 ,178 ,110 ,45 ,2 ,0
대구광역시 서구 평리6동(2717066100),4415 ,4415 ,192 ,224 ,523 ,588 ,503 ,860 ,893 ,434 ,174 ,24 ,0 ,2360 ,2360 ,99 ,122 ,287 ,367 ,284 ,477 ,445 ,212 ,64 ,3 ,0 ,2055 ,2055 ,93 ,102 ,236 ,221 ,219 ,383 ,448 ,222 ,110 ,21 ,0
대구광역시 서구 상중이동(2717067500),19191 ,19191 ,943 ,1584 ,2199 ,1929 ,2694 ,3569 ,3738 ,1729 ,700 ,100 ,6 ,9591 ,9591 ,515 ,813 ,1202 ,1099 ,1361 ,1759 ,1762 ,819 ,246 ,15 ,0 ,9600 ,9600 ,428 ,771 ,997 ,830 ,1333 ,1810 ,1976 ,910 ,454 ,85 ,6
대구광역시 서구 원대동(2717069500),7233 ,7233 ,208 ,349 ,749 ,653 ,892 ,1393 ,1500 ,943 ,498 ,48 ,0 ,3663 ,3663 ,95 ,156 ,410 ,401 ,518 ,751 ,717 ,412 ,192 ,11 ,0 ,3570 ,3570 ,113 ,193 ,339 ,252 ,374 ,642 ,783 ,531 ,306 ,37 ,0
대구광역시 남구 (2720000000),141640 ,141640 ,6005 ,8771 ,18805 ,16787 ,18512 ,23606 ,24464 ,15191 ,8382 ,1099 ,18 ,67704 ,67704 ,3116 ,4504 ,9150 ,8976 ,9269 ,11609 ,11299 ,6430 ,3077 ,274 ,0 ,73936 ,73936 ,2889 ,4267 ,9655 ,7811 ,9243 ,11997 ,13165 ,8761 ,5305 ,825 ,18
대구광역시 남구 이천동(2720051500),11817 ,11817 ,655 ,937 ,1129 ,1157 ,1792 ,1983 ,1807 ,1351 ,864 ,142 ,0 ,5584 ,5584 ,371 ,498 ,595 ,591 ,868 ,982 ,813 ,531 ,298 ,37 ,0 ,6233 ,6233 ,284 ,439 ,534 ,566 ,924 ,1001 ,994 ,820 ,566 ,105 ,0
대구광역시 남구 봉덕1동(2720053000),8725 ,8725 ,263 ,455 ,1035 ,1012 ,1158 ,1520 ,1599 ,973 ,625 ,82 ,3 ,4200 ,4200 ,136 ,235 ,499 ,561 ,591 ,783 ,744 ,415 ,214 ,22 ,0 ,4525 ,4525 ,127 ,220 ,536 ,451 ,567 ,737 ,855 ,558 ,411 ,60 ,3
대구광역시 남구 봉덕2동(2720054000),12948 ,12948 ,1034 ,1066 ,1129 ,1660 ,1908 ,2004 ,2057 ,1232 ,750 ,105 ,3 ,6114 ,6114 ,545 ,499 ,571 ,815 ,922 ,932 ,952 ,549 ,294 ,35 ,0 ,6834 ,6834 ,489 ,567 ,558 ,845 ,986 ,1072 ,1105 ,683 ,456 ,70 ,3
대구광역시 남구 봉덕3동(2720055000),15663 ,15663 ,689 ,1140 ,1823 ,1592 ,2160 ,2675 ,2773 ,1680 ,979 ,150 ,2 ,7409 ,7409 ,364 ,581 ,909 ,810 ,1010 ,1345 ,1248 ,717 ,381 ,44 ,0 ,8254 ,8254 ,325 ,559 ,914 ,782 ,1150 ,1330 ,1525 ,963 ,598 ,106 ,2
대구광역시 남구 대명1동(2720056000),10798 ,10798 ,392 ,715 ,1540 ,1274 ,1371 ,1878 ,1884 ,1119 ,554 ,69 ,2 ,5247 ,5247 ,209 ,374 ,752 ,708 ,687 ,897 ,879 ,505 ,213 ,23 ,0 ,5551 ,5551 ,183 ,341 ,788 ,566 ,684 ,981 ,1005 ,614 ,341 ,46 ,2
대구광역시 남구 대명2동(2720057100),12007 ,12007 ,540 ,679 ,2293 ,1776 ,1433 ,1805 ,1686 ,1109 ,612 ,74 ,0 ,5681 ,5681 ,278 ,323 ,1033 ,975 ,735 ,866 ,790 ,449 ,218 ,14 ,0 ,6326 ,6326 ,262 ,356 ,1260 ,801 ,698 ,939 ,896 ,660 ,394 ,60 ,0
대구광역시 남구 대명3동(2720058600),10393 ,10393 ,254 ,542 ,1506 ,1106 ,1235 ,1750 ,1971 ,1304 ,654 ,71 ,0 ,5113 ,5113 ,144 ,286 ,735 ,643 ,676 ,912 ,952 ,526 ,229 ,10 ,0 ,5280 ,5280 ,110 ,256 ,771 ,463 ,559 ,838 ,1019 ,778 ,425 ,61 ,0
대구광역시 남구 대명4동(2720059000),10399 ,10399 ,354 ,538 ,1416 ,1109 ,1134 ,1837 ,2144 ,1201 ,593 ,71 ,2 ,5008 ,5008 ,162 ,280 ,723 ,640 ,591 ,896 ,993 ,521 ,191 ,11 ,0 ,5391 ,5391 ,192 ,258 ,693 ,469 ,543 ,941 ,1151 ,680 ,402 ,60 ,2
대구광역시 남구 대명5동(2720060000),5841 ,5841 ,168 ,356 ,1223 ,661 ,624 ,897 ,928 ,619 ,320 ,45 ,0 ,2753 ,2753 ,92 ,193 ,549 ,328 ,335 ,441 ,425 ,258 ,121 ,11 ,0 ,3088 ,3088 ,76 ,163 ,674 ,333 ,289 ,456 ,503 ,361 ,199 ,34 ,0
대구광역시 남구 대명6동(2720061000),11393 ,11393 ,607 ,735 ,1554 ,1550 ,1646 ,1915 ,1795 ,1011 ,513 ,65 ,2 ,5452 ,5452 ,297 ,367 ,758 ,799 ,792 ,958 ,834 ,452 ,186 ,9 ,0 ,5941 ,5941 ,310 ,368 ,796 ,751 ,854 ,957 ,961 ,559 ,327 ,56 ,2
대구광역시 남구 대명9동(2720064000),14832 ,14832 ,567 ,823 ,2080 ,1942 ,2048 ,2525 ,2477 ,1523 ,745 ,101 ,1 ,7213 ,7213 ,295 ,440 ,1013 ,1024 ,1035 ,1248 ,1181 ,659 ,287 ,31 ,0 ,7619 ,7619 ,272 ,383 ,1067 ,918 ,1013 ,1277 ,1296 ,864 ,458 ,70 ,1
대구광역시 남구 대명10동(2720065000),8657 ,8657 ,241 ,417 ,1168 ,1014 ,1076 ,1429 ,1610 ,1039 ,596 ,65 ,2 ,4072 ,4072 ,109 ,240 ,553 ,554 ,544 ,685 ,720 ,423 ,228 ,16 ,0 ,4585 ,4585 ,132 ,177 ,615 ,460 ,532 ,744 ,890 ,616 ,368 ,49 ,2
대구광역시 남구 대명11동(2720066000),8167 ,8167 ,241 ,368 ,909 ,934 ,927 ,1388 ,1733 ,1030 ,577 ,59 ,1 ,3858 ,3858 ,114 ,188 ,460 ,528 ,483 ,664 ,768 ,425 ,217 ,11 ,0 ,4309 ,4309 ,127 ,180 ,449 ,406 ,444 ,724 ,965 ,605 ,360 ,48 ,1
대구광역시 북구 (2723000000),427120 ,427120 ,28111 ,40535 ,58206 ,49565 ,65861 ,77628 ,60535 ,30168 ,14733 ,1734 ,44 ,212133 ,212133 ,14341 ,20890 ,31382 ,26659 ,32393 ,38245 ,29473 ,13066 ,5323 ,358 ,3 ,214987 ,214987 ,13770 ,19645 ,26824 ,22906 ,33468 ,39383 ,31062 ,17102 ,9410 ,1376 ,41
대구광역시 북구 고성동(2723051000),4630 ,4630 ,314 ,312 ,453 ,659 ,645 ,724 ,736 ,514 ,236 ,36 ,1 ,2236 ,2236 ,156 ,148 ,246 ,344 ,340 ,373 ,325 ,217 ,77 ,10 ,0 ,2394 ,2394 ,158 ,164 ,207 ,315 ,305 ,351 ,411 ,297 ,159 ,26 ,1
대구광역시 북구 칠성동(2723052600),22883 ,22883 ,1969 ,2125 ,2606 ,3312 ,4057 ,3307 ,2809 ,1642 ,926 ,125 ,5 ,10926 ,10926 ,960 ,1039 ,1273 ,1660 ,1974 ,1595 ,1343 ,707 ,348 ,27 ,0 ,11957 ,11957 ,1009 ,1086 ,1333 ,1652 ,2083 ,1712 ,1466 ,935 ,578 ,98 ,5
대구광역시 북구 침산1동(2723055000),3905 ,3905 ,135 ,183 ,395 ,402 ,423 ,762 ,932 ,446 ,199 ,26 ,2 ,2070 ,2070 ,77 ,101 ,229 ,246 ,245 ,402 ,487 ,217 ,58 ,8 ,0 ,1835 ,1835 ,58 ,82 ,166 ,156 ,178 ,360 ,445 ,229 ,141 ,18 ,2
대구광역시 북구 침산2동(2723056000),18244 ,18244 ,1796 ,2315 ,1872 ,2258 ,3481 ,2884 ,1972 ,1071 ,532 ,60 ,3 ,8793 ,8793 ,905 ,1172 ,964 ,1086 ,1666 ,1403 ,909 ,447 ,225 ,15 ,1 ,9451 ,9451 ,891 ,1143 ,908 ,1172 ,1815 ,1481 ,1063 ,624 ,307 ,45 ,2
대구광역시 북구 침산3동(2723057000),19224 ,19224 ,1448 ,2099 ,2083 ,1957 ,3190 ,3435 ,2647 ,1517 ,763 ,81 ,4 ,9233 ,9233 ,756 ,1070 ,1097 ,957 ,1496 ,1659 ,1260 ,631 ,293 ,14 ,0 ,9991 ,9991 ,692 ,1029 ,986 ,1000 ,1694 ,1776 ,1387 ,886 ,470 ,67 ,4
대구광역시 북구 산격1동(2723061000),8672 ,8672 ,175 ,381 ,775 ,682 ,887 ,1669 ,2015 ,1330 ,693 ,64 ,1 ,4295 ,4295 ,80 ,203 ,457 ,403 ,519 ,866 ,992 ,519 ,240 ,16 ,0 ,4377 ,4377 ,95 ,178 ,318 ,279 ,368 ,803 ,1023 ,811 ,453 ,48 ,1
대구광역시 북구 산격2동(2723062000),10423 ,10423 ,467 ,777 ,1382 ,1102 ,1279 ,2062 ,1887 ,970 ,450 ,46 ,1 ,5087 ,5087 ,224 ,396 ,759 ,633 ,621 ,953 ,910 ,422 ,156 ,13 ,0 ,5336 ,5336 ,243 ,381 ,623 ,469 ,658 ,1109 ,977 ,548 ,294 ,33 ,1
대구광역시 북구 산격3동(2723063000),9156 ,9156 ,204 ,484 ,2789 ,1122 ,929 ,1137 ,1273 ,791 ,377 ,50 ,0 ,4826 ,4826 ,106 ,239 ,1554 ,710 ,542 ,604 ,598 ,330 ,127 ,16 ,0 ,4330 ,4330 ,98 ,245 ,1235 ,412 ,387 ,533 ,675 ,461 ,250 ,34 ,0
대구광역시 북구 산격4동(2723063100),8117 ,8117 ,240 ,434 ,1105 ,966 ,980 ,1352 ,1599 ,940 ,441 ,59 ,1 ,4257 ,4257 ,124 ,251 ,631 ,616 ,571 ,702 ,737 ,425 ,188 ,12 ,0 ,3860 ,3860 ,116 ,183 ,474 ,350 ,409 ,650 ,862 ,515 ,253 ,47 ,1
대구광역시 북구 대현동(2723064500),16917 ,16917 ,839 ,1152 ,2814 ,1765 ,2340 ,2632 ,2617 ,1700 ,939 ,117 ,2 ,8511 ,8511 ,395 ,581 ,1715 ,994 ,1220 ,1327 ,1213 ,698 ,337 ,30 ,1 ,8406 ,8406 ,444 ,571 ,1099 ,771 ,1120 ,1305 ,1404 ,1002 ,602 ,87 ,1
대구광역시 북구 복현1동(2723067100),7431 ,7431 ,127 ,318 ,2580 ,996 ,737 ,1019 ,985 ,446 ,200 ,23 ,0 ,4156 ,4156 ,70 ,153 ,1537 ,660 ,441 ,534 ,475 ,200 ,79 ,7 ,0 ,3275 ,3275 ,57 ,165 ,1043 ,336 ,296 ,485 ,510 ,246 ,121 ,16 ,0
대구광역시 북구 복현2동(2723067200),30747 ,30747 ,2219 ,3130 ,4251 ,4025 ,4738 ,5289 ,4321 ,1838 ,818 ,116 ,2 ,15214 ,15214 ,1132 ,1622 ,2340 ,2152 ,2249 ,2493 ,2071 ,831 ,308 ,16 ,0 ,15533 ,15533 ,1087 ,1508 ,1911 ,1873 ,2489 ,2796 ,2250 ,1007 ,510 ,100 ,2
대구광역시 북구 검단동(2723068000),6189 ,6189 ,211 ,337 ,614 ,667 ,781 ,1047 ,1343 ,773 ,379 ,37 ,0 ,3069 ,3069 ,105 ,180 ,329 ,400 ,439 ,541 ,596 ,328 ,143 ,8 ,0 ,3120 ,3120 ,106 ,157 ,285 ,267 ,342 ,506 ,747 ,445 ,236 ,29 ,0
대구광역시 북구 무태조야동(2723069500),35478 ,35478 ,2963 ,3635 ,3905 ,4044 ,6433 ,6746 ,4453 ,2320 ,895 ,83 ,1 ,18106 ,18106 ,1542 ,1857 ,2113 ,2155 ,3205 ,3602 ,2188 ,1087 ,347 ,10 ,0 ,17372 ,17372 ,1421 ,1778 ,1792 ,1889 ,3228 ,3144 ,2265 ,1233 ,548 ,73 ,1
대구광역시 북구 관문동(2723071500),35395 ,35395 ,3820 ,3318 ,3268 ,5019 ,6425 ,5802 ,4751 ,2061 ,811 ,118 ,2 ,17565 ,17565 ,1952 ,1682 ,1784 ,2509 ,3304 ,2822 ,2284 ,938 ,272 ,18 ,0 ,17830 ,17830 ,1868 ,1636 ,1484 ,2510 ,3121 ,2980 ,2467 ,1123 ,539 ,100 ,2
대구광역시 북구 태전1동(2723072500),21815 ,21815 ,1037 ,1698 ,3878 ,2486 ,2755 ,3970 ,3465 ,1611 ,801 ,110 ,4 ,10901 ,10901 ,549 ,851 ,1985 ,1407 ,1413 ,1937 ,1715 ,724 ,297 ,22 ,1 ,10914 ,10914 ,488 ,847 ,1893 ,1079 ,1342 ,2033 ,1750 ,887 ,504 ,88 ,3
대구광역시 북구 태전2동(2723073500),23796 ,23796 ,1288 ,2213 ,3406 ,2536 ,3373 ,4561 ,3730 ,1790 ,815 ,82 ,2 ,11626 ,11626 ,661 ,1174 ,1773 ,1399 ,1632 ,2132 ,1778 ,743 ,317 ,17 ,0 ,12170 ,12170 ,627 ,1039 ,1633 ,1137 ,1741 ,2429 ,1952 ,1047 ,498 ,65 ,2
대구광역시 북구 구암동(2723074500),33827 ,33827 ,1986 ,4257 ,4830 ,3159 ,5550 ,7277 ,4057 ,1660 ,940 ,107 ,4 ,16570 ,16570 ,977 ,2228 ,2570 ,1669 ,2498 ,3537 ,2078 ,680 ,309 ,24 ,0 ,17257 ,17257 ,1009 ,2029 ,2260 ,1490 ,3052 ,3740 ,1979 ,980 ,631 ,83 ,4
대구광역시 북구 관음동(2723075000),15785 ,15785 ,656 ,1316 ,2038 ,1531 ,2007 ,3306 ,2916 ,1253 ,692 ,66 ,4 ,7973 ,7973 ,351 ,685 ,1132 ,885 ,1032 ,1623 ,1449 ,582 ,224 ,10 ,0 ,7812 ,7812 ,305 ,631 ,906 ,646 ,975 ,1683 ,1467 ,671 ,468 ,56 ,4
대구광역시 북구 읍내동(2723077000),25957 ,25957 ,1411 ,2147 ,3847 ,3074 ,3266 ,5189 ,4187 ,1754 ,971 ,107 ,4 ,12834 ,12834 ,736 ,1156 ,2057 ,1672 ,1541 ,2443 ,2077 ,789 ,344 ,19 ,0 ,13123 ,13123 ,675 ,991 ,1790 ,1402 ,1725 ,2746 ,2110 ,965 ,627 ,88 ,4
대구광역시 북구 동천동(2723078000),27113 ,27113 ,1747 ,3697 ,3923 ,2586 ,4761 ,5849 ,2597 ,1193 ,692 ,68 ,0 ,13148 ,13148 ,927 ,1930 ,2089 ,1280 ,2065 ,2854 ,1314 ,447 ,229 ,13 ,0 ,13965 ,13965 ,820 ,1767 ,1834 ,1306 ,2696 ,2995 ,1283 ,746 ,463 ,55 ,0
대구광역시 북구 노원동(2723079000),11035 ,11035 ,504 ,544 ,1057 ,1343 ,1389 ,1993 ,2379 ,1313 ,459 ,54 ,0 ,5753 ,5753 ,264 ,280 ,555 ,810 ,802 ,1040 ,1193 ,601 ,195 ,13 ,0 ,5282 ,5282 ,240 ,264 ,502 ,533 ,587 ,953 ,1186 ,712 ,264 ,41 ,0
대구광역시 북구 국우동(2723080000),30381 ,30381 ,2555 ,3663 ,4335 ,3874 ,5435 ,5616 ,2864 ,1235 ,704 ,99 ,1 ,14984 ,14984 ,1292 ,1892 ,2193 ,2012 ,2578 ,2803 ,1481 ,503 ,210 ,20 ,0 ,15397 ,15397 ,1263 ,1771 ,2142 ,1862 ,2857 ,2813 ,1383 ,732 ,494 ,79 ,1
대구광역시 수성구 (2726000000),409419 ,409419 ,26409 ,47795 ,48742 ,40514 ,66828 ,74474 ,56047 ,30379 ,15937 ,2240 ,54 ,197507 ,197507 ,13618 ,25002 ,25990 ,20388 ,30544 ,35644 ,26497 ,13260 ,5987 ,569 ,8 ,211912 ,211912 ,12791 ,22793 ,22752 ,20126 ,36284 ,38830 ,29550 ,17119 ,9950 ,1671 ,46
대구광역시 수성구 범어1동(2726051000),16205 ,16205 ,1519 ,2083 ,1781 ,1673 ,3006 ,2737 ,1722 ,1033 ,586 ,63 ,2 ,7721 ,7721 ,733 ,1001 ,932 ,763 ,1396 ,1320 ,871 ,429 ,248 ,28 ,0 ,8484 ,8484 ,786 ,1082 ,849 ,910 ,1610 ,1417 ,851 ,604 ,338 ,35 ,2
대구광역시 수성구 범어2동(2726052000),14975 ,14975 ,900 ,1707 ,2096 ,1790 ,2416 ,2609 ,1852 ,1014 ,527 ,63 ,1 ,7173 ,7173 ,448 ,868 ,1045 ,864 ,1082 ,1262 ,902 ,459 ,226 ,17 ,0 ,7802 ,7802 ,452 ,839 ,1051 ,926 ,1334 ,1347 ,950 ,555 ,301 ,46 ,1
대구광역시 수성구 범어3동(2726053000),17165 ,17165 ,1983 ,2230 ,1906 ,2140 ,3468 ,2826 ,1439 ,766 ,360 ,45 ,2 ,8236 ,8236 ,1014 ,1029 ,991 ,987 ,1650 ,1392 ,703 ,320 ,139 ,11 ,0 ,8929 ,8929 ,969 ,1201 ,915 ,1153 ,1818 ,1434 ,736 ,446 ,221 ,34 ,2
대구광역시 수성구 범어4동(2726054000),19686 ,19686 ,1514 ,4434 ,1820 ,1156 ,4755 ,3229 ,1428 ,865 ,426 ,58 ,1 ,9709 ,9709 ,829 ,2372 ,985 ,498 ,2074 ,1750 ,672 ,362 ,158 ,9 ,0 ,9977 ,9977 ,685 ,2062 ,835 ,658 ,2681 ,1479 ,756 ,503 ,268 ,49 ,1
대구광역시 수성구 만촌1동(2726055000),22015 ,22015 ,1503 ,2321 ,2571 ,2087 ,3360 ,3966 ,3223 ,1823 ,1016 ,142 ,3 ,10703 ,10703 ,774 ,1224 ,1412 ,1078 ,1537 ,1913 ,1510 ,814 ,400 ,41 ,0 ,11312 ,11312 ,729 ,1097 ,1159 ,1009 ,1823 ,2053 ,1713 ,1009 ,616 ,101 ,3
대구광역시 수성구 만촌2동(2726056000),10678 ,10678 ,444 ,990 ,1640 ,1185 ,1425 ,2013 ,1603 ,859 ,461 ,57 ,1 ,5318 ,5318 ,215 ,556 ,887 ,674 ,673 ,981 ,751 ,382 ,186 ,13 ,0 ,5360 ,5360 ,229 ,434 ,753 ,511 ,752 ,1032 ,852 ,477 ,275 ,44 ,1
대구광역시 수성구 만촌3동(2726056100),19872 ,19872 ,1146 ,3835 ,2352 ,1251 ,4173 ,3777 ,1766 ,1005 ,500 ,66 ,1 ,10386 ,10386 ,655 ,2468 ,1406 ,623 ,1825 ,1930 ,837 ,431 ,192 ,18 ,1 ,9486 ,9486 ,491 ,1367 ,946 ,628 ,2348 ,1847 ,929 ,574 ,308 ,48 ,0
대구광역시 수성구 수성1가동(2726057000),17205 ,17205 ,984 ,2017 ,1914 ,1382 ,2720 ,3184 ,2258 ,1674 ,929 ,136 ,7 ,7839 ,7839 ,461 ,924 ,964 ,691 ,1206 ,1509 ,1032 ,667 ,349 ,35 ,1 ,9366 ,9366 ,523 ,1093 ,950 ,691 ,1514 ,1675 ,1226 ,1007 ,580 ,101 ,6
대구광역시 수성구 수성2.3가동(2726058000),11280 ,11280 ,798 ,1607 ,1168 ,844 ,2071 ,1970 ,1442 ,869 ,459 ,50 ,2 ,5469 ,5469 ,410 ,815 ,603 ,412 ,953 ,1022 ,681 ,379 ,181 ,13 ,0 ,5811 ,5811 ,388 ,792 ,565 ,432 ,1118 ,948 ,761 ,490 ,278 ,37 ,2
대구광역시 수성구 수성4가동(2726059000),13746 ,13746 ,619 ,1234 ,1698 ,1317 ,1812 ,2783 ,2203 ,1261 ,716 ,100 ,3 ,6375 ,6375 ,321 ,602 ,876 ,658 ,788 ,1251 ,1031 ,554 ,261 ,32 ,1 ,7371 ,7371 ,298 ,632 ,822 ,659 ,1024 ,1532 ,1172 ,707 ,455 ,68 ,2
대구광역시 수성구 황금1동(2726060100),22751 ,22751 ,1719 ,3762 ,2445 ,1619 ,4289 ,4245 ,2640 ,1290 ,637 ,100 ,5 ,10859 ,10859 ,870 ,1872 ,1345 ,766 ,1855 ,2107 ,1215 ,575 ,230 ,24 ,0 ,11892 ,11892 ,849 ,1890 ,1100 ,853 ,2434 ,2138 ,1425 ,715 ,407 ,76 ,5
대구광역시 수성구 황금2동(2726060200),11996 ,11996 ,797 ,950 ,1577 ,1721 ,1896 ,1902 ,1584 ,1043 ,468 ,57 ,1 ,5746 ,5746 ,375 ,478 ,765 ,866 ,958 ,935 ,725 ,443 ,188 ,13 ,0 ,6250 ,6250 ,422 ,472 ,812 ,855 ,938 ,967 ,859 ,600 ,280 ,44 ,1
대구광역시 수성구 중동(2726061000),12731 ,12731 ,1020 ,916 ,1480 ,1719 ,2109 ,2162 ,1753 ,1016 ,483 ,72 ,1 ,6296 ,6296 ,537 ,484 ,748 ,872 ,1051 ,1101 ,838 ,458 ,189 ,18 ,0 ,6435 ,6435 ,483 ,432 ,732 ,847 ,1058 ,1061 ,915 ,558 ,294 ,54 ,1
대구광역시 수성구 상동(2726062000),15513 ,15513 ,755 ,1188 ,1781 ,1678 ,2236 ,2708 ,2701 ,1545 ,802 ,119 ,0 ,7494 ,7494 ,406 ,615 ,891 ,902 ,1077 ,1295 ,1282 ,692 ,312 ,22 ,0 ,8019 ,8019 ,349 ,573 ,890 ,776 ,1159 ,1413 ,1419 ,853 ,490 ,97 ,0
대구광역시 수성구 파동(2726063000),11951 ,11951 ,785 ,950 ,1002 ,1224 ,1766 ,1944 ,2146 ,1398 ,639 ,95 ,2 ,5712 ,5712 ,393 ,524 ,545 ,614 ,842 ,918 ,949 ,648 ,259 ,20 ,0 ,6239 ,6239 ,392 ,426 ,457 ,610 ,924 ,1026 ,1197 ,750 ,380 ,75 ,2
대구광역시 수성구 두산동(2726064000),14754 ,14754 ,928 ,1108 ,2190 ,2130 ,2287 ,2751 ,1971 ,915 ,412 ,61 ,1 ,7160 ,7160 ,485 ,575 ,1108 ,1057 ,1114 ,1275 ,945 ,409 ,172 ,20 ,0 ,7594 ,7594 ,443 ,533 ,1082 ,1073 ,1173 ,1476 ,1026 ,506 ,240 ,41 ,1
대구광역시 수성구 지산1동(2726065100),20782 ,20782 ,717 ,1529 ,2754 ,2088 ,2619 ,3960 ,3670 ,2145 ,1130 ,167 ,3 ,9903 ,9903 ,390 ,844 ,1481 ,1153 ,1226 ,1782 ,1682 ,893 ,405 ,45 ,2 ,10879 ,10879 ,327 ,685 ,1273 ,935 ,1393 ,2178 ,1988 ,1252 ,725 ,122 ,1
대구광역시 수성구 지산2동(2726065200),17830 ,17830 ,834 ,1628 ,2096 ,1694 ,2453 ,3358 ,3162 ,1593 ,883 ,127 ,2 ,8421 ,8421 ,440 ,826 ,1104 ,883 ,1108 ,1535 ,1433 ,726 ,334 ,32 ,0 ,9409 ,9409 ,394 ,802 ,992 ,811 ,1345 ,1823 ,1729 ,867 ,549 ,95 ,2
대구광역시 수성구 범물1동(2726066100),10836 ,10836 ,286 ,562 ,1048 ,845 ,1100 ,1835 ,2485 ,1634 ,910 ,127 ,4 ,4892 ,4892 ,137 ,274 ,592 ,443 ,561 ,827 ,1127 ,656 ,249 ,25 ,1 ,5944 ,5944 ,149 ,288 ,456 ,402 ,539 ,1008 ,1358 ,978 ,661 ,102 ,3
대구광역시 수성구 범물2동(2726066200),16725 ,16725 ,1124 ,1756 ,1844 ,1727 ,2645 ,3009 ,2787 ,1242 ,501 ,86 ,4 ,8056 ,8056 ,572 ,900 ,1005 ,894 ,1204 ,1393 ,1302 ,581 ,187 ,16 ,2 ,8669 ,8669 ,552 ,856 ,839 ,833 ,1441 ,1616 ,1485 ,661 ,314 ,70 ,2
대구광역시 수성구 고산1동(2726067000),31105 ,31105 ,2015 ,4386 ,3947 ,2919 ,5184 ,5891 ,4025 ,1681 ,926 ,130 ,1 ,15049 ,15049 ,1070 ,2234 ,2121 ,1475 ,2278 ,2745 ,1980 ,767 ,349 ,30 ,0 ,16056 ,16056 ,945 ,2152 ,1826 ,1444 ,2906 ,3146 ,2045 ,914 ,577 ,100 ,1
대구광역시 수성구 고산2동(2726068000),27672 ,27672 ,2087 ,2987 ,3406 ,3208 ,4277 ,5011 ,3803 ,1779 ,964 ,146 ,4 ,13632 ,13632 ,1061 ,1607 ,1908 ,1651 ,1964 ,2395 ,1839 ,806 ,356 ,45 ,0 ,14040 ,14040 ,1026 ,1380 ,1498 ,1557 ,2313 ,2616 ,1964 ,973 ,608 ,101 ,4
대구광역시 수성구 고산3동(2726069000),31946 ,31946 ,1932 ,3615 ,4226 ,3117 ,4761 ,6604 ,4384 ,1929 ,1202 ,173 ,3 ,15358 ,15358 ,1022 ,1910 ,2276 ,1564 ,2122 ,3006 ,2190 ,809 ,417 ,42 ,0 ,16588 ,16588 ,910 ,1705 ,1950 ,1553 ,2639 ,3598 ,2194 ,1120 ,785 ,131 ,3
대구광역시 달서구 (2729000000),535656 ,535656 ,33745 ,51479 ,69461 ,61648 ,81679 ,98924 ,81210 ,37781 ,17548 ,2145 ,36 ,263040 ,263040 ,17329 ,26461 ,36588 ,32826 ,39685 ,47489 ,39124 ,16844 ,6218 ,471 ,5 ,272616 ,272616 ,16416 ,25018 ,32873 ,28822 ,41994 ,51435 ,42086 ,20937 ,11330 ,1674 ,31
대구광역시 달서구 성당동(2729051500),22461 ,22461 ,1203 ,1917 ,2444 ,2399 ,3427 ,3809 ,3977 ,2240 ,948 ,92 ,5 ,10914 ,10914 ,591 ,914 ,1238 ,1296 ,1722 ,1929 ,1880 ,997 ,330 ,17 ,0 ,11547 ,11547 ,612 ,1003 ,1206 ,1103 ,1705 ,1880 ,2097 ,1243 ,618 ,75 ,5
대구광역시 달서구 두류1.2동(2729053500),15021 ,15021 ,586 ,729 ,2225 ,2178 ,1864 ,2434 ,2640 ,1528 ,757 ,78 ,2 ,7343 ,7343 ,303 ,372 ,1004 ,1187 ,1025 ,1252 ,1256 ,640 ,290 ,14 ,0 ,7678 ,7678 ,283 ,357 ,1221 ,991 ,839 ,1182 ,1384 ,888 ,467 ,64 ,2
대구광역시 달서구 두류3동(2729055000),8429 ,8429 ,361 ,549 ,1135 ,1037 ,1087 ,1404 ,1431 ,907 ,468 ,49 ,1 ,4072 ,4072 ,191 ,279 ,575 ,579 ,541 ,663 ,673 ,375 ,182 ,14 ,0 ,4357 ,4357 ,170 ,270 ,560 ,458 ,546 ,741 ,758 ,532 ,286 ,35 ,1
대구광역시 달서구 감삼동(2729055500),28895 ,28895 ,2354 ,2456 ,3883 ,4238 ,4353 ,5145 ,4007 ,1726 ,670 ,61 ,2 ,14054 ,14054 ,1183 ,1232 ,1936 ,2165 ,2121 ,2424 ,1916 ,796 ,269 ,12 ,0 ,14841 ,14841 ,1171 ,1224 ,1947 ,2073 ,2232 ,2721 ,2091 ,930 ,401 ,49 ,2
대구광역시 달서구 죽전동(2729056300),12866 ,12866 ,447 ,784 ,2054 ,1586 ,1654 ,2492 ,2323 ,1052 ,423 ,51 ,0 ,6345 ,6345 ,220 ,393 ,1019 ,926 ,864 ,1182 ,1104 ,471 ,149 ,17 ,0 ,6521 ,6521 ,227 ,391 ,1035 ,660 ,790 ,1310 ,1219 ,581 ,274 ,34 ,0
대구광역시 달서구 장기동(2729056800),16489 ,16489 ,1025 ,1496 ,2156 ,1916 ,2486 ,3255 ,2478 ,1141 ,480 ,54 ,2 ,8081 ,8081 ,526 ,775 ,1152 ,1010 ,1236 ,1527 ,1147 ,535 ,161 ,12 ,0 ,8408 ,8408 ,499 ,721 ,1004 ,906 ,1250 ,1728 ,1331 ,606 ,319 ,42 ,2
대구광역시 달서구 용산1동(2729057100),29655 ,29655 ,1522 ,3069 ,4324 ,3058 ,4347 ,6509 ,4267 ,1722 ,761 ,74 ,2 ,14834 ,14834 ,781 ,1621 ,2342 ,1626 ,2040 ,3121 ,2203 ,802 ,281 ,16 ,1 ,14821 ,14821 ,741 ,1448 ,1982 ,1432 ,2307 ,3388 ,2064 ,920 ,480 ,58 ,1
대구광역시 달서구 용산2동(2729057200),27351 ,27351 ,1365 ,2488 ,3878 ,3017 ,3893 ,6174 ,4198 ,1504 ,766 ,66 ,2 ,13674 ,13674 ,694 ,1324 ,2123 ,1672 ,1861 ,2864 ,2186 ,659 ,278 ,13 ,0 ,13677 ,13677 ,671 ,1164 ,1755 ,1345 ,2032 ,3310 ,2012 ,845 ,488 ,53 ,2
대구광역시 달서구 이곡1동(2729057600),21982 ,21982 ,1017 ,2042 ,3506 ,2414 ,3081 ,4937 ,3133 ,1195 ,587 ,69 ,1 ,10975 ,10975 ,546 ,1015 ,1895 ,1329 ,1456 ,2336 ,1649 ,526 ,206 ,17 ,0 ,11007 ,11007 ,471 ,1027 ,1611 ,1085 ,1625 ,2601 ,1484 ,669 ,381 ,52 ,1
대구광역시 달서구 이곡2동(2729057700),15664 ,15664 ,696 ,1144 ,2131 ,1937 ,2037 ,3242 ,2933 ,1069 ,434 ,40 ,1 ,7900 ,7900 ,361 ,579 ,1171 ,1105 ,1013 ,1511 ,1476 ,502 ,173 ,9 ,0 ,7764 ,7764 ,335 ,565 ,960 ,832 ,1024 ,1731 ,1457 ,567 ,261 ,31 ,1
대구광역시 달서구 신당동(2729058500),30611 ,30611 ,1105 ,2206 ,6792 ,3474 ,3657 ,5893 ,4376 ,1950 ,1032 ,126 ,0 ,15501 ,15501 ,579 ,1063 ,3477 ,2082 ,1941 ,2954 ,2234 ,830 ,317 ,24 ,0 ,15110 ,15110 ,526 ,1143 ,3315 ,1392 ,1716 ,2939 ,2142 ,1120 ,715 ,102 ,0
대구광역시 달서구 본리동(2729059000),19706 ,19706 ,1669 ,2138 ,2006 ,2388 ,3591 ,3457 ,2765 ,1155 ,472 ,62 ,3 ,9699 ,9699 ,853 ,1006 ,1057 ,1273 ,1752 ,1678 ,1333 ,554 ,183 ,8 ,2 ,10007 ,10007 ,816 ,1132 ,949 ,1115 ,1839 ,1779 ,1432 ,601 ,289 ,54 ,1
대구광역시 달서구 월성1동(2729060100),40782 ,40782 ,4030 ,7594 ,4233 ,3911 ,9296 ,6657 ,2973 ,1409 ,575 ,104 ,0 ,19944 ,19944 ,2041 ,3863 ,2294 ,1812 ,4163 ,3468 ,1438 ,629 ,218 ,18 ,0 ,20838 ,20838 ,1989 ,3731 ,1939 ,2099 ,5133 ,3189 ,1535 ,780 ,357 ,86 ,0
대구광역시 달서구 월성2동(2729060200),15062 ,15062 ,446 ,923 ,1471 ,1126 ,1837 ,2753 ,3113 ,2192 ,1081 ,118 ,2 ,7123 ,7123 ,234 ,474 ,819 ,645 ,943 ,1360 ,1423 ,872 ,325 ,28 ,0 ,7939 ,7939 ,212 ,449 ,652 ,481 ,894 ,1393 ,1690 ,1320 ,756 ,90 ,2
대구광역시 달서구 진천동(2729061500),51470 ,51470 ,3775 ,4772 ,6399 ,6492 ,7762 ,9364 ,7539 ,3511 ,1640 ,213 ,3 ,25128 ,25128 ,1915 ,2526 ,3396 ,3370 ,3725 ,4385 ,3558 ,1599 ,612 ,41 ,1 ,26342 ,26342 ,1860 ,2246 ,3003 ,3122 ,4037 ,4979 ,3981 ,1912 ,1028 ,172 ,2
대구광역시 달서구 유천동(2729061700),33873 ,33873 ,5344 ,5457 ,2583 ,4950 ,8275 ,4099 ,2051 ,807 ,267 ,37 ,3 ,16673 ,16673 ,2763 ,2788 ,1308 ,2245 ,4017 ,2110 ,982 ,351 ,103 ,5 ,1 ,17200 ,17200 ,2581 ,2669 ,1275 ,2705 ,4258 ,1989 ,1069 ,456 ,164 ,32 ,2
대구광역시 달서구 상인1동(2729062400),34603 ,34603 ,2194 ,4066 ,4359 ,3383 ,5208 ,6529 ,5307 ,2310 ,1089 ,157 ,1 ,16881 ,16881 ,1122 ,2243 ,2398 ,1724 ,2336 ,3038 ,2499 ,1069 ,411 ,41 ,0 ,17722 ,17722 ,1072 ,1823 ,1961 ,1659 ,2872 ,3491 ,2808 ,1241 ,678 ,116 ,1
대구광역시 달서구 상인2동(2729062500),18767 ,18767 ,917 ,1238 ,2927 ,2695 ,2277 ,3357 ,3294 ,1355 ,625 ,81 ,1 ,9284 ,9284 ,504 ,651 ,1551 ,1544 ,1129 ,1514 ,1550 ,615 ,211 ,15 ,0 ,9483 ,9483 ,413 ,587 ,1376 ,1151 ,1148 ,1843 ,1744 ,740 ,414 ,66 ,1
대구광역시 달서구 상인3동(2729062600),10631 ,10631 ,263 ,478 ,923 ,856 ,1105 ,1832 ,2733 ,1552 ,763 ,125 ,1 ,5056 ,5056 ,150 ,254 ,524 ,483 ,597 ,856 ,1257 ,706 ,203 ,26 ,0 ,5575 ,5575 ,113 ,224 ,399 ,373 ,508 ,976 ,1476 ,846 ,560 ,99 ,1
대구광역시 달서구 도원동(2729062800),34017 ,34017 ,1744 ,3080 ,4132 ,3453 ,4507 ,6773 ,6445 ,2529 ,1200 ,153 ,1 ,16398 ,16398 ,894 ,1609 ,2232 ,1834 ,2126 ,3018 ,3068 ,1153 ,418 ,46 ,0 ,17619 ,17619 ,850 ,1471 ,1900 ,1619 ,2381 ,3755 ,3377 ,1376 ,782 ,107 ,1
대구광역시 달서구 송현1동(2729063000),18313 ,18313 ,658 ,1067 ,2475 ,2050 ,2275 ,3485 ,3412 ,1883 ,896 ,110 ,2 ,9102 ,9102 ,350 ,555 ,1259 ,1162 ,1188 ,1729 ,1622 ,858 ,349 ,30 ,0 ,9211 ,9211 ,308 ,512 ,1216 ,888 ,1087 ,1756 ,1790 ,1025 ,547 ,80 ,2
대구광역시 달서구 송현2동(2729064000),17196 ,17196 ,566 ,983 ,2074 ,1829 ,2053 ,3063 ,3545 ,1924 ,1029 ,129 ,1 ,8243 ,8243 ,282 ,493 ,1075 ,1036 ,1055 ,1460 ,1626 ,813 ,370 ,33 ,0 ,8953 ,8953 ,284 ,490 ,999 ,793 ,998 ,1603 ,1919 ,1111 ,659 ,96 ,1
대구광역시 달서구 본동(2729065000),11812 ,11812 ,458 ,803 ,1351 ,1261 ,1607 ,2261 ,2270 ,1120 ,585 ,96 ,0 ,5816 ,5816 ,246 ,432 ,743 ,721 ,834 ,1110 ,1044 ,492 ,179 ,15 ,0 ,5996 ,5996 ,212 ,371 ,608 ,540 ,773 ,1151 ,1226 ,628 ,406 ,81 ,0
대구광역시 달성군 (2771000000),262881 ,262881 ,26235 ,25684 ,26335 ,38300 ,45701 ,41264 ,34962 ,15990 ,7390 ,1001 ,19 ,133402 ,133402 ,13319 ,13355 ,14618 ,20232 ,23719 ,20645 ,17286 ,7505 ,2504 ,215 ,4 ,129479 ,129479 ,12916 ,12329 ,11717 ,18068 ,21982 ,20619 ,17676 ,8485 ,4886 ,786 ,15
대구광역시 달성군 화원읍(2771025000),46751 ,46751 ,2662 ,4027 ,5655 ,4982 ,6289 ,9469 ,8198 ,3677 ,1604 ,184 ,4 ,23211 ,23211 ,1366 ,2088 ,3101 ,2743 ,3040 ,4524 ,4022 ,1694 ,589 ,42 ,2 ,23540 ,23540 ,1296 ,1939 ,2554 ,2239 ,3249 ,4945 ,4176 ,1983 ,1015 ,142 ,2
대구광역시 달성군 논공읍(2771025300),4555 ,4555 ,258 ,163 ,383 ,562 ,507 ,845 ,969 ,533 ,299 ,35 ,1 ,2450 ,2450 ,130 ,75 ,237 ,334 ,306 ,472 ,538 ,253 ,98 ,7 ,0 ,2105 ,2105 ,128 ,88 ,146 ,228 ,201 ,373 ,431 ,280 ,201 ,28 ,1
대구광역시 달성군 논공읍공단출장소(2771025400),12430 ,12430 ,624 ,1121 ,1528 ,1183 ,2037 ,2919 ,1882 ,712 ,381 ,43 ,0 ,6595 ,6595 ,296 ,602 ,940 ,645 ,1117 ,1571 ,1002 ,314 ,98 ,10 ,0 ,5835 ,5835 ,328 ,519 ,588 ,538 ,920 ,1348 ,880 ,398 ,283 ,33 ,0
대구광역시 달성군 다사읍(2771025600),52230 ,52230 ,5112 ,6420 ,5341 ,6962 ,9845 ,8298 ,6249 ,2827 ,1029 ,143 ,4 ,25782 ,25782 ,2609 ,3321 ,2833 ,3523 ,4808 ,3942 ,3001 ,1313 ,400 ,32 ,0 ,26448 ,26448 ,2503 ,3099 ,2508 ,3439 ,5037 ,4356 ,3248 ,1514 ,629 ,111 ,4
대구광역시 달성군 다사읍서재출장소(2771025700),39702 ,39702 ,5721 ,4042 ,3558 ,7464 ,8134 ,5341 ,3605 ,1290 ,489 ,56 ,2 ,20111 ,20111 ,2882 ,2084 ,1874 ,3709 ,4379 ,2655 ,1742 ,614 ,166 ,6 ,0 ,19591 ,19591 ,2839 ,1958 ,1684 ,3755 ,3755 ,2686 ,1863 ,676 ,323 ,50 ,2
대구광역시 달성군 유가읍(2771025900),29300 ,29300 ,4438 ,4030 ,2227 ,4881 ,6649 ,3250 ,2350 ,978 ,427 ,70 ,0 ,14873 ,14873 ,2259 ,2092 ,1235 ,2452 ,3368 ,1704 ,1117 ,497 ,134 ,15 ,0 ,14427 ,14427 ,2179 ,1938 ,992 ,2429 ,3281 ,1546 ,1233 ,481 ,293 ,55 ,0
대구광역시 달성군 옥포읍(2771026200),24383 ,24383 ,2222 ,1864 ,2101 ,3293 ,3795 ,3957 ,4198 ,1982 ,866 ,104 ,1 ,12278 ,12278 ,1153 ,982 ,1112 ,1714 ,2016 ,1951 ,2077 ,946 ,300 ,27 ,0 ,12105 ,12105 ,1069 ,882 ,989 ,1579 ,1779 ,2006 ,2121 ,1036 ,566 ,77 ,1
대구광역시 달성군 현풍읍(2771026500),22910 ,22910 ,2078 ,1894 ,2965 ,4017 ,3775 ,2980 ,2923 ,1466 ,713 ,98 ,1 ,12068 ,12068 ,1058 ,981 ,1762 ,2326 ,2078 ,1556 ,1430 ,636 ,216 ,25 ,0 ,10842 ,10842 ,1020 ,913 ,1203 ,1691 ,1697 ,1424 ,1493 ,830 ,497 ,73 ,1
대구광역시 달성군 가창면(2771031000),7555 ,7555 ,315 ,502 ,536 ,519 ,879 ,1206 ,1703 ,1108 ,649 ,133 ,5 ,3767 ,3767 ,159 ,272 ,320 ,272 ,455 ,657 ,840 ,548 ,218 ,24 ,2 ,3788 ,3788 ,156 ,230 ,216 ,247 ,424 ,549 ,863 ,560 ,431 ,109 ,3
대구광역시 달성군 하빈면(2771033000),3477 ,3477 ,67 ,121 ,201 ,207 ,276 ,711 ,941 ,512 ,369 ,71 ,1 ,1899 ,1899 ,36 ,65 ,124 ,133 ,178 ,430 ,547 ,264 ,111 ,11 ,0 ,1578 ,1578 ,31 ,56 ,77 ,74 ,98 ,281 ,394 ,248 ,258 ,60 ,1
대구광역시 달성군 구지면(2771038000),19588 ,19588 ,2738 ,1500 ,1840 ,4230 ,3515 ,2288 ,1944 ,905 ,564 ,64 ,0 ,10368 ,10368 ,1371 ,793 ,1080 ,2381 ,1974 ,1183 ,970 ,426 ,174 ,16 ,0 ,9220 ,9220 ,1367 ,707 ,760 ,1849 ,1541 ,1105 ,974 ,479 ,390 ,48 ,0
인천광역시  (2800000000),2976338 ,2976338 ,206458 ,272529 ,371263 ,406924 ,481351 ,509573 ,430502 ,191090 ,91931 ,14228 ,489 ,1489277 ,1489277 ,105763 ,140016 ,193079 ,211820 ,246988 ,254113 ,212753 ,88686 ,33002 ,2961 ,96 ,1487061 ,1487061 ,100695 ,132513 ,178184 ,195104 ,234363 ,255460 ,217749 ,102404 ,58929 ,11267 ,393
인천광역시 중구 (2811000000),155310 ,155310 ,12210 ,14312 ,19528 ,24223 ,27359 ,23240 ,18978 ,10071 ,4628 ,729 ,32 ,80416 ,80416 ,6327 ,7300 ,9973 ,13105 ,14702 ,12790 ,9584 ,4733 ,1742 ,153 ,7 ,74894 ,74894 ,5883 ,7012 ,9555 ,11118 ,12657 ,10450 ,9394 ,5338 ,2886 ,576 ,25
인천광역시 중구 연안동(2811052000),5642 ,5642 ,165 ,284 ,521 ,547 ,674 ,1110 ,1324 ,627 ,333 ,53 ,4 ,3056 ,3056 ,88 ,138 ,293 ,349 ,401 ,649 ,711 ,300 ,114 ,11 ,2 ,2586 ,2586 ,77 ,146 ,228 ,198 ,273 ,461 ,613 ,327 ,219 ,42 ,2
인천광역시 중구 신포동(2811053000),4800 ,4800 ,198 ,353 ,467 ,468 ,704 ,846 ,795 ,603 ,302 ,61 ,3 ,2434 ,2434 ,104 ,192 ,241 ,254 ,395 ,449 ,410 ,267 ,112 ,10 ,0 ,2366 ,2366 ,94 ,161 ,226 ,214 ,309 ,397 ,385 ,336 ,190 ,51 ,3
인천광역시 중구 신흥동(2811054000),13398 ,13398 ,752 ,1131 ,1546 ,1590 ,2009 ,2268 ,2190 ,1209 ,626 ,74 ,3 ,6774 ,6774 ,381 ,586 ,826 ,849 ,1087 ,1180 ,1068 ,551 ,228 ,17 ,1 ,6624 ,6624 ,371 ,545 ,720 ,741 ,922 ,1088 ,1122 ,658 ,398 ,57 ,2
인천광역시 중구 도원동(2811056000),3773 ,3773 ,90 ,204 ,387 ,331 ,465 ,650 ,784 ,570 ,250 ,38 ,4 ,1944 ,1944 ,42 ,108 ,230 ,191 ,262 ,355 ,383 ,269 ,96 ,8 ,0 ,1829 ,1829 ,48 ,96 ,157 ,140 ,203 ,295 ,401 ,301 ,154 ,30 ,4
인천광역시 중구 율목동(2811057000),3037 ,3037 ,54 ,158 ,304 ,248 ,403 ,586 ,622 ,439 ,179 ,44 ,0 ,1563 ,1563 ,32 ,77 ,172 ,151 ,235 ,325 ,315 ,190 ,54 ,12 ,0 ,1474 ,1474 ,22 ,81 ,132 ,97 ,168 ,261 ,307 ,249 ,125 ,32 ,0
인천광역시 중구 동인천동(2811058500),5590 ,5590 ,136 ,260 ,519 ,579 ,705 ,1007 ,1162 ,706 ,420 ,91 ,5 ,2964 ,2964 ,81 ,131 ,303 ,328 ,414 ,584 ,627 ,324 ,155 ,17 ,0 ,2626 ,2626 ,55 ,129 ,216 ,251 ,291 ,423 ,535 ,382 ,265 ,74 ,5
인천광역시 중구 개항동(2811061500),7095 ,7095 ,212 ,386 ,848 ,732 ,873 ,1212 ,1434 ,896 ,438 ,63 ,1 ,3561 ,3561 ,115 ,196 ,445 ,406 ,490 ,671 ,678 ,399 ,146 ,15 ,0 ,3534 ,3534 ,97 ,190 ,403 ,326 ,383 ,541 ,756 ,497 ,292 ,48 ,1
인천광역시 중구 영종동(2811062000),22667 ,22667 ,1625 ,1710 ,2728 ,3953 ,3831 ,3703 ,3189 ,1254 ,559 ,110 ,5 ,12331 ,12331 ,855 ,881 ,1485 ,2283 ,2177 ,2065 ,1714 ,640 ,209 ,20 ,2 ,10336 ,10336 ,770 ,829 ,1243 ,1670 ,1654 ,1638 ,1475 ,614 ,350 ,90 ,3
인천광역시 중구 영종1동(2811062200),49322 ,49322 ,7021 ,6359 ,3877 ,8866 ,11394 ,5652 ,3723 ,1771 ,576 ,81 ,2 ,24664 ,24664 ,3601 ,3197 ,1929 ,4299 ,5848 ,2974 ,1718 ,848 ,234 ,15 ,1 ,24658 ,24658 ,3420 ,3162 ,1948 ,4567 ,5546 ,2678 ,2005 ,923 ,342 ,66 ,1
인천광역시 중구 운서동(2811062800),36305 ,36305 ,1896 ,3365 ,8142 ,6669 ,5926 ,5430 ,2701 ,1404 ,701 ,68 ,3 ,19083 ,19083 ,995 ,1746 ,3926 ,3844 ,3154 ,3060 ,1412 ,639 ,290 ,16 ,1 ,17222 ,17222 ,901 ,1619 ,4216 ,2825 ,2772 ,2370 ,1289 ,765 ,411 ,52 ,2
인천광역시 중구 용유동(2811063000),3681 ,3681 ,61 ,102 ,189 ,240 ,375 ,776 ,1054 ,592 ,244 ,46 ,2 ,2042 ,2042 ,33 ,48 ,123 ,151 ,239 ,478 ,548 ,306 ,104 ,12 ,0 ,1639 ,1639 ,28 ,54 ,66 ,89 ,136 ,298 ,506 ,286 ,140 ,34 ,2
인천광역시 중구영종출장소 (2811400000),0 ,0 ,0 ,0 ,0 ,0 ,0 ,0 ,0 ,0 ,0 ,0 ,0 ,0 ,0 ,0 ,0 ,0 ,0 ,0 ,0 ,0 ,0 ,0 ,0 ,0 ,0 ,0 ,0 ,0 ,0 ,0 ,0 ,0 ,0 ,0 ,0 ,0 ,0
인천광역시 중구용유출장소 (2811800000),0 ,0 ,0 ,0 ,0 ,0 ,0 ,0 ,0 ,0 ,0 ,0 ,0 ,0 ,0 ,0 ,0 ,0 ,0 ,0 ,0 ,0 ,0 ,0 ,0 ,0 ,0 ,0 ,0 ,0 ,0 ,0 ,0 ,0 ,0 ,0 ,0 ,0 ,0
인천광역시 동구 (2814000000),59636 ,59636 ,3057 ,4729 ,6107 ,6568 ,9195 ,9688 ,10186 ,6459 ,3169 ,466 ,12 ,29980 ,29980 ,1614 ,2439 ,3307 ,3541 ,4907 ,5122 ,4980 ,2819 ,1161 ,87 ,3 ,29656 ,29656 ,1443 ,2290 ,2800 ,3027 ,4288 ,4566 ,5206 ,3640 ,2008 ,379 ,9
인천광역시 동구 만석동(2814051000),6616 ,6616 ,340 ,549 ,634 ,662 ,1047 ,1136 ,1203 ,652 ,336 ,56 ,1 ,3407 ,3407 ,183 ,276 ,367 ,364 ,572 ,618 ,606 ,295 ,117 ,8 ,1 ,3209 ,3209 ,157 ,273 ,267 ,298 ,475 ,518 ,597 ,357 ,219 ,48 ,0
인천광역시 동구 화수1.화평동(2814052500),5706 ,5706 ,194 ,422 ,575 ,456 ,712 ,1033 ,1089 ,778 ,388 ,58 ,1 ,2912 ,2912 ,99 ,220 ,325 ,255 ,377 ,560 ,559 ,346 ,154 ,17 ,0 ,2794 ,2794 ,95 ,202 ,250 ,201 ,335 ,473 ,530 ,432 ,234 ,41 ,1
인천광역시 동구 화수2동(2814053000),7300 ,7300 ,231 ,531 ,702 ,639 ,1016 ,1170 ,1414 ,991 ,543 ,63 ,0 ,3588 ,3588 ,121 ,262 ,380 ,353 ,556 ,639 ,693 ,386 ,185 ,13 ,0 ,3712 ,3712 ,110 ,269 ,322 ,286 ,460 ,531 ,721 ,605 ,358 ,50 ,0
인천광역시 동구 송현1.2동(2814055500),10018 ,10018 ,589 ,863 ,1055 ,1161 ,1681 ,1586 ,1580 ,1038 ,409 ,54 ,2 ,4912 ,4912 ,311 ,438 ,541 ,607 ,863 ,801 ,724 ,456 ,163 ,7 ,1 ,5106 ,5106 ,278 ,425 ,514 ,554 ,818 ,785 ,856 ,582 ,246 ,47 ,1
인천광역시 동구 송현3동(2814057000),3091 ,3091 ,76 ,153 ,277 ,277 ,355 ,593 ,665 ,416 ,237 ,41 ,1 ,1605 ,1605 ,35 ,76 ,158 ,163 ,215 ,347 ,355 ,169 ,76 ,11 ,0 ,1486 ,1486 ,41 ,77 ,119 ,114 ,140 ,246 ,310 ,247 ,161 ,30 ,1
인천광역시 동구 송림1동(2814058000),5056 ,5056 ,335 ,379 ,756 ,845 ,803 ,717 ,657 ,359 ,168 ,36 ,1 ,2471 ,2471 ,178 ,192 ,365 ,455 ,401 ,340 ,309 ,167 ,58 ,6 ,0 ,2585 ,2585 ,157 ,187 ,391 ,390 ,402 ,377 ,348 ,192 ,110 ,30 ,1
인천광역시 동구 송림2동(2814059000),1795 ,1795 ,30 ,85 ,145 ,122 ,195 ,298 ,427 ,307 ,159 ,27 ,0 ,944 ,944 ,19 ,52 ,90 ,73 ,122 ,178 ,214 ,130 ,60 ,6 ,0 ,851 ,851 ,11 ,33 ,55 ,49 ,73 ,120 ,213 ,177 ,99 ,21 ,0
인천광역시 동구 송림3.5동(2814060500),5736 ,5736 ,285 ,532 ,612 ,553 ,956 ,979 ,922 ,556 ,307 ,32 ,2 ,2877 ,2877 ,158 ,274 ,358 ,304 ,481 ,508 ,427 ,252 ,108 ,7 ,0 ,2859 ,2859 ,127 ,258 ,254 ,249 ,475 ,471 ,495 ,304 ,199 ,25 ,2
인천광역시 동구 송림4동(2814061000),6111 ,6111 ,506 ,538 ,642 ,1070 ,1117 ,930 ,784 ,370 ,131 ,21 ,2 ,3149 ,3149 ,260 ,278 ,332 ,557 ,614 ,481 ,384 ,181 ,59 ,3 ,0 ,2962 ,2962 ,246 ,260 ,310 ,513 ,503 ,449 ,400 ,189 ,72 ,18 ,2
인천광역시 동구 송림6동(2814063000),5875 ,5875 ,412 ,553 ,511 ,599 ,1037 ,863 ,971 ,600 ,285 ,43 ,1 ,2941 ,2941 ,226 ,294 ,285 ,300 ,546 ,448 ,463 ,271 ,104 ,3 ,1 ,2934 ,2934 ,186 ,259 ,226 ,299 ,491 ,415 ,508 ,329 ,181 ,40 ,0
인천광역시 동구 금창동(2814064000),2332 ,2332 ,59 ,124 ,198 ,184 ,276 ,383 ,474 ,392 ,206 ,35 ,1 ,1174 ,1174 ,24 ,77 ,106 ,110 ,160 ,202 ,246 ,166 ,77 ,6 ,0 ,1158 ,1158 ,35 ,47 ,92 ,74 ,116 ,181 ,228 ,226 ,129 ,29 ,1
인천광역시 미추홀구 (2817700000),404852 ,404852 ,24059 ,31365 ,53480 ,54857 ,62733 ,66597 ,61597 ,32389 ,15522 ,2184 ,69 ,203685 ,203685 ,12264 ,16177 ,28134 ,29490 ,33303 ,33871 ,29449 ,14665 ,5835 ,484 ,13 ,201167 ,201167 ,11795 ,15188 ,25346 ,25367 ,29430 ,32726 ,32148 ,17724 ,9687 ,1700 ,56
인천광역시 미추홀구 숭의2동(2817751000),14357 ,14357 ,976 ,924 ,1735 ,2030 ,2161 ,2291 ,2264 ,1229 ,664 ,78 ,5 ,7268 ,7268 ,499 ,483 ,906 ,1107 ,1194 ,1205 ,1079 ,545 ,230 ,19 ,1 ,7089 ,7089 ,477 ,441 ,829 ,923 ,967 ,1086 ,1185 ,684 ,434 ,59 ,4
인천광역시 미추홀구 숭의1.3동(2817752000),15885 ,15885 ,1185 ,999 ,2156 ,2718 ,2419 ,2571 ,2118 ,1034 ,593 ,89 ,3 ,7889 ,7889 ,625 ,499 ,1038 ,1391 ,1299 ,1299 ,1052 ,462 ,205 ,18 ,1 ,7996 ,7996 ,560 ,500 ,1118 ,1327 ,1120 ,1272 ,1066 ,572 ,388 ,71 ,2
인천광역시 미추홀구 숭의4동(2817753000),15529 ,15529 ,882 ,1211 ,1878 ,2006 ,2299 ,2539 ,2487 ,1437 ,685 ,100 ,5 ,7779 ,7779 ,443 ,633 ,983 ,1069 ,1217 ,1294 ,1237 ,640 ,233 ,27 ,3 ,7750 ,7750 ,439 ,578 ,895 ,937 ,1082 ,1245 ,1250 ,797 ,452 ,73 ,2
인천광역시 미추홀구 용현1.4동(2817754000),17692 ,17692 ,517 ,996 ,4484 ,1736 ,1899 ,2514 ,2737 ,1793 ,900 ,113 ,3 ,9688 ,9688 ,260 ,515 ,2866 ,1085 ,1074 ,1363 ,1325 ,811 ,365 ,24 ,0 ,8004 ,8004 ,257 ,481 ,1618 ,651 ,825 ,1151 ,1412 ,982 ,535 ,89 ,3
인천광역시 미추홀구 용현2동(2817755000),17408 ,17408 ,1194 ,1255 ,2257 ,2656 ,2553 ,2667 ,2528 ,1531 ,670 ,95 ,2 ,8672 ,8672 ,627 ,670 ,1123 ,1377 ,1370 ,1313 ,1211 ,703 ,257 ,21 ,0 ,8736 ,8736 ,567 ,585 ,1134 ,1279 ,1183 ,1354 ,1317 ,828 ,413 ,74 ,2
인천광역시 미추홀구 용현3동(2817756000),7371 ,7371 ,248 ,320 ,925 ,901 ,881 ,1213 ,1439 ,891 ,482 ,69 ,2 ,3923 ,3923 ,125 ,166 ,554 ,541 ,534 ,701 ,683 ,397 ,205 ,17 ,0 ,3448 ,3448 ,123 ,154 ,371 ,360 ,347 ,512 ,756 ,494 ,277 ,52 ,2
인천광역시 미추홀구 용현5동(2817757000),46286 ,46286 ,3191 ,4949 ,6206 ,5657 ,8039 ,7725 ,6094 ,2865 ,1380 ,178 ,2 ,22943 ,22943 ,1616 ,2577 ,3133 ,2946 ,4015 ,3885 ,2928 ,1298 ,511 ,34 ,0 ,23343 ,23343 ,1575 ,2372 ,3073 ,2711 ,4024 ,3840 ,3166 ,1567 ,869 ,144 ,2
인천광역시 미추홀구 학익1동(2817758000),29941 ,29941 ,1884 ,3253 ,3676 ,3033 ,4931 ,5577 ,4361 ,2117 ,966 ,136 ,7 ,14913 ,14913 ,955 ,1719 ,1952 ,1538 ,2449 ,2788 ,2137 ,982 ,366 ,27 ,0 ,15028 ,15028 ,929 ,1534 ,1724 ,1495 ,2482 ,2789 ,2224 ,1135 ,600 ,109 ,7
인천광역시 미추홀구 학익2동(2817759000),18244 ,18244 ,850 ,1578 ,2227 ,1989 ,2654 ,3262 ,3001 ,1688 ,861 ,130 ,4 ,8893 ,8893 ,419 ,792 ,1221 ,1050 ,1341 ,1573 ,1408 ,742 ,318 ,29 ,0 ,9351 ,9351 ,431 ,786 ,1006 ,939 ,1313 ,1689 ,1593 ,946 ,543 ,101 ,4
인천광역시 미추홀구 도화1동(2817760000),21463 ,21463 ,1320 ,1471 ,2721 ,3119 ,3280 ,3517 ,3234 ,1791 ,889 ,119 ,2 ,10727 ,10727 ,700 ,722 ,1402 ,1657 ,1766 ,1776 ,1526 ,809 ,335 ,34 ,0 ,10736 ,10736 ,620 ,749 ,1319 ,1462 ,1514 ,1741 ,1708 ,982 ,554 ,85 ,2
인천광역시 미추홀구 도화2.3동(2817761000),31961 ,31961 ,2818 ,2588 ,3502 ,5095 ,5549 ,4626 ,4571 ,2127 ,949 ,133 ,3 ,16209 ,16209 ,1408 ,1353 ,1789 ,2680 ,3018 ,2353 ,2243 ,975 ,363 ,25 ,2 ,15752 ,15752 ,1410 ,1235 ,1713 ,2415 ,2531 ,2273 ,2328 ,1152 ,586 ,108 ,1
인천광역시 미추홀구 주안1동(2817762000),20550 ,20550 ,1089 ,864 ,3880 ,4310 ,3260 ,3121 ,2513 ,979 ,474 ,58 ,2 ,10750 ,10750 ,540 ,432 ,1894 ,2385 ,1910 ,1668 ,1269 ,451 ,185 ,15 ,1 ,9800 ,9800 ,549 ,432 ,1986 ,1925 ,1350 ,1453 ,1244 ,528 ,289 ,43 ,1
인천광역시 미추홀구 주안2동(2817763000),16210 ,16210 ,761 ,1065 ,1915 ,1994 ,2242 ,2688 ,2915 ,1704 ,809 ,116 ,1 ,8178 ,8178 ,395 ,567 ,1030 ,1096 ,1207 ,1404 ,1345 ,791 ,314 ,29 ,0 ,8032 ,8032 ,366 ,498 ,885 ,898 ,1035 ,1284 ,1570 ,913 ,495 ,87 ,1
인천광역시 미추홀구 주안3동(2817764000),11354 ,11354 ,674 ,861 ,1378 ,1758 ,1717 ,1717 ,1713 ,1039 ,438 ,57 ,2 ,5728 ,5728 ,346 ,451 ,725 ,966 ,904 ,876 ,833 ,458 ,156 ,13 ,0 ,5626 ,5626 ,328 ,410 ,653 ,792 ,813 ,841 ,880 ,581 ,282 ,44 ,2
인천광역시 미추홀구 주안4동(2817765000),17764 ,17764 ,1198 ,1110 ,1948 ,2706 ,2647 ,2676 ,2859 ,1722 ,775 ,120 ,3 ,8784 ,8784 ,631 ,541 ,984 ,1436 ,1439 ,1340 ,1317 ,770 ,298 ,27 ,1 ,8980 ,8980 ,567 ,569 ,964 ,1270 ,1208 ,1336 ,1542 ,952 ,477 ,93 ,2
인천광역시 미추홀구 주안5동(2817766000),20422 ,20422 ,1057 ,1203 ,2712 ,3169 ,2988 ,3437 ,3267 ,1640 ,824 ,117 ,8 ,10190 ,10190 ,510 ,589 ,1390 ,1799 ,1603 ,1740 ,1527 ,725 ,288 ,18 ,1 ,10232 ,10232 ,547 ,614 ,1322 ,1370 ,1385 ,1697 ,1740 ,915 ,536 ,99 ,7
인천광역시 미추홀구 주안6동(2817767000),21459 ,21459 ,1523 ,1816 ,2540 ,3110 ,3668 ,3259 ,3114 ,1564 ,744 ,118 ,3 ,10691 ,10691 ,788 ,934 ,1309 ,1608 ,1915 ,1660 ,1423 ,730 ,297 ,27 ,0 ,10768 ,10768 ,735 ,882 ,1231 ,1502 ,1753 ,1599 ,1691 ,834 ,447 ,91 ,3
인천광역시 미추홀구 주안7동(2817768000),12049 ,12049 ,424 ,826 ,1336 ,1171 ,1692 ,2117 ,2385 ,1340 ,664 ,89 ,5 ,5832 ,5832 ,221 ,436 ,720 ,660 ,875 ,1012 ,1070 ,567 ,253 ,16 ,2 ,6217 ,6217 ,203 ,390 ,616 ,511 ,817 ,1105 ,1315 ,773 ,411 ,73 ,3
인천광역시 미추홀구 주안8동(2817769000),20064 ,20064 ,909 ,1685 ,2495 ,2233 ,2882 ,3743 ,3481 ,1697 ,829 ,106 ,4 ,9778 ,9778 ,439 ,862 ,1309 ,1201 ,1453 ,1797 ,1627 ,758 ,305 ,27 ,0 ,10286 ,10286 ,470 ,823 ,1186 ,1032 ,1429 ,1946 ,1854 ,939 ,524 ,79 ,4
인천광역시 미추홀구 관교동(2817770000),14544 ,14544 ,706 ,1263 ,1714 ,1598 ,2164 ,2519 ,2619 ,1324 ,533 ,101 ,3 ,7101 ,7101 ,377 ,659 ,855 ,827 ,1103 ,1189 ,1221 ,648 ,194 ,27 ,1 ,7443 ,7443 ,329 ,604 ,859 ,771 ,1061 ,1330 ,1398 ,676 ,339 ,74 ,2
인천광역시 미추홀구 문학동(2817771000),14299 ,14299 ,653 ,1128 ,1795 ,1868 ,2808 ,2818 ,1897 ,877 ,393 ,62 ,0 ,7749 ,7749 ,340 ,577 ,951 ,1071 ,1617 ,1635 ,988 ,403 ,157 ,10 ,0 ,6550 ,6550 ,313 ,551 ,844 ,797 ,1191 ,1183 ,909 ,474 ,236 ,52 ,0
인천광역시 연수구 (2818500000),388606 ,388606 ,34294 ,44301 ,47643 ,54010 ,68865 ,65032 ,47376 ,17075 ,8466 ,1491 ,53 ,192725 ,192725 ,17501 ,22650 ,24848 ,26747 ,33702 ,31914 ,24019 ,8059 ,2964 ,309 ,12 ,195881 ,195881 ,16793 ,21651 ,22795 ,27263 ,35163 ,33118 ,23357 ,9016 ,5502 ,1182 ,41
인천광역시 연수구 옥련1동(2818563000),18612 ,18612 ,1046 ,1733 ,2321 ,2018 ,2875 ,3490 ,2941 ,1339 ,714 ,134 ,1 ,9194 ,9194 ,526 ,905 ,1254 ,1073 ,1425 ,1706 ,1428 ,599 ,244 ,33 ,1 ,9418 ,9418 ,520 ,828 ,1067 ,945 ,1450 ,1784 ,1513 ,740 ,470 ,101 ,0
인천광역시 연수구 옥련2동(2818564000),19520 ,19520 ,1174 ,1999 ,2473 ,2222 ,3050 ,3698 ,2953 ,1242 ,618 ,88 ,3 ,9623 ,9623 ,609 ,1019 ,1338 ,1121 ,1466 ,1767 ,1472 ,579 ,230 ,22 ,0 ,9897 ,9897 ,565 ,980 ,1135 ,1101 ,1584 ,1931 ,1481 ,663 ,388 ,66 ,3
인천광역시 연수구 선학동(2818575000),16484 ,16484 ,699 ,1038 ,2024 ,2082 ,2174 ,3033 ,3339 ,1321 ,663 ,106 ,5 ,8576 ,8576 ,398 ,530 ,1166 ,1207 ,1195 ,1500 ,1686 ,644 ,230 ,20 ,0 ,7908 ,7908 ,301 ,508 ,858 ,875 ,979 ,1533 ,1653 ,677 ,433 ,86 ,5
인천광역시 연수구 연수1동(2818576100),18106 ,18106 ,676 ,1365 ,2550 ,2233 ,2760 ,3698 ,2955 ,1212 ,562 ,91 ,4 ,9912 ,9912 ,348 ,746 ,1458 ,1362 ,1585 ,2004 ,1611 ,572 ,203 ,22 ,1 ,8194 ,8194 ,328 ,619 ,1092 ,871 ,1175 ,1694 ,1344 ,640 ,359 ,69 ,3
인천광역시 연수구 연수2동(2818576200),20318 ,20318 ,1155 ,1523 ,2784 ,3138 ,2879 ,3501 ,3240 ,1226 ,729 ,135 ,8 ,9940 ,9940 ,584 ,789 ,1489 ,1661 ,1418 ,1612 ,1597 ,560 ,209 ,20 ,1 ,10378 ,10378 ,571 ,734 ,1295 ,1477 ,1461 ,1889 ,1643 ,666 ,520 ,115 ,7
인천광역시 연수구 연수3동(2818576300),15492 ,15492 ,770 ,1084 ,1881 ,2130 ,1915 ,2752 ,2839 ,1227 ,752 ,134 ,8 ,7377 ,7377 ,403 ,538 ,981 ,1112 ,931 ,1229 ,1389 ,544 ,226 ,21 ,3 ,8115 ,8115 ,367 ,546 ,900 ,1018 ,984 ,1523 ,1450 ,683 ,526 ,113 ,5
인천광역시 연수구 청학동(2818576600),23909 ,23909 ,971 ,1578 ,2877 ,2977 ,3169 ,4902 ,4397 ,1850 ,1014 ,168 ,6 ,12408 ,12408 ,474 ,804 ,1622 ,1717 ,1747 ,2525 ,2263 ,863 ,355 ,34 ,4 ,11501 ,11501 ,497 ,774 ,1255 ,1260 ,1422 ,2377 ,2134 ,987 ,659 ,134 ,2
인천광역시 연수구 동춘1동(2818578000),24772 ,24772 ,2109 ,2591 ,2914 ,3370 ,4050 ,4533 ,3564 ,1070 ,464 ,103 ,4 ,12165 ,12165 ,1091 ,1302 ,1496 ,1678 ,1962 ,2100 ,1818 ,518 ,173 ,26 ,1 ,12607 ,12607 ,1018 ,1289 ,1418 ,1692 ,2088 ,2433 ,1746 ,552 ,291 ,77 ,3
인천광역시 연수구 동춘2동(2818579000),17742 ,17742 ,1118 ,1788 ,2280 ,2515 ,2642 ,3309 ,2651 ,842 ,525 ,69 ,3 ,8605 ,8605 ,559 ,927 ,1195 ,1289 ,1239 ,1519 ,1306 ,381 ,176 ,14 ,0 ,9137 ,9137 ,559 ,861 ,1085 ,1226 ,1403 ,1790 ,1345 ,461 ,349 ,55 ,3
인천광역시 연수구 동춘3동(2818579500),17904 ,17904 ,1131 ,2668 ,2350 ,1588 ,2976 ,3411 ,2312 ,894 ,481 ,92 ,1 ,8703 ,8703 ,575 ,1377 ,1237 ,710 ,1323 ,1642 ,1207 ,419 ,188 ,25 ,0 ,9201 ,9201 ,556 ,1291 ,1113 ,878 ,1653 ,1769 ,1105 ,475 ,293 ,67 ,1
인천광역시 연수구 송도1동(2818582000),38276 ,38276 ,2612 ,5737 ,6870 ,4156 ,6289 ,6430 ,4091 ,1368 ,583 ,138 ,2 ,18804 ,18804 ,1322 ,2960 ,3411 ,2044 ,2859 ,3148 ,2109 ,687 ,239 ,25 ,0 ,19472 ,19472 ,1290 ,2777 ,3459 ,2112 ,3430 ,3282 ,1982 ,681 ,344 ,113 ,2
인천광역시 연수구 송도2동(2818583000),36390 ,36390 ,4227 ,6465 ,3470 ,3900 ,8304 ,5929 ,2811 ,814 ,405 ,62 ,3 ,17865 ,17865 ,2143 ,3314 ,1792 ,1667 ,3792 ,3123 ,1516 ,357 ,149 ,12 ,0 ,18525 ,18525 ,2084 ,3151 ,1678 ,2233 ,4512 ,2806 ,1295 ,457 ,256 ,50 ,3
인천광역시 연수구 송도3동(2818584000),48712 ,48712 ,5937 ,6387 ,6001 ,8358 ,10008 ,6636 ,3687 ,1171 ,452 ,73 ,2 ,23813 ,23813 ,2994 ,3250 ,2930 ,3892 ,4837 ,3313 ,1868 ,553 ,159 ,17 ,0 ,24899 ,24899 ,2943 ,3137 ,3071 ,4466 ,5171 ,3323 ,1819 ,618 ,293 ,56 ,2
인천광역시 연수구 송도4동(2818585000),28434 ,28434 ,3997 ,3715 ,2837 ,4523 ,6249 ,4033 ,2167 ,632 ,241 ,40 ,0 ,13948 ,13948 ,2017 ,1841 ,1408 ,2052 ,3095 ,2019 ,1089 ,323 ,94 ,10 ,0 ,14486 ,14486 ,1980 ,1874 ,1429 ,2471 ,3154 ,2014 ,1078 ,309 ,147 ,30 ,0
인천광역시 연수구 송도5동(2818586000),43935 ,43935 ,6672 ,4630 ,4011 ,8800 ,9525 ,5677 ,3429 ,867 ,263 ,58 ,3 ,21792 ,21792 ,3458 ,2348 ,2071 ,4162 ,4828 ,2707 ,1660 ,460 ,89 ,8 ,1 ,22143 ,22143 ,3214 ,2282 ,1940 ,4638 ,4697 ,2970 ,1769 ,407 ,174 ,50 ,2
인천광역시 남동구 (2820000000),501481 ,501481 ,32263 ,47176 ,62953 ,63784 ,82916 ,86855 ,74617 ,33546 ,14991 ,2304 ,76 ,249152 ,249152 ,16624 ,24309 ,32495 ,33279 ,42358 ,42822 ,36121 ,15403 ,5273 ,454 ,14 ,252329 ,252329 ,15639 ,22867 ,30458 ,30505 ,40558 ,44033 ,38496 ,18143 ,9718 ,1850 ,62
인천광역시 남동구 구월1동(2820051000),31488 ,31488 ,2439 ,3146 ,3987 ,4228 ,5636 ,4968 ,4378 ,1788 ,767 ,143 ,8 ,15298 ,15298 ,1261 ,1559 ,1939 ,2059 ,2898 ,2352 ,2117 ,833 ,252 ,25 ,3 ,16190 ,16190 ,1178 ,1587 ,2048 ,2169 ,2738 ,2616 ,2261 ,955 ,515 ,118 ,5
인천광역시 남동구 구월2동(2820052000),34951 ,34951 ,2878 ,4428 ,3995 ,3874 ,6391 ,5829 ,4656 ,2011 ,758 ,125 ,6 ,17158 ,17158 ,1510 ,2318 ,2068 ,1861 ,3058 ,2850 ,2218 ,956 ,296 ,22 ,1 ,17793 ,17793 ,1368 ,2110 ,1927 ,2013 ,3333 ,2979 ,2438 ,1055 ,462 ,103 ,5
인천광역시 남동구 구월3동(2820052100),29810 ,29810 ,1332 ,1694 ,6325 ,5734 ,4702 ,4452 ,3353 ,1485 ,651 ,80 ,2 ,15009 ,15009 ,692 ,885 ,2888 ,3144 ,2561 ,2268 ,1629 ,665 ,261 ,16 ,0 ,14801 ,14801 ,640 ,809 ,3437 ,2590 ,2141 ,2184 ,1724 ,820 ,390 ,64 ,2
인천광역시 남동구 구월4동(2820052200),14101 ,14101 ,444 ,847 ,1910 ,1500 ,1965 ,2748 ,2656 ,1312 ,618 ,101 ,0 ,7140 ,7140 ,244 ,470 ,969 ,849 ,1088 ,1403 ,1292 ,587 ,219 ,19 ,0 ,6961 ,6961 ,200 ,377 ,941 ,651 ,877 ,1345 ,1364 ,725 ,399 ,82 ,0
인천광역시 남동구 간석1동(2820053000),17422 ,17422 ,760 ,1206 ,2260 ,2470 ,2566 ,3003 ,2792 ,1521 ,713 ,129 ,2 ,8569 ,8569 ,394 ,638 ,1156 ,1339 ,1343 ,1486 ,1301 ,630 ,260 ,22 ,0 ,8853 ,8853 ,366 ,568 ,1104 ,1131 ,1223 ,1517 ,1491 ,891 ,453 ,107 ,2
인천광역시 남동구 간석2동(2820054000),21372 ,21372 ,1294 ,2018 ,2524 ,2512 ,3545 ,3713 ,3306 ,1654 ,702 ,102 ,2 ,10705 ,10705 ,692 ,1044 ,1335 ,1320 ,1772 ,1884 ,1600 ,765 ,263 ,30 ,0 ,10667 ,10667 ,602 ,974 ,1189 ,1192 ,1773 ,1829 ,1706 ,889 ,439 ,72 ,2
인천광역시 남동구 간석3동(2820055000),26500 ,26500 ,1242 ,1841 ,3515 ,3409 ,3853 ,4962 ,4421 ,2177 ,952 ,123 ,5 ,13244 ,13244 ,638 ,936 ,1793 ,1819 ,2070 ,2446 ,2159 ,999 ,355 ,27 ,2 ,13256 ,13256 ,604 ,905 ,1722 ,1590 ,1783 ,2516 ,2262 ,1178 ,597 ,96 ,3
인천광역시 남동구 간석4동(2820055100),28743 ,28743 ,1540 ,2199 ,3935 ,3837 ,4408 ,5089 ,4580 ,2120 ,892 ,136 ,7 ,14362 ,14362 ,764 ,1135 ,1998 ,2031 ,2245 ,2528 ,2287 ,1027 ,314 ,33 ,0 ,14381 ,14381 ,776 ,1064 ,1937 ,1806 ,2163 ,2561 ,2293 ,1093 ,578 ,103 ,7
인천광역시 남동구 만수1동(2820056000),16441 ,16441 ,714 ,913 ,1944 ,2044 ,2144 ,3057 ,3083 ,1553 ,879 ,109 ,1 ,8007 ,8007 ,372 ,443 ,1020 ,1102 ,1173 ,1508 ,1483 ,633 ,258 ,15 ,0 ,8434 ,8434 ,342 ,470 ,924 ,942 ,971 ,1549 ,1600 ,920 ,621 ,94 ,1
인천광역시 남동구 만수2동(2820057000),23392 ,23392 ,1355 ,2277 ,2844 ,2643 ,3778 ,4248 ,3783 ,1693 ,669 ,99 ,3 ,11462 ,11462 ,679 ,1127 ,1483 ,1408 ,1893 ,2038 ,1770 ,794 ,248 ,22 ,0 ,11930 ,11930 ,676 ,1150 ,1361 ,1235 ,1885 ,2210 ,2013 ,899 ,421 ,77 ,3
인천광역시 남동구 만수3동(2820058000),17077 ,17077 ,1056 ,1543 ,2239 ,2010 ,2665 ,2978 ,2788 ,1229 ,487 ,81 ,1 ,8607 ,8607 ,536 ,801 ,1208 ,1063 ,1406 ,1434 ,1391 ,576 ,178 ,14 ,0 ,8470 ,8470 ,520 ,742 ,1031 ,947 ,1259 ,1544 ,1397 ,653 ,309 ,67 ,1
인천광역시 남동구 만수4동(2820058100),19890 ,19890 ,1099 ,1695 ,2369 ,2517 ,2955 ,3473 ,3448 ,1517 ,697 ,113 ,7 ,9644 ,9644 ,532 ,897 ,1267 ,1328 ,1475 ,1596 ,1594 ,708 ,215 ,29 ,3 ,10246 ,10246 ,567 ,798 ,1102 ,1189 ,1480 ,1877 ,1854 ,809 ,482 ,84 ,4
인천광역시 남동구 만수5동(2820058200),15035 ,15035 ,538 ,871 ,1956 ,1759 ,1866 ,2769 ,2951 ,1594 ,639 ,89 ,3 ,7487 ,7487 ,285 ,443 ,1003 ,990 ,1039 ,1352 ,1419 ,707 ,231 ,18 ,0 ,7548 ,7548 ,253 ,428 ,953 ,769 ,827 ,1417 ,1532 ,887 ,408 ,71 ,3
인천광역시 남동구 만수6동(2820058300),23250 ,23250 ,1024 ,2033 ,2884 ,2509 ,3240 ,4524 ,4150 ,1721 ,988 ,173 ,4 ,11282 ,11282 ,528 ,1022 ,1530 ,1317 ,1598 ,2147 ,2015 ,770 ,320 ,35 ,0 ,11968 ,11968 ,496 ,1011 ,1354 ,1192 ,1642 ,2377 ,2135 ,951 ,668 ,138 ,4
인천광역시 남동구 장수서창동(2820065000),19266 ,19266 ,1252 ,2102 ,2075 ,2005 ,3146 ,3376 ,3185 ,1421 ,617 ,82 ,5 ,9645 ,9645 ,649 ,1099 ,1153 ,1041 ,1583 ,1641 ,1564 ,663 ,229 ,23 ,0 ,9621 ,9621 ,603 ,1003 ,922 ,964 ,1563 ,1735 ,1621 ,758 ,388 ,59 ,5
인천광역시 남동구 서창2동(2820065500),38554 ,38554 ,4690 ,4357 ,3164 ,5875 ,8178 ,4989 ,4640 ,1905 ,649 ,101 ,6 ,19133 ,19133 ,2440 ,2306 ,1607 ,2783 ,4237 ,2373 ,2222 ,932 ,219 ,13 ,1 ,19421 ,19421 ,2250 ,2051 ,1557 ,3092 ,3941 ,2616 ,2418 ,973 ,430 ,88 ,5
인천광역시 남동구 남촌도림동(2820066000),20546 ,20546 ,967 ,1682 ,2605 ,2153 ,2927 ,4184 ,3581 ,1557 ,766 ,121 ,3 ,10541 ,10541 ,482 ,922 ,1429 ,1202 ,1542 ,2115 ,1811 ,740 ,277 ,21 ,0 ,10005 ,10005 ,485 ,760 ,1176 ,951 ,1385 ,2069 ,1770 ,817 ,489 ,100 ,3
인천광역시 남동구 논현1동(2820069000),31118 ,31118 ,2356 ,3376 ,3700 ,3887 ,5504 ,5612 ,4083 ,1698 ,777 ,121 ,4 ,15679 ,15679 ,1208 ,1738 ,1969 ,2084 ,2789 ,2855 ,1956 ,781 ,275 ,22 ,2 ,15439 ,15439 ,1148 ,1638 ,1731 ,1803 ,2715 ,2757 ,2127 ,917 ,502 ,99 ,2
인천광역시 남동구 논현2동(2820070000),32134 ,32134 ,1868 ,3124 ,4307 ,4276 ,5278 ,5638 ,4403 ,2033 ,1042 ,161 ,4 ,16221 ,16221 ,972 ,1622 ,2349 ,2382 ,2708 ,2808 ,2074 ,931 ,345 ,28 ,2 ,15913 ,15913 ,896 ,1502 ,1958 ,1894 ,2570 ,2830 ,2329 ,1102 ,697 ,133 ,2
인천광역시 남동구 논현고잔동(2820071000),40391 ,40391 ,3415 ,5824 ,4415 ,4542 ,8169 ,7243 ,4380 ,1557 ,728 ,115 ,3 ,19959 ,19959 ,1746 ,2904 ,2331 ,2157 ,3880 ,3738 ,2219 ,706 ,258 ,20 ,0 ,20432 ,20432 ,1669 ,2920 ,2084 ,2385 ,4289 ,3505 ,2161 ,851 ,470 ,95 ,3
인천광역시 부평구 (2823700000),490063 ,490063 ,28773 ,40109 ,63678 ,69383 ,73324 ,86911 ,75598 ,33575 ,16244 ,2387 ,81 ,241598 ,241598 ,14696 ,20801 ,32430 ,36236 ,37134 ,42047 ,36581 ,15419 ,5738 ,500 ,16 ,248465 ,248465 ,14077 ,19308 ,31248 ,33147 ,36190 ,44864 ,39017 ,18156 ,10506 ,1887 ,65
인천광역시 부평구 부평1동(2823751000),35525 ,35525 ,1903 ,2596 ,5272 ,5672 ,5214 ,6034 ,5082 ,2354 ,1215 ,176 ,7 ,17031 ,17031 ,913 ,1297 ,2531 ,2945 ,2598 ,2799 ,2385 ,1049 ,464 ,48 ,2 ,18494 ,18494 ,990 ,1299 ,2741 ,2727 ,2616 ,3235 ,2697 ,1305 ,751 ,128 ,5
인천광역시 부평구 부평2동(2823752000),15027 ,15027 ,752 ,1064 ,1993 ,2166 ,2177 ,2583 ,2385 ,1292 ,553 ,61 ,1 ,7476 ,7476 ,370 ,561 ,987 ,1210 ,1119 ,1306 ,1093 ,605 ,211 ,13 ,1 ,7551 ,7551 ,382 ,503 ,1006 ,956 ,1058 ,1277 ,1292 ,687 ,342 ,48 ,0
인천광역시 부평구 부평3동(2823753000),12311 ,12311 ,537 ,721 ,1486 ,1584 ,1691 ,2175 ,2219 ,1178 ,611 ,105 ,4 ,6119 ,6119 ,271 ,374 ,781 ,887 ,876 ,1095 ,1078 ,524 ,212 ,20 ,1 ,6192 ,6192 ,266 ,347 ,705 ,697 ,815 ,1080 ,1141 ,654 ,399 ,85 ,3
인천광역시 부평구 부평4동(2823754000),35824 ,35824 ,2076 ,2255 ,5449 ,6334 ,5414 ,5828 ,4924 ,2318 ,1082 ,141 ,3 ,17654 ,17654 ,1056 ,1160 ,2616 ,3372 ,2796 ,2831 ,2354 ,1065 ,374 ,30 ,0 ,18170 ,18170 ,1020 ,1095 ,2833 ,2962 ,2618 ,2997 ,2570 ,1253 ,708 ,111 ,3
인천광역시 부평구 부평5동(2823755000),33156 ,33156 ,2480 ,2336 ,4759 ,6136 ,5410 ,5194 ,4170 ,1739 ,814 ,113 ,5 ,16298 ,16298 ,1308 ,1139 ,2248 ,3242 ,2872 ,2464 ,1947 ,770 ,282 ,25 ,1 ,16858 ,16858 ,1172 ,1197 ,2511 ,2894 ,2538 ,2730 ,2223 ,969 ,532 ,88 ,4
인천광역시 부평구 부평6동(2823756000),14820 ,14820 ,920 ,887 ,1900 ,2276 ,2243 ,2482 ,2380 ,1071 ,591 ,70 ,0 ,7322 ,7322 ,485 ,476 ,907 ,1161 ,1215 ,1205 ,1146 ,481 ,234 ,12 ,0 ,7498 ,7498 ,435 ,411 ,993 ,1115 ,1028 ,1277 ,1234 ,590 ,357 ,58 ,0
인천광역시 부평구 산곡1동(2823757000),14894 ,14894 ,1212 ,1086 ,1631 ,2787 ,2215 ,2310 ,2175 ,936 ,462 ,77 ,3 ,7399 ,7399 ,649 ,582 ,818 ,1438 ,1144 ,1120 ,1029 ,439 ,167 ,13 ,0 ,7495 ,7495 ,563 ,504 ,813 ,1349 ,1071 ,1190 ,1146 ,497 ,295 ,64 ,3
인천광역시 부평구 산곡2동(2823758000),30074 ,30074 ,2087 ,3549 ,3583 ,3217 ,5126 ,5373 ,4369 ,1854 ,795 ,119 ,2 ,14792 ,14792 ,1071 ,1864 ,1895 ,1565 ,2439 ,2599 ,2152 ,881 ,293 ,32 ,1 ,15282 ,15282 ,1016 ,1685 ,1688 ,1652 ,2687 ,2774 ,2217 ,973 ,502 ,87 ,1
인천광역시 부평구 산곡3동(2823758100),21166 ,21166 ,914 ,1829 ,2473 ,2183 ,2731 ,3844 ,3907 ,1953 ,1123 ,198 ,11 ,10247 ,10247 ,474 ,972 ,1325 ,1134 ,1335 ,1834 ,1845 ,909 ,375 ,41 ,3 ,10919 ,10919 ,440 ,857 ,1148 ,1049 ,1396 ,2010 ,2062 ,1044 ,748 ,157 ,8
인천광역시 부평구 산곡4동(2823758200),17028 ,17028 ,954 ,1610 ,2217 ,1988 ,2517 ,3145 ,2700 ,1155 ,640 ,99 ,3 ,8154 ,8154 ,495 ,832 ,1143 ,985 ,1216 ,1434 ,1276 ,527 ,224 ,21 ,1 ,8874 ,8874 ,459 ,778 ,1074 ,1003 ,1301 ,1711 ,1424 ,628 ,416 ,78 ,2
인천광역시 부평구 청천1동(2823759100),6650 ,6650 ,263 ,461 ,768 ,770 ,951 ,1382 ,1296 ,493 ,229 ,35 ,2 ,3547 ,3547 ,123 ,227 ,420 ,432 ,539 ,773 ,715 ,233 ,79 ,6 ,0 ,3103 ,3103 ,140 ,234 ,348 ,338 ,412 ,609 ,581 ,260 ,150 ,29 ,2
인천광역시 부평구 청천2동(2823759200),34520 ,34520 ,2403 ,2821 ,4316 ,5125 ,5083 ,6144 ,5371 ,2111 ,991 ,151 ,4 ,17219 ,17219 ,1234 ,1482 ,2231 ,2637 ,2669 ,2988 ,2596 ,980 ,370 ,31 ,1 ,17301 ,17301 ,1169 ,1339 ,2085 ,2488 ,2414 ,3156 ,2775 ,1131 ,621 ,120 ,3
인천광역시 부평구 갈산1동(2823764100),15956 ,15956 ,724 ,1099 ,2264 ,2181 ,2202 ,3143 ,2666 ,1090 ,518 ,64 ,5 ,8079 ,8079 ,362 ,598 ,1247 ,1187 ,1133 ,1552 ,1303 ,513 ,176 ,8 ,0 ,7877 ,7877 ,362 ,501 ,1017 ,994 ,1069 ,1591 ,1363 ,577 ,342 ,56 ,5
인천광역시 부평구 갈산2동(2823764200),17957 ,17957 ,927 ,1316 ,2053 ,2464 ,2342 ,3135 ,3442 ,1480 ,665 ,129 ,4 ,8687 ,8687 ,479 ,693 ,1063 ,1246 ,1169 ,1433 ,1668 ,701 ,214 ,21 ,0 ,9270 ,9270 ,448 ,623 ,990 ,1218 ,1173 ,1702 ,1774 ,779 ,451 ,108 ,4
인천광역시 부평구 삼산1동(2823764600),33531 ,33531 ,1981 ,3239 ,4225 ,4021 ,5281 ,6364 ,5013 ,2084 ,1128 ,190 ,5 ,16415 ,16415 ,1034 ,1647 ,2279 ,2046 ,2633 ,3039 ,2443 ,939 ,317 ,37 ,1 ,17116 ,17116 ,947 ,1592 ,1946 ,1975 ,2648 ,3325 ,2570 ,1145 ,811 ,153 ,4
인천광역시 부평구 삼산2동(2823764800),27957 ,27957 ,1819 ,3846 ,3550 ,2577 ,4973 ,5655 ,3375 ,1370 ,669 ,117 ,6 ,13492 ,13492 ,891 ,2000 ,1826 ,1252 ,2258 ,2757 ,1679 ,586 ,226 ,17 ,0 ,14465 ,14465 ,928 ,1846 ,1724 ,1325 ,2715 ,2898 ,1696 ,784 ,443 ,100 ,6
인천광역시 부평구 부개1동(2823765000),16354 ,16354 ,725 ,1021 ,1885 ,2062 ,2278 ,2827 ,3146 ,1622 ,712 ,72 ,4 ,8203 ,8203 ,372 ,532 ,1004 ,1125 ,1242 ,1446 ,1445 ,742 ,275 ,19 ,1 ,8151 ,8151 ,353 ,489 ,881 ,937 ,1036 ,1381 ,1701 ,880 ,437 ,53 ,3
인천광역시 부평구 부개2동(2823766000),19449 ,19449 ,1267 ,1634 ,2432 ,2796 ,3022 ,3380 ,2924 ,1344 ,580 ,67 ,3 ,9509 ,9509 ,650 ,816 ,1242 ,1413 ,1522 ,1609 ,1401 ,622 ,217 ,17 ,0 ,9940 ,9940 ,617 ,818 ,1190 ,1383 ,1500 ,1771 ,1523 ,722 ,363 ,50 ,3
인천광역시 부평구 부개3동(2823766100),29365 ,29365 ,1440 ,2717 ,4135 ,3868 ,4366 ,5754 ,4331 ,1745 ,856 ,150 ,3 ,14079 ,14079 ,719 ,1390 ,2099 ,1899 ,2063 ,2664 ,2162 ,779 ,276 ,26 ,2 ,15286 ,15286 ,721 ,1327 ,2036 ,1969 ,2303 ,3090 ,2169 ,966 ,580 ,124 ,1
인천광역시 부평구 일신동(2823767000),11987 ,11987 ,799 ,946 ,1454 ,1553 ,1678 ,1976 ,2191 ,927 ,404 ,59 ,0 ,6109 ,6109 ,400 ,523 ,830 ,865 ,873 ,943 ,1062 ,455 ,143 ,15 ,0 ,5878 ,5878 ,399 ,423 ,624 ,688 ,805 ,1033 ,1129 ,472 ,261 ,44 ,0
인천광역시 부평구 십정1동(2823768000),24529 ,24529 ,1692 ,1696 ,3222 ,4935 ,3412 ,3872 ,3354 ,1527 ,723 ,93 ,3 ,12355 ,12355 ,896 ,895 ,1562 ,2700 ,1769 ,1896 ,1647 ,701 ,264 ,24 ,1 ,12174 ,12174 ,796 ,801 ,1660 ,2235 ,1643 ,1976 ,1707 ,826 ,459 ,69 ,2
인천광역시 부평구 십정2동(2823769000),21983 ,21983 ,898 ,1380 ,2611 ,2688 ,2998 ,4311 ,4178 ,1932 ,883 ,101 ,3 ,11412 ,11412 ,444 ,741 ,1376 ,1495 ,1654 ,2260 ,2155 ,918 ,345 ,24 ,0 ,10571 ,10571 ,454 ,639 ,1235 ,1193 ,1344 ,2051 ,2023 ,1014 ,538 ,77 ,3
인천광역시 계양구 (2824500000),285774 ,285774 ,14966 ,23769 ,38128 ,36483 ,41740 ,56158 ,47693 ,16879 ,8596 ,1325 ,37 ,142313 ,142313 ,7635 ,12043 ,20088 ,19287 ,21048 ,27128 ,24070 ,7862 ,2868 ,277 ,7 ,143461 ,143461 ,7331 ,11726 ,18040 ,17196 ,20692 ,29030 ,23623 ,9017 ,5728 ,1048 ,30
인천광역시 계양구 효성1동(2824560100),26885 ,26885 ,1473 ,2153 ,3392 ,3521 ,3835 ,5016 ,4741 ,1754 ,880 ,116 ,4 ,13467 ,13467 ,756 ,1111 ,1796 ,1817 ,1974 ,2427 ,2402 ,842 ,315 ,25 ,2 ,13418 ,13418 ,717 ,1042 ,1596 ,1704 ,1861 ,2589 ,2339 ,912 ,565 ,91 ,2
인천광역시 계양구 효성2동(2824560200),28101 ,28101 ,1465 ,2439 ,3726 ,3232 ,4015 ,5419 ,4992 ,1872 ,830 ,106 ,5 ,14189 ,14189 ,769 ,1213 ,2089 ,1751 ,2011 ,2614 ,2507 ,899 ,313 ,23 ,0 ,13912 ,13912 ,696 ,1226 ,1637 ,1481 ,2004 ,2805 ,2485 ,973 ,517 ,83 ,5
인천광역시 계양구 계산1동(2824561100),18520 ,18520 ,574 ,1090 ,2521 ,2352 ,2400 ,3798 ,3596 ,1441 ,669 ,77 ,2 ,9750 ,9750 ,301 ,564 ,1350 ,1376 ,1317 ,2018 ,1888 ,692 ,233 ,11 ,0 ,8770 ,8770 ,273 ,526 ,1171 ,976 ,1083 ,1780 ,1708 ,749 ,436 ,66 ,2
인천광역시 계양구 계산2동(2824561200),15217 ,15217 ,495 ,830 ,2134 ,1995 ,1859 ,3000 ,3139 ,1165 ,515 ,80 ,5 ,7556 ,7556 ,252 ,428 ,1087 ,1086 ,979 ,1453 ,1519 ,565 ,167 ,20 ,0 ,7661 ,7661 ,243 ,402 ,1047 ,909 ,880 ,1547 ,1620 ,600 ,348 ,60 ,5
인천광역시 계양구 계산3동(2824561300),18444 ,18444 ,721 ,1299 ,2774 ,2787 ,2253 ,3780 ,3417 ,865 ,463 ,84 ,1 ,8827 ,8827 ,354 ,662 ,1438 ,1444 ,1065 ,1635 ,1672 ,411 ,128 ,17 ,1 ,9617 ,9617 ,367 ,637 ,1336 ,1343 ,1188 ,2145 ,1745 ,454 ,335 ,67 ,0
인천광역시 계양구 계산4동(2824561400),22674 ,22674 ,1224 ,2368 ,3365 ,2510 ,3570 ,4919 ,3325 ,713 ,543 ,135 ,2 ,11443 ,11443 ,616 ,1185 ,1735 ,1325 ,1760 ,2431 ,1859 ,358 ,149 ,25 ,0 ,11231 ,11231 ,608 ,1183 ,1630 ,1185 ,1810 ,2488 ,1466 ,355 ,394 ,110 ,2
인천광역시 계양구 작전1동(2824562100),26676 ,26676 ,1379 ,2418 ,3682 ,3249 ,3910 ,5338 ,4369 ,1485 ,738 ,108 ,0 ,13085 ,13085 ,708 ,1223 ,1936 ,1683 ,1904 ,2527 ,2163 ,670 ,245 ,26 ,0 ,13591 ,13591 ,671 ,1195 ,1746 ,1566 ,2006 ,2811 ,2206 ,815 ,493 ,82 ,0
인천광역시 계양구 작전2동(2824562200),18884 ,18884 ,841 ,1211 ,2410 ,2560 ,2519 ,3624 ,3586 ,1390 ,640 ,102 ,1 ,9311 ,9311 ,415 ,626 ,1239 ,1402 ,1320 ,1699 ,1739 ,641 ,208 ,22 ,0 ,9573 ,9573 ,426 ,585 ,1171 ,1158 ,1199 ,1925 ,1847 ,749 ,432 ,80 ,1
인천광역시 계양구 작전서운동(2824564000),33806 ,33806 ,2273 ,3263 ,4636 ,4588 ,5344 ,6851 ,4506 ,1350 ,851 ,142 ,2 ,16792 ,16792 ,1150 ,1599 ,2511 ,2359 ,2640 ,3292 ,2345 ,619 ,247 ,29 ,1 ,17014 ,17014 ,1123 ,1664 ,2125 ,2229 ,2704 ,3559 ,2161 ,731 ,604 ,113 ,1
인천광역시 계양구 계양1동(2824571000),19912 ,19912 ,1115 ,1544 ,2509 ,2447 ,2828 ,3834 ,3472 ,1334 ,715 ,111 ,3 ,9851 ,9851 ,591 ,773 ,1283 ,1263 ,1421 ,1838 ,1779 ,602 ,280 ,20 ,1 ,10061 ,10061 ,524 ,771 ,1226 ,1184 ,1407 ,1996 ,1693 ,732 ,435 ,91 ,2
인천광역시 계양구 계양2동(2824572000),32052 ,32052 ,1371 ,2246 ,4409 ,4239 ,4334 ,6495 ,5368 ,2202 ,1205 ,173 ,10 ,15912 ,15912 ,694 ,1140 ,2329 ,2316 ,2162 ,3184 ,2717 ,955 ,379 ,35 ,1 ,16140 ,16140 ,677 ,1106 ,2080 ,1923 ,2172 ,3311 ,2651 ,1247 ,826 ,138 ,9
인천광역시 계양구 계양3동(2824573000),24603 ,24603 ,2035 ,2908 ,2570 ,3003 ,4873 ,4084 ,3182 ,1308 ,547 ,91 ,2 ,12130 ,12130 ,1029 ,1519 ,1295 ,1465 ,2495 ,2010 ,1480 ,608 ,204 ,24 ,1 ,12473 ,12473 ,1006 ,1389 ,1275 ,1538 ,2378 ,2074 ,1702 ,700 ,343 ,67 ,1
인천광역시 서구 (2826000000),600578 ,600578 ,53176 ,61239 ,72471 ,90823 ,105582 ,100460 ,73566 ,28423 ,12694 ,2066 ,78 ,302876 ,302876 ,27232 ,31373 ,37266 ,46342 ,54459 ,50586 ,37259 ,13532 ,4413 ,399 ,15 ,297702 ,297702 ,25944 ,29866 ,35205 ,44481 ,51123 ,49874 ,36307 ,14891 ,8281 ,1667 ,63
인천광역시 서구 검암경서동(2826051500),44868 ,44868 ,3563 ,4413 ,5963 ,7456 ,8440 ,7372 ,4780 ,1955 ,782 ,140 ,4 ,22967 ,22967 ,1823 ,2328 ,3108 ,3972 ,4403 ,3688 ,2412 ,911 ,297 ,22 ,3 ,21901 ,21901 ,1740 ,2085 ,2855 ,3484 ,4037 ,3684 ,2368 ,1044 ,485 ,118 ,1
인천광역시 서구 연희동(2826053000),39038 ,39038 ,1803 ,3001 ,5859 ,4741 ,5296 ,8133 ,6220 ,2360 ,1386 ,232 ,7 ,19928 ,19928 ,891 ,1555 ,3186 ,2621 ,2778 ,4060 ,3228 ,1072 ,490 ,45 ,2 ,19110 ,19110 ,912 ,1446 ,2673 ,2120 ,2518 ,4073 ,2992 ,1288 ,896 ,187 ,5
인천광역시 서구 청라1동(2826053600),30641 ,30641 ,3251 ,4365 ,3699 ,5181 ,6243 ,4479 ,2288 ,719 ,364 ,49 ,3 ,15246 ,15246 ,1673 ,2208 ,1797 ,2594 ,3052 ,2310 ,1161 ,319 ,122 ,10 ,0 ,15395 ,15395 ,1578 ,2157 ,1902 ,2587 ,3191 ,2169 ,1127 ,400 ,242 ,39 ,3
인천광역시 서구 청라2동(2826053700),47842 ,47842 ,5294 ,6852 ,5266 ,6992 ,10088 ,7178 ,4237 ,1319 ,529 ,84 ,3 ,23679 ,23679 ,2717 ,3550 ,2587 ,3357 ,4873 ,3607 ,2129 ,656 ,180 ,22 ,1 ,24163 ,24163 ,2577 ,3302 ,2679 ,3635 ,5215 ,3571 ,2108 ,663 ,349 ,62 ,2
인천광역시 서구 청라3동(2826053900),34636 ,34636 ,4629 ,4509 ,3706 ,6018 ,7288 ,4724 ,2721 ,719 ,268 ,51 ,3 ,17268 ,17268 ,2337 ,2319 ,1828 ,2869 ,3667 ,2427 ,1384 ,351 ,83 ,3 ,0 ,17368 ,17368 ,2292 ,2190 ,1878 ,3149 ,3621 ,2297 ,1337 ,368 ,185 ,48 ,3
인천광역시 서구 가정1동(2826054200),37021 ,37021 ,4567 ,3174 ,3899 ,6555 ,6611 ,5405 ,4409 ,1614 ,664 ,118 ,5 ,18514 ,18514 ,2407 ,1651 ,1964 ,3135 ,3506 ,2671 ,2160 ,788 ,216 ,15 ,1 ,18507 ,18507 ,2160 ,1523 ,1935 ,3420 ,3105 ,2734 ,2249 ,826 ,448 ,103 ,4
인천광역시 서구 가정2동(2826054300),12700 ,12700 ,1320 ,800 ,1628 ,2685 ,1801 ,2148 ,1706 ,418 ,162 ,31 ,1 ,6536 ,6536 ,700 ,386 ,867 ,1387 ,974 ,1063 ,888 ,221 ,47 ,3 ,0 ,6164 ,6164 ,620 ,414 ,761 ,1298 ,827 ,1085 ,818 ,197 ,115 ,28 ,1
인천광역시 서구 가정3동(2826054400),9145 ,9145 ,363 ,604 ,1383 ,1193 ,1099 ,1955 ,1698 ,554 ,249 ,46 ,1 ,4556 ,4556 ,170 ,321 ,723 ,650 ,556 ,912 ,887 ,259 ,67 ,10 ,1 ,4589 ,4589 ,193 ,283 ,660 ,543 ,543 ,1043 ,811 ,295 ,182 ,36 ,0
인천광역시 서구 석남1동(2826055000),21480 ,21480 ,936 ,1432 ,2701 ,2816 ,2925 ,4194 ,4030 ,1663 ,663 ,119 ,1 ,11019 ,11019 ,487 ,737 ,1428 ,1595 ,1610 ,2133 ,1990 ,808 ,208 ,22 ,1 ,10461 ,10461 ,449 ,695 ,1273 ,1221 ,1315 ,2061 ,2040 ,855 ,455 ,97 ,0
인천광역시 서구 석남2동(2826056000),12416 ,12416 ,500 ,816 ,1469 ,1425 ,1648 ,2426 ,2458 ,1165 ,445 ,61 ,3 ,6401 ,6401 ,250 ,412 ,830 ,778 ,885 ,1243 ,1260 ,561 ,168 ,14 ,0 ,6015 ,6015 ,250 ,404 ,639 ,647 ,763 ,1183 ,1198 ,604 ,277 ,47 ,3
인천광역시 서구 석남3동(2826056100),13254 ,13254 ,459 ,994 ,1827 ,1588 ,1771 ,2619 ,2438 ,1000 ,483 ,71 ,4 ,6652 ,6652 ,252 ,504 ,958 ,898 ,927 ,1291 ,1206 ,456 ,149 ,11 ,0 ,6602 ,6602 ,207 ,490 ,869 ,690 ,844 ,1328 ,1232 ,544 ,334 ,60 ,4
인천광역시 서구 신현원창동(2826057500),30334 ,30334 ,2220 ,2838 ,3608 ,3947 ,4686 ,5495 ,5004 ,1777 ,653 ,101 ,5 ,15129 ,15129 ,1126 ,1398 ,1896 ,1985 ,2426 ,2688 ,2493 ,877 ,223 ,17 ,0 ,15205 ,15205 ,1094 ,1440 ,1712 ,1962 ,2260 ,2807 ,2511 ,900 ,430 ,84 ,5
인천광역시 서구 가좌1동(2826058000),12866 ,12866 ,616 ,796 ,1853 ,1848 ,1736 ,2417 ,2175 ,925 ,449 ,46 ,5 ,6843 ,6843 ,329 ,423 ,958 ,1065 ,1003 ,1311 ,1153 ,436 ,155 ,9 ,1 ,6023 ,6023 ,287 ,373 ,895 ,783 ,733 ,1106 ,1022 ,489 ,294 ,37 ,4
인천광역시 서구 가좌2동(2826059000),19107 ,19107 ,1044 ,1735 ,2427 ,2308 ,2697 ,3617 ,3354 ,1246 ,579 ,96 ,4 ,9304 ,9304 ,538 ,882 ,1264 ,1204 ,1288 ,1662 ,1641 ,614 ,186 ,25 ,0 ,9803 ,9803 ,506 ,853 ,1163 ,1104 ,1409 ,1955 ,1713 ,632 ,393 ,71 ,4
인천광역시 서구 가좌3동(2826060000),16197 ,16197 ,594 ,1079 ,2095 ,1902 ,2042 ,3124 ,3196 ,1406 ,655 ,102 ,2 ,8279 ,8279 ,302 ,573 ,1100 ,1057 ,1115 ,1549 ,1621 ,689 ,248 ,25 ,0 ,7918 ,7918 ,292 ,506 ,995 ,845 ,927 ,1575 ,1575 ,717 ,407 ,77 ,2
인천광역시 서구 가좌4동(2826061000),10042 ,10042 ,663 ,700 ,1024 ,1407 ,1503 ,1769 ,1839 ,748 ,328 ,57 ,4 ,5196 ,5196 ,337 ,363 ,552 ,734 ,815 ,940 ,927 ,400 ,116 ,12 ,0 ,4846 ,4846 ,326 ,337 ,472 ,673 ,688 ,829 ,912 ,348 ,212 ,45 ,4
인천광역시 서구 검단동(2826068000),33160 ,33160 ,2360 ,3229 ,4324 ,4612 ,5632 ,6097 ,4276 ,1704 ,808 ,116 ,2 ,17185 ,17185 ,1205 ,1628 ,2305 ,2528 ,3030 ,3163 ,2240 ,807 ,264 ,15 ,0 ,15975 ,15975 ,1155 ,1601 ,2019 ,2084 ,2602 ,2934 ,2036 ,897 ,544 ,101 ,2
인천광역시 서구 불로대곡동(2826069000),23411 ,23411 ,1597 ,2644 ,2883 ,2666 ,4139 ,4513 ,2675 ,1457 ,747 ,84 ,6 ,11904 ,11904 ,812 ,1346 ,1541 ,1401 ,2123 ,2341 ,1369 ,651 ,291 ,27 ,2 ,11507 ,11507 ,785 ,1298 ,1342 ,1265 ,2016 ,2172 ,1306 ,806 ,456 ,57 ,4
인천광역시 서구 원당동(2826070000),23177 ,23177 ,1858 ,3067 ,2753 ,2836 ,4844 ,4056 ,2051 ,1111 ,511 ,86 ,4 ,11787 ,11787 ,968 ,1592 ,1435 ,1459 ,2396 ,2216 ,1017 ,497 ,190 ,16 ,1 ,11390 ,11390 ,890 ,1475 ,1318 ,1377 ,2448 ,1840 ,1034 ,614 ,321 ,70 ,3
인천광역시 서구 당하동(2826071000),26806 ,26806 ,2251 ,3066 ,3525 ,3858 ,5052 ,4721 ,2699 ,1039 ,506 ,88 ,1 ,13361 ,13361 ,1162 ,1544 ,1775 ,1975 ,2538 ,2334 ,1356 ,460 ,188 ,28 ,1 ,13445 ,13445 ,1089 ,1522 ,1750 ,1883 ,2514 ,2387 ,1343 ,579 ,318 ,60 ,0
인천광역시 서구 오류왕길동(2826072000),24843 ,24843 ,1900 ,2624 ,2955 ,3048 ,4285 ,4466 ,3424 ,1339 ,658 ,137 ,7 ,12584 ,12584 ,926 ,1347 ,1517 ,1541 ,2246 ,2264 ,1829 ,650 ,247 ,16 ,1 ,12259 ,12259 ,974 ,1277 ,1438 ,1507 ,2039 ,2202 ,1595 ,689 ,411 ,121 ,6
인천광역시 서구 마전동(2826073000),22046 ,22046 ,1622 ,2928 ,2991 ,2485 ,3990 ,4024 ,2352 ,1101 ,465 ,86 ,2 ,10864 ,10864 ,846 ,1469 ,1479 ,1219 ,1950 ,2005 ,1188 ,517 ,173 ,18 ,0 ,11182 ,11182 ,776 ,1459 ,1512 ,1266 ,2040 ,2019 ,1164 ,584 ,292 ,68 ,2
인천광역시 서구 아라동(2826074000),55548 ,55548 ,9766 ,5573 ,4633 ,13256 ,11766 ,5528 ,3536 ,1084 ,340 ,65 ,1 ,27674 ,27674 ,4974 ,2837 ,2168 ,6318 ,6298 ,2708 ,1720 ,532 ,105 ,14 ,0 ,27874 ,27874 ,4792 ,2736 ,2465 ,6938 ,5468 ,2820 ,1816 ,552 ,235 ,51 ,1
인천광역시 서구검단출장소 (2826500000),0 ,0 ,0 ,0 ,0 ,0 ,0 ,0 ,0 ,0 ,0 ,0 ,0 ,0 ,0 ,0 ,0 ,0 ,0 ,0 ,0 ,0 ,0 ,0 ,0 ,0 ,0 ,0 ,0 ,0 ,0 ,0 ,0 ,0 ,0 ,0 ,0 ,0 ,0
인천광역시 강화군 (2871000000),69550 ,69550 ,2918 ,4467 ,4763 ,5010 ,7392 ,11256 ,16181 ,10180 ,6335 ,1016 ,32 ,34836 ,34836 ,1507 ,2330 ,2727 ,2646 ,3952 ,5858 ,8111 ,4937 ,2522 ,239 ,7 ,34714 ,34714 ,1411 ,2137 ,2036 ,2364 ,3440 ,5398 ,8070 ,5243 ,3813 ,777 ,25
인천광역시 강화군 강화읍(2871025000),22557 ,22557 ,1330 ,2122 ,2058 ,1985 ,3070 ,3755 ,4020 ,2517 ,1492 ,202 ,6 ,11134 ,11134 ,700 ,1069 ,1164 ,1035 ,1556 ,1918 ,1950 ,1129 ,561 ,52 ,0 ,11423 ,11423 ,630 ,1053 ,894 ,950 ,1514 ,1837 ,2070 ,1388 ,931 ,150 ,6
인천광역시 강화군 선원면(2871031000),7908 ,7908 ,405 ,674 ,663 ,635 ,1028 ,1271 ,1714 ,902 ,523 ,89 ,4 ,3952 ,3952 ,197 ,343 ,381 ,336 ,508 ,659 ,845 ,454 ,210 ,19 ,0 ,3956 ,3956 ,208 ,331 ,282 ,299 ,520 ,612 ,869 ,448 ,313 ,70 ,4
인천광역시 강화군 불은면(2871032000),5081 ,5081 ,146 ,229 ,271 ,310 ,433 ,775 ,1436 ,866 ,502 ,110 ,3 ,2561 ,2561 ,66 ,124 ,155 ,169 ,238 ,418 ,706 ,467 ,202 ,16 ,0 ,2520 ,2520 ,80 ,105 ,116 ,141 ,195 ,357 ,730 ,399 ,300 ,94 ,3
인천광역시 강화군 길상면(2871033000),7305 ,7305 ,271 ,400 ,462 ,557 ,775 ,1250 ,1944 ,1018 ,533 ,92 ,3 ,3680 ,3680 ,136 ,213 ,261 ,284 ,441 ,623 ,966 ,503 ,234 ,17 ,2 ,3625 ,3625 ,135 ,187 ,201 ,273 ,334 ,627 ,978 ,515 ,299 ,75 ,1
인천광역시 강화군 화도면(2871034000),4573 ,4573 ,127 ,197 ,241 ,301 ,409 ,713 ,1239 ,826 ,441 ,74 ,5 ,2313 ,2313 ,62 ,110 ,139 ,174 ,233 ,349 ,623 ,419 ,182 ,21 ,1 ,2260 ,2260 ,65 ,87 ,102 ,127 ,176 ,364 ,616 ,407 ,259 ,53 ,4
인천광역시 강화군 양도면(2871035000),4251 ,4251 ,137 ,195 ,199 ,231 ,373 ,695 ,1119 ,723 ,479 ,97 ,3 ,2122 ,2122 ,73 ,108 ,111 ,127 ,202 ,380 ,564 ,342 ,191 ,24 ,0 ,2129 ,2129 ,64 ,87 ,88 ,104 ,171 ,315 ,555 ,381 ,288 ,73 ,3
인천광역시 강화군 내가면(2871036000),3062 ,3062 ,98 ,96 ,142 ,185 ,234 ,471 ,842 ,576 ,365 ,51 ,2 ,1484 ,1484 ,53 ,52 ,73 ,89 ,127 ,233 ,420 ,280 ,144 ,11 ,2 ,1578 ,1578 ,45 ,44 ,69 ,96 ,107 ,238 ,422 ,296 ,221 ,40 ,0
인천광역시 강화군 하점면(2871037000),4037 ,4037 ,109 ,135 ,218 ,237 ,296 ,613 ,1036 ,748 ,569 ,74 ,2 ,2063 ,2063 ,57 ,75 ,140 ,112 ,179 ,331 ,546 ,367 ,236 ,18 ,2 ,1974 ,1974 ,52 ,60 ,78 ,125 ,117 ,282 ,490 ,381 ,333 ,56 ,0
인천광역시 강화군 양사면(2871038000),1911 ,1911 ,61 ,74 ,80 ,85 ,136 ,310 ,484 ,357 ,285 ,38 ,1 ,957 ,957 ,33 ,34 ,47 ,44 ,65 ,185 ,253 ,176 ,113 ,7 ,0 ,954 ,954 ,28 ,40 ,33 ,41 ,71 ,125 ,231 ,181 ,172 ,31 ,1
인천광역시 강화군 송해면(2871039000),3276 ,3276 ,127 ,137 ,182 ,217 ,261 ,504 ,797 ,583 ,402 ,65 ,1 ,1658 ,1658 ,72 ,70 ,105 ,128 ,156 ,278 ,409 ,278 ,142 ,20 ,0 ,1618 ,1618 ,55 ,67 ,77 ,89 ,105 ,226 ,388 ,305 ,260 ,45 ,1
인천광역시 강화군 교동면(2871040000),2785 ,2785 ,49 ,102 ,125 ,139 ,185 ,450 ,716 ,561 ,395 ,63 ,0 ,1442 ,1442 ,27 ,57 ,79 ,80 ,120 ,242 ,380 ,273 ,165 ,19 ,0 ,1343 ,1343 ,22 ,45 ,46 ,59 ,65 ,208 ,336 ,288 ,230 ,44 ,0
인천광역시 강화군 삼산면(2871041000),2159 ,2159 ,50 ,85 ,97 ,101 ,158 ,355 ,630 ,377 ,256 ,48 ,2 ,1126 ,1126 ,28 ,61 ,56 ,57 ,103 ,191 ,335 ,182 ,103 ,10 ,0 ,1033 ,1033 ,22 ,24 ,41 ,44 ,55 ,164 ,295 ,195 ,153 ,38 ,2
인천광역시 강화군 서도면(2871042000),374 ,374 ,4 ,18 ,13 ,23 ,24 ,52 ,108 ,71 ,53 ,8 ,0 ,192 ,192 ,2 ,11 ,7 ,10 ,17 ,28 ,56 ,41 ,17 ,3 ,0 ,182 ,182 ,2 ,7 ,6 ,13 ,7 ,24 ,52 ,30 ,36 ,5 ,0
인천광역시 강화군 서도면볼음출장소(2871042500),271 ,271 ,4 ,3 ,12 ,4 ,10 ,42 ,96 ,55 ,40 ,5 ,0 ,152 ,152 ,1 ,3 ,9 ,1 ,7 ,23 ,58 ,26 ,22 ,2 ,0 ,119 ,119 ,3 ,0 ,3 ,3 ,3 ,19 ,38 ,29 ,18 ,3 ,0
인천광역시 옹진군 (2872000000),20488 ,20488 ,742 ,1062 ,2512 ,1783 ,2245 ,3376 ,4710 ,2493 ,1286 ,260 ,19 ,11696 ,11696 ,363 ,594 ,1811 ,1147 ,1423 ,1975 ,2579 ,1257 ,486 ,59 ,2 ,8792 ,8792 ,379 ,468 ,701 ,636 ,822 ,1401 ,2131 ,1236 ,800 ,201 ,17
인천광역시 옹진군 북도면(2872031000),1148 ,1148 ,20 ,51 ,70 ,66 ,105 ,178 ,358 ,199 ,76 ,21 ,4 ,595 ,595 ,6 ,23 ,45 ,35 ,60 ,96 ,190 ,106 ,29 ,5 ,0 ,553 ,553 ,14 ,28 ,25 ,31 ,45 ,82 ,168 ,93 ,47 ,16 ,4
인천광역시 옹진군 북도면장봉출장소(2872031500),977 ,977 ,17 ,21 ,47 ,55 ,101 ,200 ,277 ,166 ,73 ,18 ,2 ,513 ,513 ,8 ,9 ,30 ,36 ,58 ,114 ,142 ,86 ,26 ,3 ,1 ,464 ,464 ,9 ,12 ,17 ,19 ,43 ,86 ,135 ,80 ,47 ,15 ,1
인천광역시 옹진군 백령면(2872033000),4942 ,4942 ,253 ,290 ,957 ,559 ,599 ,634 ,878 ,438 ,264 ,67 ,3 ,2912 ,2912 ,119 ,150 ,738 ,353 ,392 ,373 ,465 ,219 ,88 ,15 ,0 ,2030 ,2030 ,134 ,140 ,219 ,206 ,207 ,261 ,413 ,219 ,176 ,52 ,3
인천광역시 옹진군 대청면(2872034000),1209 ,1209 ,30 ,59 ,159 ,117 ,133 ,200 ,249 ,162 ,88 ,12 ,0 ,701 ,701 ,15 ,34 ,114 ,72 ,94 ,122 ,137 ,70 ,39 ,4 ,0 ,508 ,508 ,15 ,25 ,45 ,45 ,39 ,78 ,112 ,92 ,49 ,8 ,0
인천광역시 옹진군 대청면소청출장소(2872034500),216 ,216 ,4 ,0 ,35 ,15 ,10 ,30 ,51 ,52 ,17 ,2 ,0 ,133 ,133 ,1 ,0 ,33 ,11 ,7 ,21 ,31 ,24 ,5 ,0 ,0 ,83 ,83 ,3 ,0 ,2 ,4 ,3 ,9 ,20 ,28 ,12 ,2 ,0
인천광역시 옹진군 덕적면(2872035000),1920 ,1920 ,35 ,96 ,128 ,68 ,150 ,332 ,525 ,355 ,192 ,36 ,3 ,1074 ,1074 ,15 ,69 ,79 ,49 ,100 ,203 ,307 ,173 ,73 ,6 ,0 ,846 ,846 ,20 ,27 ,49 ,19 ,50 ,129 ,218 ,182 ,119 ,30 ,3
인천광역시 옹진군 영흥면(2872036000),6595 ,6595 ,263 ,402 ,529 ,576 ,795 ,1247 ,1593 ,769 ,358 ,59 ,4 ,3687 ,3687 ,134 ,228 ,344 ,359 ,473 ,697 ,892 ,390 ,152 ,17 ,1 ,2908 ,2908 ,129 ,174 ,185 ,217 ,322 ,550 ,701 ,379 ,206 ,42 ,3
인천광역시 옹진군 자월면(2872037000),967 ,967 ,14 ,20 ,69 ,45 ,82 ,177 ,280 ,173 ,91 ,15 ,1 ,524 ,524 ,12 ,9 ,39 ,26 ,57 ,110 ,144 ,91 ,33 ,3 ,0 ,443 ,443 ,2 ,11 ,30 ,19 ,25 ,67 ,136 ,82 ,58 ,12 ,1
인천광역시 옹진군 자월면이작출장소(2872037500),385 ,385 ,6 ,22 ,21 ,22 ,33 ,67 ,110 ,54 ,38 ,11 ,1 ,203 ,203 ,3 ,11 ,11 ,16 ,17 ,43 ,60 ,30 ,10 ,2 ,0 ,182 ,182 ,3 ,11 ,10 ,6 ,16 ,24 ,50 ,24 ,28 ,9 ,1
인천광역시 옹진군 연평면(2872038000),2129 ,2129 ,100 ,101 ,497 ,260 ,237 ,311 ,389 ,125 ,89 ,19 ,1 ,1354 ,1354 ,50 ,61 ,378 ,190 ,165 ,196 ,211 ,68 ,31 ,4 ,0 ,775 ,775 ,50 ,40 ,119 ,70 ,72 ,115 ,178 ,57 ,58 ,15 ,1
광주광역시  (2900000000),1426625 ,1426625 ,104384 ,149369 ,195616 ,175466 ,231717 ,238401 ,180963 ,96457 ,47506 ,6551 ,195 ,704974 ,704974 ,53453 ,77277 ,102073 ,90318 ,115316 ,118090 ,86448 ,42771 ,17752 ,1458 ,18 ,721651 ,721651 ,50931 ,72092 ,93543 ,85148 ,116401 ,120311 ,94515 ,53686 ,29754 ,5093 ,177
광주광역시 동구 (2911000000),106443 ,106443 ,7532 ,7533 ,14816 ,14199 ,14607 ,15772 ,15453 ,10202 ,5578 ,730 ,21 ,52470 ,52470 ,3887 ,3866 ,7595 ,7286 ,7673 ,7835 ,7280 ,4478 ,2361 ,207 ,2 ,53973 ,53973 ,3645 ,3667 ,7221 ,6913 ,6934 ,7937 ,8173 ,5724 ,3217 ,523 ,19
광주광역시 동구 충장동(2911052500),5260 ,5260 ,71 ,145 ,1653 ,861 ,487 ,617 ,710 ,485 ,200 ,30 ,1 ,2612 ,2612 ,43 ,62 ,642 ,458 ,284 ,374 ,378 ,266 ,90 ,15 ,0 ,2648 ,2648 ,28 ,83 ,1011 ,403 ,203 ,243 ,332 ,219 ,110 ,15 ,1
광주광역시 동구 동명동(2911054500),3707 ,3707 ,83 ,173 ,756 ,434 ,439 ,491 ,524 ,479 ,295 ,32 ,1 ,1852 ,1852 ,35 ,83 ,385 ,244 ,246 ,253 ,252 ,210 ,132 ,12 ,0 ,1855 ,1855 ,48 ,90 ,371 ,190 ,193 ,238 ,272 ,269 ,163 ,20 ,1
광주광역시 동구 계림1동(2911056000),10567 ,10567 ,894 ,579 ,1314 ,1779 ,1465 ,1636 ,1513 ,892 ,429 ,64 ,2 ,5554 ,5554 ,470 ,314 ,702 ,944 ,825 ,892 ,791 ,409 ,193 ,14 ,0 ,5013 ,5013 ,424 ,265 ,612 ,835 ,640 ,744 ,722 ,483 ,236 ,50 ,2
광주광역시 동구 계림2동(2911057000),13070 ,13070 ,1655 ,1138 ,1261 ,2294 ,2117 ,1648 ,1399 ,956 ,544 ,57 ,1 ,6386 ,6386 ,875 ,595 ,658 ,1130 ,1067 ,785 ,650 ,384 ,227 ,15 ,0 ,6684 ,6684 ,780 ,543 ,603 ,1164 ,1050 ,863 ,749 ,572 ,317 ,42 ,1
광주광역시 동구 산수1동(2911059000),8151 ,8151 ,450 ,635 ,1055 ,961 ,1132 ,1340 ,1225 ,827 ,466 ,59 ,1 ,4098 ,4098 ,238 ,319 ,590 ,491 ,621 ,680 ,609 ,352 ,179 ,19 ,0 ,4053 ,4053 ,212 ,316 ,465 ,470 ,511 ,660 ,616 ,475 ,287 ,40 ,1
광주광역시 동구 산수2동(2911060000),9996 ,9996 ,565 ,722 ,1132 ,1053 ,1315 ,1668 ,1692 ,1116 ,655 ,76 ,2 ,4853 ,4853 ,295 ,367 ,566 ,548 ,697 ,827 ,757 ,473 ,296 ,27 ,0 ,5143 ,5143 ,270 ,355 ,566 ,505 ,618 ,841 ,935 ,643 ,359 ,49 ,2
광주광역시 동구 지산1동(2911062000),4122 ,4122 ,132 ,309 ,901 ,421 ,509 ,589 ,587 ,397 ,250 ,26 ,1 ,2123 ,2123 ,82 ,166 ,510 ,244 ,284 ,283 ,290 ,159 ,101 ,4 ,0 ,1999 ,1999 ,50 ,143 ,391 ,177 ,225 ,306 ,297 ,238 ,149 ,22 ,1
광주광역시 동구 지산2동(2911063000),4336 ,4336 ,160 ,323 ,853 ,378 ,515 ,697 ,617 ,443 ,315 ,33 ,2 ,2232 ,2232 ,88 ,187 ,477 ,212 ,276 ,363 ,286 ,191 ,140 ,12 ,0 ,2104 ,2104 ,72 ,136 ,376 ,166 ,239 ,334 ,331 ,252 ,175 ,21 ,2
광주광역시 동구 서남동(2911065500),2953 ,2953 ,60 ,115 ,953 ,343 ,258 ,361 ,385 ,283 ,172 ,22 ,1 ,1571 ,1571 ,26 ,47 ,502 ,212 ,160 ,217 ,197 ,134 ,68 ,7 ,1 ,1382 ,1382 ,34 ,68 ,451 ,131 ,98 ,144 ,188 ,149 ,104 ,15 ,0
광주광역시 동구 학동(2911068500),7409 ,7409 ,613 ,531 ,956 ,941 ,1081 ,1079 ,1054 ,731 ,379 ,43 ,1 ,3526 ,3526 ,314 ,265 ,460 ,461 ,561 ,524 ,470 ,305 ,154 ,12 ,0 ,3883 ,3883 ,299 ,266 ,496 ,480 ,520 ,555 ,584 ,426 ,225 ,31 ,1
광주광역시 동구 학운동(2911071000),11155 ,11155 ,491 ,878 ,1205 ,952 ,1330 ,1707 ,2013 ,1518 ,918 ,139 ,4 ,5248 ,5248 ,248 ,462 ,644 ,487 ,620 ,812 ,885 ,647 ,395 ,48 ,0 ,5907 ,5907 ,243 ,416 ,561 ,465 ,710 ,895 ,1128 ,871 ,523 ,91 ,4
광주광역시 동구 지원1동(2911073000),9055 ,9055 ,640 ,746 ,1003 ,1143 ,1289 ,1441 ,1434 ,899 ,398 ,61 ,1 ,4415 ,4415 ,340 ,389 ,526 ,568 ,681 ,684 ,644 ,410 ,164 ,9 ,0 ,4640 ,4640 ,300 ,357 ,477 ,575 ,608 ,757 ,790 ,489 ,234 ,52 ,1
광주광역시 동구 지원2동(2911074000),16662 ,16662 ,1718 ,1239 ,1774 ,2639 ,2670 ,2498 ,2300 ,1176 ,557 ,88 ,3 ,8000 ,8000 ,833 ,610 ,933 ,1287 ,1351 ,1141 ,1071 ,538 ,222 ,13 ,1 ,8662 ,8662 ,885 ,629 ,841 ,1352 ,1319 ,1357 ,1229 ,638 ,335 ,75 ,2
광주광역시 서구 (2914000000),286574 ,286574 ,18225 ,28735 ,41988 ,34067 ,45258 ,49727 ,37581 ,20024 ,9570 ,1353 ,46 ,140253 ,140253 ,9376 ,15093 ,21539 ,17442 ,22117 ,24222 ,17624 ,8916 ,3601 ,320 ,3 ,146321 ,146321 ,8849 ,13642 ,20449 ,16625 ,23141 ,25505 ,19957 ,11108 ,5969 ,1033 ,43
광주광역시 서구 양동(2914057500),3380 ,3380 ,80 ,130 ,308 ,284 ,351 ,502 ,702 ,639 ,339 ,44 ,1 ,1673 ,1673 ,52 ,66 ,167 ,172 ,200 ,280 ,328 ,258 ,137 ,13 ,0 ,1707 ,1707 ,28 ,64 ,141 ,112 ,151 ,222 ,374 ,381 ,202 ,31 ,1
광주광역시 서구 양3동(2914059000),4355 ,4355 ,285 ,353 ,398 ,476 ,667 ,636 ,760 ,540 ,215 ,24 ,1 ,2121 ,2121 ,157 ,198 ,211 ,239 ,363 ,317 ,330 ,223 ,78 ,5 ,0 ,2234 ,2234 ,128 ,155 ,187 ,237 ,304 ,319 ,430 ,317 ,137 ,19 ,1
광주광역시 서구 농성1동(2914065000),11430 ,11430 ,594 ,614 ,1759 ,1643 ,1510 ,1846 ,1578 ,1194 ,609 ,79 ,4 ,5602 ,5602 ,305 ,339 ,834 ,852 ,797 ,952 ,722 ,540 ,241 ,19 ,1 ,5828 ,5828 ,289 ,275 ,925 ,791 ,713 ,894 ,856 ,654 ,368 ,60 ,3
광주광역시 서구 농성2동(2914066000),4576 ,4576 ,117 ,205 ,747 ,600 ,558 ,767 ,799 ,483 ,268 ,32 ,0 ,2394 ,2394 ,58 ,119 ,394 ,339 ,319 ,415 ,395 ,229 ,119 ,7 ,0 ,2182 ,2182 ,59 ,86 ,353 ,261 ,239 ,352 ,404 ,254 ,149 ,25 ,0
광주광역시 서구 광천동(2914073000),7470 ,7470 ,434 ,519 ,878 ,835 ,1106 ,1427 ,1227 ,681 ,313 ,49 ,1 ,3853 ,3853 ,227 ,272 ,462 ,456 ,621 ,761 ,598 ,317 ,126 ,13 ,0 ,3617 ,3617 ,207 ,247 ,416 ,379 ,485 ,666 ,629 ,364 ,187 ,36 ,1
광주광역시 서구 유덕동(2914074000),10589 ,10589 ,735 ,1147 ,1545 ,1348 ,1809 ,1956 ,1090 ,593 ,330 ,36 ,0 ,5422 ,5422 ,395 ,605 ,843 ,728 ,939 ,1027 ,543 ,217 ,120 ,5 ,0 ,5167 ,5167 ,340 ,542 ,702 ,620 ,870 ,929 ,547 ,376 ,210 ,31 ,0
광주광역시 서구 치평동(2914074500),29392 ,29392 ,1784 ,2754 ,5037 ,4116 ,4491 ,5382 ,3286 ,1538 ,896 ,107 ,1 ,13938 ,13938 ,862 ,1399 ,2411 ,2046 ,2128 ,2478 ,1598 ,651 ,327 ,38 ,0 ,15454 ,15454 ,922 ,1355 ,2626 ,2070 ,2363 ,2904 ,1688 ,887 ,569 ,69 ,1
광주광역시 서구 상무1동(2914075100),24194 ,24194 ,1375 ,2261 ,4466 ,3357 ,3769 ,3972 ,2825 ,1507 ,579 ,83 ,0 ,12117 ,12117 ,673 ,1091 ,2237 ,1861 ,1936 ,1994 ,1339 ,724 ,242 ,20 ,0 ,12077 ,12077 ,702 ,1170 ,2229 ,1496 ,1833 ,1978 ,1486 ,783 ,337 ,63 ,0
광주광역시 서구 상무2동(2914075200),22926 ,22926 ,923 ,1529 ,4093 ,2859 ,2935 ,3702 ,3587 ,2105 ,1039 ,150 ,4 ,11161 ,11161 ,466 ,826 ,1952 ,1544 ,1545 ,1820 ,1692 ,930 ,353 ,33 ,0 ,11765 ,11765 ,457 ,703 ,2141 ,1315 ,1390 ,1882 ,1895 ,1175 ,686 ,117 ,4
광주광역시 서구 화정1동(2914076000),15673 ,15673 ,718 ,1034 ,3002 ,2390 ,2158 ,2342 ,1994 ,1254 ,671 ,106 ,4 ,7483 ,7483 ,360 ,563 ,1359 ,1230 ,1109 ,1129 ,889 ,539 ,275 ,30 ,0 ,8190 ,8190 ,358 ,471 ,1643 ,1160 ,1049 ,1213 ,1105 ,715 ,396 ,76 ,4
광주광역시 서구 화정2동(2914077000),19930 ,19930 ,2048 ,2537 ,2010 ,2439 ,3833 ,2754 ,2414 ,1315 ,519 ,58 ,3 ,9974 ,9974 ,1083 ,1490 ,1105 ,1169 ,1885 ,1326 ,1092 ,610 ,206 ,8 ,0 ,9956 ,9956 ,965 ,1047 ,905 ,1270 ,1948 ,1428 ,1322 ,705 ,313 ,50 ,3
광주광역시 서구 화정3동(2914078000),9442 ,9442 ,428 ,866 ,1363 ,971 ,1235 ,1601 ,1603 ,882 ,421 ,68 ,4 ,4593 ,4593 ,236 ,464 ,743 ,505 ,601 ,748 ,707 ,397 ,174 ,18 ,0 ,4849 ,4849 ,192 ,402 ,620 ,466 ,634 ,853 ,896 ,485 ,247 ,50 ,4
광주광역시 서구 화정4동(2914079000),19388 ,19388 ,1661 ,1850 ,2422 ,2430 ,2886 ,2952 ,3099 ,1436 ,557 ,92 ,3 ,9356 ,9356 ,878 ,978 ,1275 ,1243 ,1376 ,1303 ,1390 ,690 ,201 ,21 ,1 ,10032 ,10032 ,783 ,872 ,1147 ,1187 ,1510 ,1649 ,1709 ,746 ,356 ,71 ,2
광주광역시 서구 서창동(2914080000),5677 ,5677 ,351 ,397 ,620 ,604 ,678 ,1187 ,1033 ,466 ,281 ,58 ,2 ,2949 ,2949 ,177 ,209 ,361 ,313 ,357 ,631 ,559 ,240 ,94 ,8 ,0 ,2728 ,2728 ,174 ,188 ,259 ,291 ,321 ,556 ,474 ,226 ,187 ,50 ,2
광주광역시 서구 금호1동(2914082100),19798 ,19798 ,1066 ,1939 ,2613 ,1958 ,2775 ,3794 ,3272 ,1541 ,743 ,93 ,4 ,9415 ,9415 ,573 ,1020 ,1447 ,961 ,1270 ,1703 ,1518 ,682 ,223 ,18 ,0 ,10383 ,10383 ,493 ,919 ,1166 ,997 ,1505 ,2091 ,1754 ,859 ,520 ,75 ,4
광주광역시 서구 금호2동(2914082400),27361 ,27361 ,2065 ,3770 ,3829 ,2719 ,4981 ,5394 ,2719 ,1237 ,557 ,84 ,6 ,13370 ,13370 ,1083 ,1900 ,2071 ,1329 ,2252 ,2650 ,1314 ,550 ,201 ,20 ,0 ,13991 ,13991 ,982 ,1870 ,1758 ,1390 ,2729 ,2744 ,1405 ,687 ,356 ,64 ,6
광주광역시 서구 풍암동(2914083000),35307 ,35307 ,2355 ,4465 ,5082 ,3648 ,6403 ,6785 ,3721 ,1784 ,932 ,126 ,6 ,17382 ,17382 ,1189 ,2368 ,2691 ,1809 ,2979 ,3374 ,1800 ,769 ,373 ,29 ,1 ,17925 ,17925 ,1166 ,2097 ,2391 ,1839 ,3424 ,3411 ,1921 ,1015 ,559 ,97 ,5
광주광역시 서구 동천동(2914084000),15686 ,15686 ,1206 ,2365 ,1816 ,1390 ,3113 ,2728 ,1872 ,829 ,301 ,64 ,2 ,7450 ,7450 ,602 ,1186 ,976 ,646 ,1440 ,1314 ,810 ,350 ,111 ,15 ,0 ,8236 ,8236 ,604 ,1179 ,840 ,744 ,1673 ,1414 ,1062 ,479 ,190 ,49 ,2
광주광역시 남구 (2915500000),211329 ,211329 ,15390 ,22552 ,25405 ,23742 ,33822 ,32687 ,29677 ,18107 ,8691 ,1216 ,40 ,101391 ,101391 ,7846 ,11275 ,13001 ,11865 ,16605 ,15676 ,13486 ,7965 ,3390 ,275 ,7 ,109938 ,109938 ,7544 ,11277 ,12404 ,11877 ,17217 ,17011 ,16191 ,10142 ,5301 ,941 ,33
광주광역시 남구 양림동(2915551000),6718 ,6718 ,343 ,705 ,750 ,542 ,936 ,1097 ,989 ,864 ,439 ,52 ,1 ,3029 ,3029 ,163 ,322 ,386 ,260 ,441 ,510 ,407 ,347 ,176 ,17 ,0 ,3689 ,3689 ,180 ,383 ,364 ,282 ,495 ,587 ,582 ,517 ,263 ,35 ,1
광주광역시 남구 방림1동(2915552000),6703 ,6703 ,483 ,658 ,776 ,762 ,1078 ,1022 ,920 ,655 ,321 ,27 ,1 ,3187 ,3187 ,252 ,331 ,386 ,370 ,531 ,513 ,398 ,277 ,120 ,9 ,0 ,3516 ,3516 ,231 ,327 ,390 ,392 ,547 ,509 ,522 ,378 ,201 ,18 ,1
광주광역시 남구 방림2동(2915553000),8383 ,8383 ,378 ,645 ,1055 ,726 ,1095 ,1384 ,1407 ,1097 ,513 ,80 ,3 ,3976 ,3976 ,196 ,326 ,570 ,386 ,555 ,648 ,607 ,467 ,199 ,22 ,0 ,4407 ,4407 ,182 ,319 ,485 ,340 ,540 ,736 ,800 ,630 ,314 ,58 ,3
광주광역시 남구 봉선1동(2915553700),12915 ,12915 ,703 ,1256 ,1732 ,1392 ,1934 ,2045 ,1937 ,1144 ,667 ,104 ,1 ,6053 ,6053 ,374 ,648 ,872 ,714 ,932 ,945 ,849 ,458 ,235 ,26 ,0 ,6862 ,6862 ,329 ,608 ,860 ,678 ,1002 ,1100 ,1088 ,686 ,432 ,78 ,1
광주광역시 남구 봉선2동(2915553800),27924 ,27924 ,2592 ,4909 ,2760 ,2386 ,5536 ,4260 ,3040 ,1517 ,800 ,120 ,4 ,13001 ,13001 ,1281 ,2482 ,1440 ,1023 ,2452 ,1989 ,1346 ,668 ,291 ,29 ,0 ,14923 ,14923 ,1311 ,2427 ,1320 ,1363 ,3084 ,2271 ,1694 ,849 ,509 ,91 ,4
광주광역시 남구 사직동(2915554500),4845 ,4845 ,219 ,240 ,572 ,567 ,636 ,778 ,803 ,643 ,353 ,32 ,2 ,2518 ,2518 ,110 ,133 ,289 ,314 ,377 ,441 ,411 ,288 ,143 ,12 ,0 ,2327 ,2327 ,109 ,107 ,283 ,253 ,259 ,337 ,392 ,355 ,210 ,20 ,2
광주광역시 남구 월산동(2915560500),8764 ,8764 ,596 ,512 ,929 ,1164 ,1243 ,1339 ,1333 ,1049 ,530 ,68 ,1 ,4444 ,4444 ,306 ,279 ,509 ,627 ,728 ,699 ,640 ,432 ,213 ,11 ,0 ,4320 ,4320 ,290 ,233 ,420 ,537 ,515 ,640 ,693 ,617 ,317 ,57 ,1
광주광역시 남구 월산4동(2915563000),8277 ,8277 ,280 ,516 ,1069 ,940 ,1095 ,1397 ,1501 ,986 ,442 ,49 ,2 ,4243 ,4243 ,141 ,286 ,559 ,534 ,637 ,749 ,696 ,449 ,183 ,9 ,0 ,4034 ,4034 ,139 ,230 ,510 ,406 ,458 ,648 ,805 ,537 ,259 ,40 ,2
광주광역시 남구 월산5동(2915564000),6126 ,6126 ,188 ,313 ,853 ,642 ,761 ,1043 ,1223 ,756 ,306 ,40 ,1 ,3042 ,3042 ,95 ,167 ,446 ,363 ,441 ,513 ,557 ,338 ,114 ,8 ,0 ,3084 ,3084 ,93 ,146 ,407 ,279 ,320 ,530 ,666 ,418 ,192 ,32 ,1
광주광역시 남구 백운1동(2915567000),11841 ,11841 ,739 ,1128 ,1390 ,1157 ,1831 ,1843 ,1936 ,1171 ,560 ,85 ,1 ,5566 ,5566 ,390 ,546 ,718 ,574 ,887 ,854 ,852 ,487 ,238 ,20 ,0 ,6275 ,6275 ,349 ,582 ,672 ,583 ,944 ,989 ,1084 ,684 ,322 ,65 ,1
광주광역시 남구 백운2동(2915568000),6337 ,6337 ,437 ,395 ,983 ,867 ,856 ,929 ,924 ,596 ,308 ,41 ,1 ,3132 ,3132 ,221 ,202 ,429 ,460 ,465 ,483 ,441 ,278 ,144 ,9 ,0 ,3205 ,3205 ,216 ,193 ,554 ,407 ,391 ,446 ,483 ,318 ,164 ,32 ,1
광주광역시 남구 주월1동(2915569000),21361 ,21361 ,1469 ,2245 ,2808 ,2468 ,3438 ,3539 ,3012 ,1650 ,640 ,89 ,3 ,10353 ,10353 ,755 ,1171 ,1411 ,1240 ,1686 ,1678 ,1387 ,756 ,252 ,15 ,2 ,11008 ,11008 ,714 ,1074 ,1397 ,1228 ,1752 ,1861 ,1625 ,894 ,388 ,74 ,1
광주광역시 남구 주월2동(2915570000),7721 ,7721 ,359 ,529 ,920 ,804 ,1060 ,1267 ,1425 ,919 ,382 ,50 ,6 ,3824 ,3824 ,171 ,279 ,508 ,436 ,558 ,607 ,638 ,454 ,156 ,16 ,1 ,3897 ,3897 ,188 ,250 ,412 ,368 ,502 ,660 ,787 ,465 ,226 ,34 ,5
광주광역시 남구 진월동(2915570500),28362 ,28362 ,1789 ,3905 ,3878 ,2667 ,4572 ,4696 ,3613 ,2101 ,1007 ,130 ,4 ,13236 ,13236 ,888 ,1798 ,2028 ,1270 ,2042 ,2164 ,1659 ,919 ,432 ,33 ,3 ,15126 ,15126 ,901 ,2107 ,1850 ,1397 ,2530 ,2532 ,1954 ,1182 ,575 ,97 ,1
광주광역시 남구 효덕동(2915571000),15626 ,15626 ,1290 ,1698 ,1958 ,2032 ,2642 ,2137 ,2103 ,1215 ,469 ,76 ,6 ,7475 ,7475 ,671 ,853 ,956 ,993 ,1289 ,1010 ,935 ,574 ,180 ,14 ,0 ,8151 ,8151 ,619 ,845 ,1002 ,1039 ,1353 ,1127 ,1168 ,641 ,289 ,62 ,6
광주광역시 남구 송암동(2915572000),21227 ,21227 ,2885 ,2355 ,2296 ,3469 ,4006 ,2744 ,2153 ,877 ,372 ,68 ,2 ,10274 ,10274 ,1520 ,1184 ,1112 ,1686 ,1991 ,1271 ,977 ,396 ,132 ,5 ,0 ,10953 ,10953 ,1365 ,1171 ,1184 ,1783 ,2015 ,1473 ,1176 ,481 ,240 ,63 ,2
광주광역시 남구 대촌동(2915573000),8199 ,8199 ,640 ,543 ,676 ,1157 ,1103 ,1167 ,1358 ,867 ,582 ,105 ,1 ,4038 ,4038 ,312 ,268 ,382 ,615 ,593 ,602 ,686 ,377 ,182 ,20 ,1 ,4161 ,4161 ,328 ,275 ,294 ,542 ,510 ,565 ,672 ,490 ,400 ,85 ,0
광주광역시 북구 (2917000000),423338 ,423338 ,29919 ,40425 ,57249 ,53157 ,65179 ,71079 ,58946 ,30622 ,14702 ,2002 ,58 ,209591 ,209591 ,15238 ,21222 ,30140 ,27643 ,32869 ,34894 ,27935 ,13701 ,5497 ,448 ,4 ,213747 ,213747 ,14681 ,19203 ,27109 ,25514 ,32310 ,36185 ,31011 ,16921 ,9205 ,1554 ,54
광주광역시 북구 중흥1동(2917051000),4487 ,4487 ,203 ,152 ,690 ,904 ,607 ,595 ,671 ,432 ,210 ,22 ,1 ,2329 ,2329 ,96 ,69 ,298 ,487 ,376 ,346 ,349 ,214 ,84 ,10 ,0 ,2158 ,2158 ,107 ,83 ,392 ,417 ,231 ,249 ,322 ,218 ,126 ,12 ,1
광주광역시 북구 중흥2동(2917052000),8402 ,8402 ,568 ,608 ,1574 ,1071 ,1105 ,1171 ,1066 ,775 ,414 ,49 ,1 ,4266 ,4266 ,286 ,318 ,794 ,590 ,582 ,619 ,526 ,351 ,182 ,18 ,0 ,4136 ,4136 ,282 ,290 ,780 ,481 ,523 ,552 ,540 ,424 ,232 ,31 ,1
광주광역시 북구 중흥3동(2917053000),6553 ,6553 ,497 ,438 ,1118 ,1111 ,1011 ,880 ,702 ,518 ,247 ,31 ,0 ,3363 ,3363 ,251 ,225 ,574 ,613 ,559 ,480 ,335 ,212 ,105 ,9 ,0 ,3190 ,3190 ,246 ,213 ,544 ,498 ,452 ,400 ,367 ,306 ,142 ,22 ,0
광주광역시 북구 중앙동(2917055500),3955 ,3955 ,238 ,182 ,573 ,599 ,560 ,636 ,620 ,338 ,177 ,30 ,2 ,2073 ,2073 ,130 ,96 ,274 ,329 ,309 ,355 ,339 ,159 ,75 ,7 ,0 ,1882 ,1882 ,108 ,86 ,299 ,270 ,251 ,281 ,281 ,179 ,102 ,23 ,2
광주광역시 북구 임동(2917057000),9142 ,9142 ,681 ,539 ,1197 ,1430 ,1270 ,1352 ,1330 ,911 ,386 ,45 ,1 ,4494 ,4494 ,353 ,281 ,594 ,717 ,681 ,678 ,589 ,416 ,176 ,9 ,0 ,4648 ,4648 ,328 ,258 ,603 ,713 ,589 ,674 ,741 ,495 ,210 ,36 ,1
광주광역시 북구 신안동(2917058000),12467 ,12467 ,505 ,617 ,2243 ,2028 ,1623 ,1932 ,1807 ,1101 ,566 ,44 ,1 ,6553 ,6553 ,259 ,313 ,1141 ,1178 ,968 ,1022 ,928 ,505 ,233 ,6 ,0 ,5914 ,5914 ,246 ,304 ,1102 ,850 ,655 ,910 ,879 ,596 ,333 ,38 ,1
광주광역시 북구 용봉동(2917059000),37568 ,37568 ,2265 ,3422 ,7011 ,4579 ,5151 ,6457 ,5018 ,2438 ,1092 ,132 ,3 ,18670 ,18670 ,1135 ,1772 ,3719 ,2456 ,2605 ,3048 ,2362 ,1098 ,438 ,37 ,0 ,18898 ,18898 ,1130 ,1650 ,3292 ,2123 ,2546 ,3409 ,2656 ,1340 ,654 ,95 ,3
광주광역시 북구 운암1동(2917060100),18730 ,18730 ,1470 ,2178 ,2247 ,1981 ,3023 ,3042 ,2780 ,1447 ,505 ,57 ,0 ,9028 ,9028 ,753 ,1121 ,1161 ,947 ,1411 ,1432 ,1274 ,689 ,229 ,11 ,0 ,9702 ,9702 ,717 ,1057 ,1086 ,1034 ,1612 ,1610 ,1506 ,758 ,276 ,46 ,0
광주광역시 북구 운암2동(2917060200),11373 ,11373 ,388 ,795 ,1485 ,1217 ,1541 ,1939 ,2091 ,1247 ,597 ,69 ,4 ,5772 ,5772 ,184 ,404 ,788 ,694 ,827 ,1040 ,987 ,575 ,251 ,22 ,0 ,5601 ,5601 ,204 ,391 ,697 ,523 ,714 ,899 ,1104 ,672 ,346 ,47 ,4
광주광역시 북구 운암3동(2917060300),13368 ,13368 ,912 ,1393 ,1754 ,1604 ,1886 ,2277 ,2137 ,919 ,404 ,80 ,2 ,6388 ,6388 ,439 ,734 ,959 ,810 ,866 ,1021 ,982 ,418 ,144 ,15 ,0 ,6980 ,6980 ,473 ,659 ,795 ,794 ,1020 ,1256 ,1155 ,501 ,260 ,65 ,2
광주광역시 북구 동림동(2917061500),22710 ,22710 ,1880 ,2138 ,2706 ,3138 ,3799 ,3802 ,3082 ,1476 ,607 ,79 ,3 ,11125 ,11125 ,956 ,1157 ,1449 ,1574 ,1918 ,1769 ,1381 ,663 ,238 ,19 ,1 ,11585 ,11585 ,924 ,981 ,1257 ,1564 ,1881 ,2033 ,1701 ,813 ,369 ,60 ,2
광주광역시 북구 우산동(2917062000),15308 ,15308 ,1254 ,1211 ,1581 ,2063 ,2274 ,2185 ,2357 ,1559 ,719 ,104 ,1 ,7488 ,7488 ,643 ,622 ,811 ,1062 ,1204 ,1114 ,1071 ,684 ,263 ,14 ,0 ,7820 ,7820 ,611 ,589 ,770 ,1001 ,1070 ,1071 ,1286 ,875 ,456 ,90 ,1
광주광역시 북구 풍향동(2917063500),5420 ,5420 ,454 ,481 ,644 ,655 ,856 ,866 ,746 ,447 ,240 ,29 ,2 ,2696 ,2696 ,223 ,241 ,344 ,354 ,446 ,447 ,355 ,200 ,83 ,3 ,0 ,2724 ,2724 ,231 ,240 ,300 ,301 ,410 ,419 ,391 ,247 ,157 ,26 ,2
광주광역시 북구 문화동(2917065000),20081 ,20081 ,1490 ,1528 ,2292 ,2789 ,2793 ,3243 ,3233 ,1753 ,836 ,117 ,7 ,9830 ,9830 ,761 ,815 ,1194 ,1413 ,1450 ,1574 ,1523 ,774 ,303 ,22 ,1 ,10251 ,10251 ,729 ,713 ,1098 ,1376 ,1343 ,1669 ,1710 ,979 ,533 ,95 ,6
광주광역시 북구 문흥1동(2917065600),15606 ,15606 ,947 ,1706 ,2059 ,1521 ,2283 ,2862 ,2503 ,1112 ,553 ,58 ,2 ,7604 ,7604 ,444 ,885 ,1127 ,816 ,1035 ,1345 ,1223 ,508 ,203 ,18 ,0 ,8002 ,8002 ,503 ,821 ,932 ,705 ,1248 ,1517 ,1280 ,604 ,350 ,40 ,2
광주광역시 북구 문흥2동(2917065700),15125 ,15125 ,802 ,1341 ,2349 ,1798 ,2198 ,2444 ,2274 ,1179 ,647 ,91 ,2 ,7183 ,7183 ,415 ,693 ,1203 ,957 ,1065 ,1146 ,965 ,477 ,234 ,27 ,1 ,7942 ,7942 ,387 ,648 ,1146 ,841 ,1133 ,1298 ,1309 ,702 ,413 ,64 ,1
광주광역시 북구 두암1동(2917066100),7375 ,7375 ,235 ,512 ,1010 ,698 ,872 ,1281 ,1350 ,942 ,422 ,51 ,2 ,3643 ,3643 ,125 ,276 ,510 ,390 ,461 ,639 ,623 ,411 ,186 ,22 ,0 ,3732 ,3732 ,110 ,236 ,500 ,308 ,411 ,642 ,727 ,531 ,236 ,29 ,2
광주광역시 북구 두암2동(2917066200),15386 ,15386 ,631 ,1228 ,2012 ,1585 ,2029 ,2746 ,2817 ,1597 ,638 ,101 ,2 ,7572 ,7572 ,315 ,645 ,1041 ,847 ,1059 ,1347 ,1292 ,740 ,268 ,18 ,0 ,7814 ,7814 ,316 ,583 ,971 ,738 ,970 ,1399 ,1525 ,857 ,370 ,83 ,2
광주광역시 북구 두암3동(2917066300),12709 ,12709 ,350 ,664 ,1370 ,1141 ,1303 ,2337 ,2852 ,1667 ,894 ,130 ,1 ,6072 ,6072 ,180 ,351 ,716 ,608 ,699 ,1156 ,1374 ,689 ,269 ,30 ,0 ,6637 ,6637 ,170 ,313 ,654 ,533 ,604 ,1181 ,1478 ,978 ,625 ,100 ,1
광주광역시 북구 삼각동(2917066600),13525 ,13525 ,813 ,1507 ,1987 ,1565 ,2165 ,2666 ,1693 ,740 ,341 ,46 ,2 ,6968 ,6968 ,444 ,854 ,1121 ,832 ,1060 ,1345 ,841 ,335 ,128 ,8 ,0 ,6557 ,6557 ,369 ,653 ,866 ,733 ,1105 ,1321 ,852 ,405 ,213 ,38 ,2
광주광역시 북구 일곡동(2917066900),28592 ,28592 ,1947 ,4098 ,4206 ,2798 ,4860 ,5769 ,2895 ,1178 ,729 ,109 ,3 ,13937 ,13937 ,996 ,2230 ,2278 ,1363 ,2111 ,2810 ,1394 ,481 ,243 ,31 ,0 ,14655 ,14655 ,951 ,1868 ,1928 ,1435 ,2749 ,2959 ,1501 ,697 ,486 ,78 ,3
광주광역시 북구 매곡동(2917067300),13485 ,13485 ,984 ,1561 ,1805 ,1524 ,2053 ,2439 ,1794 ,802 ,442 ,77 ,4 ,6568 ,6568 ,530 ,838 ,974 ,750 ,965 ,1111 ,845 ,378 ,158 ,18 ,1 ,6917 ,6917 ,454 ,723 ,831 ,774 ,1088 ,1328 ,949 ,424 ,284 ,59 ,3
광주광역시 북구 오치1동(2917067600),10302 ,10302 ,441 ,897 ,1488 ,1154 ,1411 ,1980 ,1674 ,829 ,378 ,50 ,0 ,5257 ,5257 ,221 ,473 ,800 ,644 ,740 ,1016 ,832 ,388 ,129 ,14 ,0 ,5045 ,5045 ,220 ,424 ,688 ,510 ,671 ,964 ,842 ,441 ,249 ,36 ,0
광주광역시 북구 오치2동(2917067700),11911 ,11911 ,444 ,687 ,1590 ,1403 ,1447 ,2127 ,2337 ,1129 ,648 ,96 ,3 ,5812 ,5812 ,206 ,380 ,837 ,758 ,776 ,1027 ,1107 ,506 ,203 ,12 ,0 ,6099 ,6099 ,238 ,307 ,753 ,645 ,671 ,1100 ,1230 ,623 ,445 ,84 ,3
광주광역시 북구 석곡동(2917068500),2363 ,2363 ,62 ,103 ,187 ,185 ,197 ,432 ,574 ,354 ,233 ,35 ,1 ,1212 ,1212 ,27 ,54 ,115 ,105 ,116 ,242 ,309 ,161 ,77 ,6 ,0 ,1151 ,1151 ,35 ,49 ,72 ,80 ,81 ,190 ,265 ,193 ,156 ,29 ,1
광주광역시 북구 건국동(2917069500),21647 ,21647 ,2362 ,2546 ,2450 ,2999 ,3928 ,3465 ,2223 ,1045 ,539 ,87 ,3 ,10938 ,10938 ,1258 ,1301 ,1309 ,1495 ,1982 ,1779 ,1142 ,482 ,178 ,12 ,0 ,10709 ,10709 ,1104 ,1245 ,1141 ,1504 ,1946 ,1686 ,1081 ,563 ,361 ,75 ,3
광주광역시 북구 양산동(2917069600),36626 ,36626 ,3360 ,3917 ,4686 ,5165 ,6412 ,6095 ,4108 ,1850 ,898 ,132 ,3 ,18385 ,18385 ,1722 ,2022 ,2464 ,2696 ,3339 ,3003 ,1987 ,820 ,307 ,25 ,0 ,18241 ,18241 ,1638 ,1895 ,2222 ,2469 ,3073 ,3092 ,2121 ,1030 ,591 ,107 ,3
광주광역시 북구 신용동(2917069700),29122 ,29122 ,3736 ,3976 ,2935 ,4452 ,6522 ,4059 ,2212 ,837 ,340 ,51 ,2 ,14365 ,14365 ,1886 ,2052 ,1545 ,2158 ,3259 ,1983 ,1000 ,367 ,110 ,5 ,0 ,14757 ,14757 ,1850 ,1924 ,1390 ,2294 ,3263 ,2076 ,1212 ,470 ,230 ,46 ,2
광주광역시 광산구 (2920000000),398941 ,398941 ,33318 ,50124 ,56158 ,50301 ,72851 ,69136 ,39306 ,17502 ,8965 ,1250 ,30 ,201269 ,201269 ,17106 ,25821 ,29798 ,26082 ,36052 ,35463 ,20123 ,7711 ,2903 ,208 ,2 ,197672 ,197672 ,16212 ,24303 ,26360 ,24219 ,36799 ,33673 ,19183 ,9791 ,6062 ,1042 ,28
광주광역시 광산구 송정1동(2920051500),10526 ,10526 ,537 ,1002 ,1629 ,1068 ,1638 ,1901 ,1424 ,871 ,405 ,51 ,0 ,5359 ,5359 ,287 ,532 ,922 ,557 ,849 ,993 ,694 ,359 ,154 ,12 ,0 ,5167 ,5167 ,250 ,470 ,707 ,511 ,789 ,908 ,730 ,512 ,251 ,39 ,0
광주광역시 광산구 송정2동(2920052500),6306 ,6306 ,299 ,322 ,911 ,861 ,770 ,1064 ,930 ,745 ,363 ,40 ,1 ,3107 ,3107 ,152 ,168 ,452 ,478 ,417 ,546 ,427 ,319 ,140 ,7 ,1 ,3199 ,3199 ,147 ,154 ,459 ,383 ,353 ,518 ,503 ,426 ,223 ,33 ,0
광주광역시 광산구 도산동(2920054000),14734 ,14734 ,1199 ,1446 ,1992 ,1910 ,2424 ,2537 ,1706 ,989 ,479 ,51 ,1 ,7459 ,7459 ,618 ,763 ,1124 ,961 ,1280 ,1284 ,826 ,420 ,175 ,8 ,0 ,7275 ,7275 ,581 ,683 ,868 ,949 ,1144 ,1253 ,880 ,569 ,304 ,43 ,1
광주광역시 광산구 신흥동(2920055000),4395 ,4395 ,248 ,380 ,553 ,463 ,636 ,745 ,693 ,438 ,211 ,24 ,4 ,2224 ,2224 ,132 ,195 ,315 ,265 ,332 ,370 ,334 ,190 ,85 ,6 ,0 ,2171 ,2171 ,116 ,185 ,238 ,198 ,304 ,375 ,359 ,248 ,126 ,18 ,4
광주광역시 광산구 어룡동(2920056500),33228 ,33228 ,3565 ,3853 ,3788 ,4907 ,6373 ,5073 ,3402 ,1471 ,687 ,107 ,2 ,17041 ,17041 ,1848 ,1957 ,2094 ,2505 ,3431 ,2609 ,1670 ,675 ,239 ,13 ,0 ,16187 ,16187 ,1717 ,1896 ,1694 ,2402 ,2942 ,2464 ,1732 ,796 ,448 ,94 ,2
광주광역시 광산구 우산동(2920058000),29503 ,29503 ,2381 ,2136 ,3880 ,4745 ,4369 ,5226 ,3995 ,1695 ,931 ,143 ,2 ,15007 ,15007 ,1256 ,1087 ,2037 ,2576 ,2299 ,2652 ,2060 ,770 ,253 ,17 ,0 ,14496 ,14496 ,1125 ,1049 ,1843 ,2169 ,2070 ,2574 ,1935 ,925 ,678 ,126 ,2
광주광역시 광산구 월곡1동(2920060000),10190 ,10190 ,563 ,965 ,1541 ,1193 ,1371 ,2052 ,1575 ,605 ,280 ,45 ,0 ,5195 ,5195 ,299 ,519 ,825 ,666 ,689 ,999 ,800 ,297 ,92 ,9 ,0 ,4995 ,4995 ,264 ,446 ,716 ,527 ,682 ,1053 ,775 ,308 ,188 ,36 ,0
광주광역시 광산구 월곡2동(2920061000),14698 ,14698 ,813 ,1713 ,2133 ,1538 ,2372 ,2947 ,1983 ,798 ,361 ,39 ,1 ,7367 ,7367 ,418 ,880 ,1101 ,810 ,1144 ,1498 ,997 ,380 ,130 ,9 ,0 ,7331 ,7331 ,395 ,833 ,1032 ,728 ,1228 ,1449 ,986 ,418 ,231 ,30 ,1
광주광역시 광산구 비아동(2920062000),7452 ,7452 ,593 ,780 ,869 ,796 ,1335 ,1501 ,881 ,417 ,241 ,39 ,0 ,3934 ,3934 ,316 ,408 ,497 ,427 ,714 ,838 ,474 ,181 ,71 ,8 ,0 ,3518 ,3518 ,277 ,372 ,372 ,369 ,621 ,663 ,407 ,236 ,170 ,31 ,0
광주광역시 광산구 첨단1동(2920062400),27114 ,27114 ,1870 ,3122 ,4635 ,3668 ,3994 ,5467 ,2969 ,842 ,478 ,68 ,1 ,13512 ,13512 ,968 ,1548 ,2458 ,1953 ,1848 ,2562 ,1620 ,376 ,168 ,11 ,0 ,13602 ,13602 ,902 ,1574 ,2177 ,1715 ,2146 ,2905 ,1349 ,466 ,310 ,57 ,1
광주광역시 광산구 첨단2동(2920062600),42295 ,42295 ,3083 ,5110 ,7634 ,5670 ,7263 ,8065 ,3545 ,1170 ,664 ,89 ,2 ,21349 ,21349 ,1581 ,2663 ,3986 ,3033 ,3452 ,4042 ,1878 ,520 ,182 ,12 ,0 ,20946 ,20946 ,1502 ,2447 ,3648 ,2637 ,3811 ,4023 ,1667 ,650 ,482 ,77 ,2
광주광역시 광산구 신가동(2920063000),19311 ,19311 ,1952 ,2848 ,2650 ,2249 ,3891 ,3443 ,1374 ,605 ,272 ,27 ,0 ,9800 ,9800 ,1004 ,1488 ,1381 ,1159 ,1884 ,1836 ,702 ,251 ,89 ,6 ,0 ,9511 ,9511 ,948 ,1360 ,1269 ,1090 ,2007 ,1607 ,672 ,354 ,183 ,21 ,0
광주광역시 광산구 운남동(2920063500),29803 ,29803 ,2270 ,3578 ,4251 ,3502 ,5338 ,5693 ,2991 ,1379 ,707 ,91 ,3 ,14510 ,14510 ,1131 ,1890 ,2159 ,1744 ,2597 ,2747 ,1477 ,517 ,223 ,25 ,0 ,15293 ,15293 ,1139 ,1688 ,2092 ,1758 ,2741 ,2946 ,1514 ,862 ,484 ,66 ,3
광주광역시 광산구 수완동(2920063700),75661 ,75661 ,7783 ,13693 ,9692 ,8342 ,17332 ,11559 ,4604 ,1884 ,670 ,100 ,2 ,37290 ,37290 ,3987 ,6902 ,5026 ,3928 ,8106 ,6088 ,2259 ,774 ,211 ,9 ,0 ,38371 ,38371 ,3796 ,6791 ,4666 ,4414 ,9226 ,5471 ,2345 ,1110 ,459 ,91 ,2
광주광역시 광산구 하남동(2920064000),26708 ,26708 ,2765 ,3508 ,3687 ,3825 ,5403 ,4096 ,2328 ,744 ,302 ,49 ,1 ,13819 ,13819 ,1412 ,1833 ,2007 ,1993 ,2802 ,2091 ,1231 ,348 ,96 ,6 ,0 ,12889 ,12889 ,1353 ,1675 ,1680 ,1832 ,2601 ,2005 ,1097 ,396 ,206 ,43 ,1
광주광역시 광산구 임곡동(2920065000),2030 ,2030 ,44 ,107 ,127 ,124 ,154 ,337 ,509 ,309 ,268 ,49 ,2 ,1064 ,1064 ,16 ,54 ,79 ,77 ,97 ,202 ,296 ,147 ,93 ,3 ,0 ,966 ,966 ,28 ,53 ,48 ,47 ,57 ,135 ,213 ,162 ,175 ,46 ,2
광주광역시 광산구 동곡동(2920066000),1738 ,1738 ,28 ,60 ,126 ,120 ,154 ,286 ,407 ,320 ,214 ,23 ,0 ,913 ,913 ,15 ,37 ,74 ,77 ,100 ,165 ,231 ,150 ,63 ,1 ,0 ,825 ,825 ,13 ,23 ,52 ,43 ,54 ,121 ,176 ,170 ,151 ,22 ,0
광주광역시 광산구 평동(2920067000),4907 ,4907 ,170 ,199 ,539 ,623 ,625 ,812 ,932 ,579 ,368 ,57 ,3 ,2726 ,2726 ,82 ,116 ,335 ,377 ,404 ,478 ,517 ,289 ,114 ,14 ,0 ,2181 ,2181 ,88 ,83 ,204 ,246 ,221 ,334 ,415 ,290 ,254 ,43 ,3
광주광역시 광산구 삼도동(2920068000),2163 ,2163 ,42 ,116 ,132 ,133 ,187 ,347 ,501 ,355 ,293 ,55 ,2 ,1129 ,1129 ,17 ,60 ,89 ,81 ,108 ,218 ,292 ,178 ,75 ,11 ,0 ,1034 ,1034 ,25 ,56 ,43 ,52 ,79 ,129 ,209 ,177 ,218 ,44 ,2
광주광역시 광산구 본량동(2920069000),1932 ,1932 ,20 ,90 ,109 ,116 ,187 ,311 ,405 ,336 ,321 ,37 ,0 ,980 ,980 ,8 ,50 ,60 ,63 ,112 ,197 ,235 ,146 ,99 ,10 ,0 ,952 ,952 ,12 ,40 ,49 ,53 ,75 ,114 ,170 ,190 ,222 ,27 ,0
광주광역시 광산구 신창동(2920070000),34247 ,34247 ,3093 ,5096 ,5280 ,4448 ,7035 ,5674 ,2152 ,950 ,450 ,66 ,3 ,17484 ,17484 ,1559 ,2671 ,2777 ,2352 ,3387 ,3048 ,1103 ,424 ,151 ,11 ,1 ,16763 ,16763 ,1534 ,2425 ,2503 ,2096 ,3648 ,2626 ,1049 ,526 ,299 ,55 ,2
대전광역시  (3000000000),1445214 ,1445214 ,100312 ,139408 ,202439 ,187591 ,224690 ,239649 ,200056 ,96329 ,47775 ,6773 ,192 ,720934 ,720934 ,51589 ,71901 ,106236 ,98846 ,112032 ,119599 ,96973 ,44275 ,17824 ,1629 ,30 ,724280 ,724280 ,48723 ,67507 ,96203 ,88745 ,112658 ,120050 ,103083 ,52054 ,29951 ,5144 ,162
대전광역시 동구 (3011000000),219272 ,219272 ,12855 ,19293 ,28919 ,24373 ,32034 ,35866 ,35217 ,19534 ,9872 ,1272 ,37 ,110471 ,110471 ,6688 ,9888 ,15449 ,13197 ,16704 ,18569 ,17101 ,8889 ,3661 ,318 ,7 ,108801 ,108801 ,6167 ,9405 ,13470 ,11176 ,15330 ,17297 ,18116 ,10645 ,6211 ,954 ,30
대전광역시 동구 중앙동(3011051500),4029 ,4029 ,85 ,102 ,255 ,319 ,397 ,725 ,1059 ,679 ,355 ,51 ,2 ,2285 ,2285 ,39 ,51 ,155 ,183 ,276 ,491 ,607 ,335 ,134 ,14 ,0 ,1744 ,1744 ,46 ,51 ,100 ,136 ,121 ,234 ,452 ,344 ,221 ,37 ,2
대전광역시 동구 효동(3011053000),23276 ,23276 ,1894 ,3245 ,2317 ,2250 ,4509 ,3640 ,3004 ,1606 ,702 ,107 ,2 ,11405 ,11405 ,947 ,1674 ,1261 ,1123 ,2180 ,1838 ,1369 ,720 ,267 ,26 ,0 ,11871 ,11871 ,947 ,1571 ,1056 ,1127 ,2329 ,1802 ,1635 ,886 ,435 ,81 ,2
대전광역시 동구 신인동(3011054500),15358 ,15358 ,1311 ,1092 ,1462 ,2473 ,2243 ,2330 ,2305 ,1389 ,670 ,79 ,4 ,7530 ,7530 ,686 ,599 ,727 ,1274 ,1185 ,1109 ,1024 ,626 ,275 ,23 ,2 ,7828 ,7828 ,625 ,493 ,735 ,1199 ,1058 ,1221 ,1281 ,763 ,395 ,56 ,2
대전광역시 동구 판암1동(3011055100),12032 ,12032 ,669 ,862 ,1298 ,1349 ,1571 ,2067 ,2163 ,1242 ,718 ,90 ,3 ,5836 ,5836 ,376 ,442 ,703 ,703 ,793 ,992 ,1034 ,542 ,226 ,24 ,1 ,6196 ,6196 ,293 ,420 ,595 ,646 ,778 ,1075 ,1129 ,700 ,492 ,66 ,2
대전광역시 동구 판암2동(3011055200),8083 ,8083 ,211 ,333 ,612 ,657 ,864 ,1346 ,1920 ,1274 ,764 ,99 ,3 ,3908 ,3908 ,106 ,166 ,338 ,375 ,503 ,710 ,904 ,548 ,236 ,21 ,1 ,4175 ,4175 ,105 ,167 ,274 ,282 ,361 ,636 ,1016 ,726 ,528 ,78 ,2
대전광역시 동구 용운동(3011056000),21390 ,21390 ,1542 ,1771 ,3176 ,2758 ,3109 ,3574 ,3147 ,1556 ,664 ,89 ,4 ,10770 ,10770 ,798 ,876 ,1688 ,1491 ,1584 ,1803 ,1538 ,725 ,251 ,15 ,1 ,10620 ,10620 ,744 ,895 ,1488 ,1267 ,1525 ,1771 ,1609 ,831 ,413 ,74 ,3
대전광역시 동구 대동(3011058500),14154 ,14154 ,1149 ,1435 ,1564 ,1631 ,2295 ,2269 ,2061 ,1085 ,591 ,73 ,1 ,7099 ,7099 ,595 ,763 ,846 ,833 ,1167 ,1139 ,1010 ,491 ,230 ,25 ,0 ,7055 ,7055 ,554 ,672 ,718 ,798 ,1128 ,1130 ,1051 ,594 ,361 ,48 ,1
대전광역시 동구 자양동(3011059000),10960 ,10960 ,314 ,895 ,2976 ,1022 ,1152 ,1538 ,1626 ,933 ,454 ,48 ,2 ,5853 ,5853 ,145 ,439 ,1676 ,635 ,671 ,853 ,806 ,430 ,192 ,6 ,0 ,5107 ,5107 ,169 ,456 ,1300 ,387 ,481 ,685 ,820 ,503 ,262 ,42 ,2
대전광역시 동구 가양1동(3011062000),13071 ,13071 ,588 ,1053 ,1870 ,1267 ,1819 ,2184 ,2257 ,1320 ,642 ,70 ,1 ,6835 ,6835 ,295 ,546 ,1081 ,719 ,964 ,1194 ,1147 ,617 ,250 ,22 ,0 ,6236 ,6236 ,293 ,507 ,789 ,548 ,855 ,990 ,1110 ,703 ,392 ,48 ,1
대전광역시 동구 가양2동(3011063000),18748 ,18748 ,834 ,1703 ,2943 ,2054 ,2521 ,3278 ,3036 ,1539 ,742 ,97 ,1 ,9384 ,9384 ,436 ,863 ,1497 ,1144 ,1307 ,1658 ,1476 ,716 ,265 ,22 ,0 ,9364 ,9364 ,398 ,840 ,1446 ,910 ,1214 ,1620 ,1560 ,823 ,477 ,75 ,1
대전광역시 동구 용전동(3011064000),20205 ,20205 ,902 ,1418 ,3897 ,2880 ,2950 ,3230 ,2798 ,1415 ,647 ,67 ,1 ,10351 ,10351 ,470 ,708 ,1949 ,1658 ,1594 ,1690 ,1376 ,657 ,231 ,18 ,0 ,9854 ,9854 ,432 ,710 ,1948 ,1222 ,1356 ,1540 ,1422 ,758 ,416 ,49 ,1
대전광역시 동구 성남동(3011066500),11107 ,11107 ,722 ,820 ,1148 ,1227 ,1556 ,1865 ,1988 ,1132 ,562 ,82 ,5 ,5492 ,5492 ,405 ,387 ,621 ,640 ,823 ,951 ,948 ,496 ,201 ,20 ,0 ,5615 ,5615 ,317 ,433 ,527 ,587 ,733 ,914 ,1040 ,636 ,361 ,62 ,5
대전광역시 동구 홍도동(3011067000),11279 ,11279 ,487 ,782 ,2124 ,1362 ,1474 ,1859 ,1790 ,891 ,446 ,64 ,0 ,5742 ,5742 ,273 ,405 ,1100 ,771 ,811 ,950 ,869 ,378 ,172 ,13 ,0 ,5537 ,5537 ,214 ,377 ,1024 ,591 ,663 ,909 ,921 ,513 ,274 ,51 ,0
대전광역시 동구 삼성동(3011069500),13448 ,13448 ,624 ,1109 ,1325 ,1216 ,1873 ,2357 ,2534 ,1511 ,799 ,98 ,2 ,6819 ,6819 ,314 ,570 ,738 ,664 ,1007 ,1254 ,1242 ,682 ,317 ,30 ,1 ,6629 ,6629 ,310 ,539 ,587 ,552 ,866 ,1103 ,1292 ,829 ,482 ,68 ,1
대전광역시 동구 대청동(3011072500),2302 ,2302 ,51 ,114 ,162 ,136 ,202 ,426 ,587 ,327 ,250 ,46 ,1 ,1199 ,1199 ,22 ,55 ,90 ,92 ,119 ,248 ,315 ,161 ,83 ,14 ,0 ,1103 ,1103 ,29 ,59 ,72 ,44 ,83 ,178 ,272 ,166 ,167 ,32 ,1
대전광역시 동구 산내동(3011074000),19830 ,19830 ,1472 ,2559 ,1790 ,1772 ,3499 ,3178 ,2942 ,1635 ,866 ,112 ,5 ,9963 ,9963 ,781 ,1344 ,979 ,892 ,1720 ,1689 ,1436 ,765 ,331 ,25 ,1 ,9867 ,9867 ,691 ,1215 ,811 ,880 ,1779 ,1489 ,1506 ,870 ,535 ,87 ,4
대전광역시 중구 (3014000000),225688 ,225688 ,12642 ,20081 ,28425 ,24213 ,33476 ,38208 ,35336 ,20952 ,10858 ,1453 ,44 ,110900 ,110900 ,6450 ,10274 ,14420 ,12568 ,16871 ,19370 ,16933 ,9406 ,4213 ,384 ,11 ,114788 ,114788 ,6192 ,9807 ,14005 ,11645 ,16605 ,18838 ,18403 ,11546 ,6645 ,1069 ,33
대전광역시 중구 은행선화동(3014053500),14436 ,14436 ,702 ,881 ,2423 ,2181 ,2166 ,2298 ,2099 ,1098 ,503 ,80 ,5 ,7422 ,7422 ,347 ,417 ,1137 ,1173 ,1218 ,1280 ,1109 ,513 ,207 ,20 ,1 ,7014 ,7014 ,355 ,464 ,1286 ,1008 ,948 ,1018 ,990 ,585 ,296 ,60 ,4
대전광역시 중구 목동(3014055000),16699 ,16699 ,1683 ,2694 ,1767 ,1850 ,3560 ,2540 ,1433 ,741 ,381 ,49 ,1 ,7951 ,7951 ,837 ,1309 ,876 ,836 ,1674 ,1313 ,635 ,317 ,141 ,13 ,0 ,8748 ,8748 ,846 ,1385 ,891 ,1014 ,1886 ,1227 ,798 ,424 ,240 ,36 ,1
대전광역시 중구 중촌동(3014056000),13890 ,13890 ,909 ,1108 ,1552 ,1795 ,2074 ,2318 ,2133 ,1271 ,636 ,90 ,4 ,6777 ,6777 ,456 ,572 ,825 ,962 ,1035 ,1146 ,988 ,544 ,217 ,31 ,1 ,7113 ,7113 ,453 ,536 ,727 ,833 ,1039 ,1172 ,1145 ,727 ,419 ,59 ,3
대전광역시 중구 대흥동(3014057500),13295 ,13295 ,697 ,1026 ,2445 ,1870 ,1970 ,1888 ,1788 ,1002 ,514 ,91 ,4 ,6523 ,6523 ,386 ,541 ,1102 ,954 ,1021 ,984 ,878 ,427 ,199 ,29 ,2 ,6772 ,6772 ,311 ,485 ,1343 ,916 ,949 ,904 ,910 ,575 ,315 ,62 ,2
대전광역시 중구 문창동(3014060500),4414 ,4414 ,131 ,273 ,428 ,378 ,540 ,774 ,916 ,567 ,348 ,58 ,1 ,2283 ,2283 ,75 ,150 ,233 ,213 ,312 ,454 ,454 ,253 ,131 ,8 ,0 ,2131 ,2131 ,56 ,123 ,195 ,165 ,228 ,320 ,462 ,314 ,217 ,50 ,1
대전광역시 중구 석교동(3014062000),15061 ,15061 ,556 ,980 ,1581 ,1379 ,1864 ,2617 ,3161 ,1903 ,911 ,107 ,2 ,7605 ,7605 ,289 ,510 ,867 ,786 ,1017 ,1323 ,1559 ,872 ,356 ,25 ,1 ,7456 ,7456 ,267 ,470 ,714 ,593 ,847 ,1294 ,1602 ,1031 ,555 ,82 ,1
대전광역시 중구 대사동(3014063000),5416 ,5416 ,136 ,258 ,1058 ,590 ,569 ,823 ,933 ,589 ,405 ,54 ,1 ,2613 ,2613 ,76 ,154 ,466 ,309 ,314 ,429 ,428 ,257 ,165 ,15 ,0 ,2803 ,2803 ,60 ,104 ,592 ,281 ,255 ,394 ,505 ,332 ,240 ,39 ,1
대전광역시 중구 부사동(3014064000),6545 ,6545 ,249 ,381 ,740 ,651 ,810 ,1156 ,1321 ,769 ,411 ,56 ,1 ,3314 ,3314 ,138 ,209 ,380 ,373 ,439 ,601 ,640 ,356 ,167 ,11 ,0 ,3231 ,3231 ,111 ,172 ,360 ,278 ,371 ,555 ,681 ,413 ,244 ,45 ,1
대전광역시 중구 용두동(3014065500),9199 ,9199 ,405 ,667 ,1697 ,1330 ,1215 ,1443 ,1133 ,774 ,483 ,51 ,1 ,4455 ,4455 ,192 ,297 ,791 ,714 ,615 ,764 ,558 ,327 ,186 ,11 ,0 ,4744 ,4744 ,213 ,370 ,906 ,616 ,600 ,679 ,575 ,447 ,297 ,40 ,1
대전광역시 중구 오류동(3014067000),10427 ,10427 ,596 ,733 ,1399 ,1312 ,1390 ,1781 ,1495 ,1040 ,576 ,104 ,1 ,4905 ,4905 ,300 ,370 ,653 ,655 ,678 ,847 ,715 ,444 ,207 ,35 ,1 ,5522 ,5522 ,296 ,363 ,746 ,657 ,712 ,934 ,780 ,596 ,369 ,69 ,0
대전광역시 중구 태평1동(3014068000),12852 ,12852 ,961 ,1434 ,1355 ,1285 ,2226 ,2249 ,1659 ,1073 ,556 ,53 ,1 ,6203 ,6203 ,494 ,715 ,708 ,635 ,1071 ,1104 ,784 ,476 ,202 ,14 ,0 ,6649 ,6649 ,467 ,719 ,647 ,650 ,1155 ,1145 ,875 ,597 ,354 ,39 ,1
대전광역시 중구 태평2동(3014069000),24730 ,24730 ,1515 ,2819 ,2718 ,2001 ,3824 ,4494 ,3680 ,2361 ,1167 ,145 ,6 ,11815 ,11815 ,771 ,1436 ,1441 ,984 ,1745 ,2164 ,1693 ,1055 ,487 ,39 ,0 ,12915 ,12915 ,744 ,1383 ,1277 ,1017 ,2079 ,2330 ,1987 ,1306 ,680 ,106 ,6
대전광역시 중구 유천1동(3014070000),6027 ,6027 ,255 ,282 ,735 ,786 ,832 ,1026 ,1158 ,613 ,296 ,42 ,2 ,3108 ,3108 ,137 ,148 ,395 ,432 ,480 ,551 ,559 ,289 ,106 ,10 ,1 ,2919 ,2919 ,118 ,134 ,340 ,354 ,352 ,475 ,599 ,324 ,190 ,32 ,1
대전광역시 중구 유천2동(3014071000),13358 ,13358 ,712 ,929 ,1689 ,1397 ,1798 ,2128 ,2370 ,1468 ,770 ,95 ,2 ,6615 ,6615 ,350 ,492 ,895 ,725 ,945 ,1046 ,1127 ,694 ,312 ,28 ,1 ,6743 ,6743 ,362 ,437 ,794 ,672 ,853 ,1082 ,1243 ,774 ,458 ,67 ,1
대전광역시 중구 문화1동(3014072000),20898 ,20898 ,1495 ,2571 ,2648 ,1949 ,3435 ,3504 ,2639 ,1655 ,884 ,116 ,2 ,10103 ,10103 ,791 ,1334 ,1330 ,920 ,1599 ,1736 ,1262 ,728 ,371 ,31 ,1 ,10795 ,10795 ,704 ,1237 ,1318 ,1029 ,1836 ,1768 ,1377 ,927 ,513 ,85 ,1
대전광역시 중구 문화2동(3014073000),11957 ,11957 ,469 ,914 ,1327 ,1155 ,1573 ,2190 ,2204 ,1222 ,779 ,120 ,4 ,5761 ,5761 ,234 ,507 ,705 ,645 ,788 ,1084 ,990 ,498 ,282 ,28 ,0 ,6196 ,6196 ,235 ,407 ,622 ,510 ,785 ,1106 ,1214 ,724 ,497 ,92 ,4
대전광역시 중구 산성동(3014074000),26484 ,26484 ,1171 ,2131 ,2863 ,2304 ,3630 ,4979 ,5214 ,2806 ,1238 ,142 ,6 ,13447 ,13447 ,577 ,1113 ,1616 ,1252 ,1920 ,2544 ,2554 ,1356 ,477 ,36 ,2 ,13037 ,13037 ,594 ,1018 ,1247 ,1052 ,1710 ,2435 ,2660 ,1450 ,761 ,106 ,4
대전광역시 서구 (3017000000),468561 ,468561 ,33015 ,47036 ,69981 ,63477 ,74231 ,76346 ,61325 ,27963 ,13216 ,1920 ,51 ,230018 ,230018 ,17012 ,24143 ,35513 ,32644 ,36059 ,36979 ,29301 ,12876 ,5044 ,438 ,9 ,238543 ,238543 ,16003 ,22893 ,34468 ,30833 ,38172 ,39367 ,32024 ,15087 ,8172 ,1482 ,42
대전광역시 서구 복수동(3017051000),21844 ,21844 ,1741 ,2873 ,2676 ,2276 ,3966 ,3646 ,2682 ,1340 ,563 ,76 ,5 ,10801 ,10801 ,876 ,1437 ,1405 ,1154 ,1877 ,1849 ,1288 ,650 ,247 ,16 ,2 ,11043 ,11043 ,865 ,1436 ,1271 ,1122 ,2089 ,1797 ,1394 ,690 ,316 ,60 ,3
대전광역시 서구 도마1동(3017052000),18722 ,18722 ,1209 ,1230 ,2884 ,2574 ,2344 ,2867 ,3054 ,1689 ,774 ,97 ,0 ,9478 ,9478 ,611 ,646 ,1601 ,1400 ,1248 ,1421 ,1428 ,784 ,311 ,28 ,0 ,9244 ,9244 ,598 ,584 ,1283 ,1174 ,1096 ,1446 ,1626 ,905 ,463 ,69 ,0
대전광역시 서구 도마2동(3017053000),16835 ,16835 ,748 ,1272 ,2274 ,1755 ,2148 ,2808 ,3144 ,1779 ,799 ,102 ,6 ,8427 ,8427 ,413 ,641 ,1247 ,963 ,1148 ,1364 ,1475 ,822 ,336 ,17 ,1 ,8408 ,8408 ,335 ,631 ,1027 ,792 ,1000 ,1444 ,1669 ,957 ,463 ,85 ,5
대전광역시 서구 정림동(3017053500),15508 ,15508 ,832 ,1348 ,1699 ,1518 ,2063 ,2799 ,3087 ,1382 ,676 ,103 ,1 ,7536 ,7536 ,452 ,717 ,912 ,790 ,1018 ,1293 ,1449 ,631 ,247 ,27 ,0 ,7972 ,7972 ,380 ,631 ,787 ,728 ,1045 ,1506 ,1638 ,751 ,429 ,76 ,1
대전광역시 서구 변동(3017054000),15429 ,15429 ,778 ,1118 ,1895 ,1805 ,2108 ,2651 ,2806 ,1500 ,669 ,98 ,1 ,7836 ,7836 ,419 ,585 ,1030 ,1008 ,1099 ,1350 ,1346 ,697 ,277 ,25 ,0 ,7593 ,7593 ,359 ,533 ,865 ,797 ,1009 ,1301 ,1460 ,803 ,392 ,73 ,1
대전광역시 서구 용문동(3017055000),12105 ,12105 ,493 ,559 ,2413 ,2082 ,1666 ,1702 ,1653 ,985 ,493 ,58 ,1 ,5750 ,5750 ,236 ,293 ,1100 ,1080 ,873 ,807 ,748 ,415 ,184 ,14 ,0 ,6355 ,6355 ,257 ,266 ,1313 ,1002 ,793 ,895 ,905 ,570 ,309 ,44 ,1
대전광역시 서구 탄방동(3017055500),26720 ,26720 ,1433 ,2193 ,5277 ,4565 ,4222 ,4195 ,2986 ,1196 ,562 ,90 ,1 ,12837 ,12837 ,770 ,1147 ,2399 ,2322 ,1999 ,2012 ,1432 ,536 ,202 ,18 ,0 ,13883 ,13883 ,663 ,1046 ,2878 ,2243 ,2223 ,2183 ,1554 ,660 ,360 ,72 ,1
대전광역시 서구 괴정동(3017056000),18910 ,18910 ,932 ,1213 ,4535 ,3624 ,2652 ,2485 ,1980 ,1015 ,413 ,59 ,2 ,9217 ,9217 ,470 ,621 ,2011 ,1993 ,1377 ,1177 ,926 ,462 ,170 ,10 ,0 ,9693 ,9693 ,462 ,592 ,2524 ,1631 ,1275 ,1308 ,1054 ,553 ,243 ,49 ,2
대전광역시 서구 가장동(3017057000),11056 ,11056 ,645 ,987 ,1422 ,1267 ,1686 ,1845 ,1679 ,1002 ,458 ,65 ,0 ,5319 ,5319 ,347 ,487 ,671 ,678 ,845 ,867 ,757 ,453 ,200 ,14 ,0 ,5737 ,5737 ,298 ,500 ,751 ,589 ,841 ,978 ,922 ,549 ,258 ,51 ,0
대전광역시 서구 내동(3017057500),23043 ,23043 ,1490 ,2457 ,2986 ,2449 ,3673 ,3894 ,3400 ,1787 ,804 ,102 ,1 ,11079 ,11079 ,759 ,1174 ,1552 ,1249 ,1770 ,1842 ,1558 ,820 ,331 ,24 ,0 ,11964 ,11964 ,731 ,1283 ,1434 ,1200 ,1903 ,2052 ,1842 ,967 ,473 ,78 ,1
대전광역시 서구 갈마1동(3017058100),21366 ,21366 ,965 ,1454 ,4293 ,3423 ,2949 ,3237 ,3176 ,1243 ,547 ,78 ,1 ,10802 ,10802 ,494 ,771 ,2171 ,1976 ,1494 ,1587 ,1490 ,586 ,215 ,17 ,1 ,10564 ,10564 ,471 ,683 ,2122 ,1447 ,1455 ,1650 ,1686 ,657 ,332 ,61 ,0
대전광역시 서구 갈마2동(3017058200),24201 ,24201 ,1132 ,1811 ,5229 ,4251 ,3455 ,3920 ,2892 ,1000 ,455 ,55 ,1 ,12201 ,12201 ,583 ,902 ,2617 ,2353 ,1793 ,1897 ,1407 ,462 ,174 ,13 ,0 ,12000 ,12000 ,549 ,909 ,2612 ,1898 ,1662 ,2023 ,1485 ,538 ,281 ,42 ,1
대전광역시 서구 월평1동(3017058600),11285 ,11285 ,326 ,517 ,2967 ,1962 ,1401 ,1786 ,1440 ,576 ,276 ,33 ,1 ,6079 ,6079 ,175 ,272 ,1574 ,1168 ,837 ,931 ,736 ,282 ,99 ,5 ,0 ,5206 ,5206 ,151 ,245 ,1393 ,794 ,564 ,855 ,704 ,294 ,177 ,28 ,1
대전광역시 서구 월평2동(3017058700),13880 ,13880 ,640 ,1156 ,1584 ,1389 ,1689 ,2528 ,2692 ,1264 ,792 ,140 ,6 ,6552 ,6552 ,317 ,587 ,859 ,701 ,777 ,1167 ,1299 ,569 ,245 ,30 ,1 ,7328 ,7328 ,323 ,569 ,725 ,688 ,912 ,1361 ,1393 ,695 ,547 ,110 ,5
대전광역시 서구 월평3동(3017058800),20600 ,20600 ,1537 ,2498 ,2325 ,2480 ,3138 ,3670 ,3300 ,1081 ,488 ,83 ,0 ,10050 ,10050 ,818 ,1317 ,1305 ,1189 ,1434 ,1663 ,1611 ,522 ,174 ,17 ,0 ,10550 ,10550 ,719 ,1181 ,1020 ,1291 ,1704 ,2007 ,1689 ,559 ,314 ,66 ,0
대전광역시 서구 가수원동(3017059000),10596 ,10596 ,537 ,923 ,1225 ,1088 ,1398 ,1897 ,1992 ,966 ,499 ,68 ,3 ,5169 ,5169 ,285 ,462 ,678 ,553 ,715 ,916 ,913 ,439 ,188 ,19 ,1 ,5427 ,5427 ,252 ,461 ,547 ,535 ,683 ,981 ,1079 ,527 ,311 ,49 ,2
대전광역시 서구 도안동(3017059300),36241 ,36241 ,5348 ,4756 ,4000 ,6045 ,7609 ,4589 ,2752 ,802 ,282 ,57 ,1 ,17821 ,17821 ,2714 ,2449 ,1939 ,2813 ,3765 ,2275 ,1348 ,398 ,109 ,10 ,1 ,18420 ,18420 ,2634 ,2307 ,2061 ,3232 ,3844 ,2314 ,1404 ,404 ,173 ,47 ,0
대전광역시 서구 관저1동(3017059600),15040 ,15040 ,1014 ,1493 ,2605 ,1951 ,2134 ,2620 ,1877 ,825 ,460 ,58 ,3 ,7120 ,7120 ,517 ,776 ,1244 ,952 ,980 ,1192 ,917 ,359 ,168 ,14 ,1 ,7920 ,7920 ,497 ,717 ,1361 ,999 ,1154 ,1428 ,960 ,466 ,292 ,44 ,2
대전광역시 서구 관저2동(3017059700),48742 ,48742 ,5129 ,5965 ,6407 ,6930 ,9170 ,7953 ,4368 ,1853 ,849 ,116 ,2 ,23708 ,23708 ,2600 ,3039 ,3248 ,3355 ,4379 ,3891 ,2059 ,816 ,297 ,24 ,0 ,25034 ,25034 ,2529 ,2926 ,3159 ,3575 ,4791 ,4062 ,2309 ,1037 ,552 ,92 ,2
대전광역시 서구 기성동(3017060000),3479 ,3479 ,74 ,156 ,223 ,214 ,370 ,586 ,789 ,544 ,430 ,85 ,8 ,1803 ,1803 ,48 ,84 ,134 ,111 ,220 ,331 ,443 ,266 ,150 ,16 ,0 ,1676 ,1676 ,26 ,72 ,89 ,103 ,150 ,255 ,346 ,278 ,280 ,69 ,8
대전광역시 서구 둔산1동(3017063000),16506 ,16506 ,1369 ,3336 ,1476 ,1147 ,3764 ,2662 ,1423 ,847 ,417 ,62 ,3 ,8098 ,8098 ,716 ,1723 ,790 ,497 ,1647 ,1425 ,718 ,392 ,169 ,20 ,1 ,8408 ,8408 ,653 ,1613 ,686 ,650 ,2117 ,1237 ,705 ,455 ,248 ,42 ,2
대전광역시 서구 둔산2동(3017064000),34791 ,34791 ,2839 ,3796 ,4963 ,5175 ,5697 ,6284 ,3988 ,1351 ,609 ,89 ,0 ,16784 ,16784 ,1477 ,1953 ,2427 ,2530 ,2589 ,2929 ,1972 ,657 ,228 ,22 ,0 ,18007 ,18007 ,1362 ,1843 ,2536 ,2645 ,3108 ,3355 ,2016 ,694 ,381 ,67 ,0
대전광역시 서구 만년동(3017065000),12449 ,12449 ,810 ,1180 ,2221 ,1986 ,1813 ,2220 ,1462 ,495 ,225 ,37 ,0 ,6299 ,6299 ,401 ,608 ,1306 ,1064 ,831 ,1044 ,742 ,213 ,82 ,8 ,0 ,6150 ,6150 ,409 ,572 ,915 ,922 ,982 ,1176 ,720 ,282 ,143 ,29 ,0
대전광역시 서구 둔산3동(3017066000),19213 ,19213 ,994 ,2745 ,2402 ,1521 ,3116 ,3502 ,2703 ,1441 ,676 ,109 ,4 ,9252 ,9252 ,514 ,1452 ,1293 ,745 ,1344 ,1749 ,1239 ,645 ,241 ,30 ,0 ,9961 ,9961 ,480 ,1293 ,1109 ,776 ,1772 ,1753 ,1464 ,796 ,435 ,79 ,4
대전광역시 유성구 (3020000000),360321 ,360321 ,32261 ,38147 ,52939 ,56031 ,60461 ,56548 ,40152 ,15142 ,7333 ,1274 ,33 ,182370 ,182370 ,16560 ,19852 ,28627 ,29575 ,29737 ,28128 ,19799 ,7212 ,2580 ,298 ,2 ,177951 ,177951 ,15701 ,18295 ,24312 ,26456 ,30724 ,28420 ,20353 ,7930 ,4753 ,976 ,31
대전광역시 유성구 진잠동(3020052000),24455 ,24455 ,1639 ,2289 ,3063 ,2727 ,3837 ,4656 ,3645 ,1587 ,868 ,139 ,5 ,12488 ,12488 ,849 ,1235 ,1689 ,1508 ,1954 ,2389 ,1808 ,721 ,312 ,23 ,0 ,11967 ,11967 ,790 ,1054 ,1374 ,1219 ,1883 ,2267 ,1837 ,866 ,556 ,116 ,5
대전광역시 유성구 학하동(3020052600),19003 ,19003 ,1962 ,1420 ,2979 ,3240 ,2890 ,2813 ,2626 ,724 ,291 ,56 ,2 ,9793 ,9793 ,996 ,734 ,1724 ,1676 ,1501 ,1314 ,1322 ,403 ,109 ,14 ,0 ,9210 ,9210 ,966 ,686 ,1255 ,1564 ,1389 ,1499 ,1304 ,321 ,182 ,42 ,2
대전광역시 유성구 상대동(3020052700),25370 ,25370 ,2980 ,3564 ,2454 ,3248 ,4972 ,4053 ,2794 ,860 ,366 ,77 ,2 ,12377 ,12377 ,1514 ,1836 ,1299 ,1484 ,2312 ,1992 ,1385 ,412 ,130 ,13 ,0 ,12993 ,12993 ,1466 ,1728 ,1155 ,1764 ,2660 ,2061 ,1409 ,448 ,236 ,64 ,2
대전광역시 유성구 온천1동(3020053000),26417 ,26417 ,785 ,904 ,6491 ,5432 ,3180 ,3876 ,3363 ,1542 ,733 ,107 ,4 ,13682 ,13682 ,402 ,467 ,3182 ,3120 ,1770 ,2008 ,1721 ,717 ,260 ,34 ,1 ,12735 ,12735 ,383 ,437 ,3309 ,2312 ,1410 ,1868 ,1642 ,825 ,473 ,73 ,3
대전광역시 유성구 온천2동(3020054000),40496 ,40496 ,3071 ,3159 ,9411 ,5967 ,5391 ,5669 ,4952 ,1907 ,820 ,147 ,2 ,21228 ,21228 ,1541 ,1642 ,5498 ,3322 ,2749 ,2765 ,2418 ,953 ,298 ,42 ,0 ,19268 ,19268 ,1530 ,1517 ,3913 ,2645 ,2642 ,2904 ,2534 ,954 ,522 ,105 ,2
대전광역시 유성구 노은1동(3020054600),21242 ,21242 ,1807 ,2890 ,2635 ,2979 ,3965 ,3442 ,2039 ,949 ,463 ,70 ,3 ,10523 ,10523 ,948 ,1491 ,1340 ,1511 ,1873 ,1741 ,992 ,426 ,183 ,17 ,1 ,10719 ,10719 ,859 ,1399 ,1295 ,1468 ,2092 ,1701 ,1047 ,523 ,280 ,53 ,2
대전광역시 유성구 노은2동(3020054700),23730 ,23730 ,1919 ,3166 ,2947 ,2759 ,4336 ,4093 ,2595 ,1139 ,672 ,101 ,3 ,11652 ,11652 ,978 ,1650 ,1529 ,1390 ,2032 ,2014 ,1271 ,513 ,248 ,27 ,0 ,12078 ,12078 ,941 ,1516 ,1418 ,1369 ,2304 ,2079 ,1324 ,626 ,424 ,74 ,3
대전광역시 유성구 노은3동(3020054800),36729 ,36729 ,4260 ,4636 ,3510 ,5260 ,7372 ,5558 ,3849 ,1559 ,616 ,105 ,4 ,18003 ,18003 ,2168 ,2381 ,1851 ,2492 ,3576 ,2679 ,1826 ,766 ,245 ,19 ,0 ,18726 ,18726 ,2092 ,2255 ,1659 ,2768 ,3796 ,2879 ,2023 ,793 ,371 ,86 ,4
대전광역시 유성구 신성동(3020055000),25989 ,25989 ,2624 ,2755 ,4105 ,5287 ,4071 ,3555 ,2274 ,809 ,424 ,85 ,0 ,13666 ,13666 ,1391 ,1461 ,2230 ,2975 ,2040 ,1821 ,1167 ,404 ,158 ,19 ,0 ,12323 ,12323 ,1233 ,1294 ,1875 ,2312 ,2031 ,1734 ,1107 ,405 ,266 ,66 ,0
대전광역시 유성구 전민동(3020057000),26535 ,26535 ,2314 ,3000 ,3978 ,4385 ,4082 ,4309 ,2999 ,832 ,508 ,127 ,1 ,13643 ,13643 ,1208 ,1515 ,2256 ,2465 ,1961 ,2093 ,1538 ,417 ,153 ,37 ,0 ,12892 ,12892 ,1106 ,1485 ,1722 ,1920 ,2121 ,2216 ,1461 ,415 ,355 ,90 ,1
대전광역시 유성구 구즉동(3020058000),32967 ,32967 ,3048 ,3148 ,4503 ,5999 ,5362 ,5420 ,3317 ,1295 ,764 ,108 ,3 ,16879 ,16879 ,1544 ,1642 ,2457 ,3271 ,2714 ,2771 ,1679 ,550 ,227 ,24 ,0 ,16088 ,16088 ,1504 ,1506 ,2046 ,2728 ,2648 ,2649 ,1638 ,745 ,537 ,84 ,3
대전광역시 유성구 관평동(3020060000),30381 ,30381 ,3202 ,4533 ,3896 ,4120 ,5950 ,5071 ,2482 ,739 ,326 ,59 ,3 ,15613 ,15613 ,1640 ,2411 ,2111 ,2121 ,2846 ,2708 ,1284 ,378 ,103 ,11 ,0 ,14768 ,14768 ,1562 ,2122 ,1785 ,1999 ,3104 ,2363 ,1198 ,361 ,223 ,48 ,3
대전광역시 유성구 원신흥동(3020061000),27007 ,27007 ,2650 ,2683 ,2967 ,4628 ,5053 ,4033 ,3217 ,1200 ,482 ,93 ,1 ,12823 ,12823 ,1381 ,1387 ,1461 ,2240 ,2409 ,1833 ,1388 ,552 ,154 ,18 ,0 ,14184 ,14184 ,1269 ,1296 ,1506 ,2388 ,2644 ,2200 ,1829 ,648 ,328 ,75 ,1
대전광역시 대덕구 (3023000000),171372 ,171372 ,9539 ,14851 ,22175 ,19497 ,24488 ,32681 ,28026 ,12738 ,6496 ,854 ,27 ,87175 ,87175 ,4879 ,7744 ,12227 ,10862 ,12661 ,16553 ,13839 ,5892 ,2326 ,191 ,1 ,84197 ,84197 ,4660 ,7107 ,9948 ,8635 ,11827 ,16128 ,14187 ,6846 ,4170 ,663 ,26
대전광역시 대덕구 오정동(3023051000),14001 ,14001 ,486 ,969 ,2154 ,1383 ,1715 ,2480 ,2739 ,1401 ,584 ,83 ,7 ,7386 ,7386 ,254 ,501 ,1170 ,806 ,975 ,1354 ,1396 ,682 ,230 ,18 ,0 ,6615 ,6615 ,232 ,468 ,984 ,577 ,740 ,1126 ,1343 ,719 ,354 ,65 ,7
대전광역시 대덕구 대화동(3023052000),6594 ,6594 ,199 ,428 ,691 ,719 ,944 ,1251 ,1292 ,712 ,317 ,41 ,0 ,3464 ,3464 ,107 ,239 ,391 ,398 ,527 ,693 ,657 ,336 ,110 ,6 ,0 ,3130 ,3130 ,92 ,189 ,300 ,321 ,417 ,558 ,635 ,376 ,207 ,35 ,0
대전광역시 대덕구 회덕동(3023052500),11658 ,11658 ,510 ,848 ,1214 ,1142 ,1457 ,2190 ,2365 ,1169 ,675 ,86 ,2 ,5964 ,5964 ,258 ,459 ,657 ,658 ,772 ,1147 ,1181 ,564 ,237 ,31 ,0 ,5694 ,5694 ,252 ,389 ,557 ,484 ,685 ,1043 ,1184 ,605 ,438 ,55 ,2
대전광역시 대덕구 비래동(3023053300),15570 ,15570 ,737 ,1416 ,1946 ,1470 ,2187 ,3073 ,2766 ,1275 ,612 ,88 ,0 ,7733 ,7733 ,389 ,742 ,1048 ,822 ,1103 ,1505 ,1282 ,585 ,236 ,21 ,0 ,7837 ,7837 ,348 ,674 ,898 ,648 ,1084 ,1568 ,1484 ,690 ,376 ,67 ,0
대전광역시 대덕구 송촌동(3023054300),26439 ,26439 ,1648 ,3379 ,3729 ,2491 ,4286 ,5671 ,3255 ,1160 ,732 ,86 ,2 ,13088 ,13088 ,812 ,1743 ,2003 ,1306 ,1966 ,2768 ,1691 ,506 ,278 ,15 ,0 ,13351 ,13351 ,836 ,1636 ,1726 ,1185 ,2320 ,2903 ,1564 ,654 ,454 ,71 ,2
대전광역시 대덕구 중리동(3023054600),18966 ,18966 ,736 ,1388 ,2834 ,2115 ,2724 ,3646 ,3311 ,1461 ,675 ,74 ,2 ,9881 ,9881 ,385 ,731 ,1574 ,1237 ,1478 ,1924 ,1589 ,690 ,256 ,17 ,0 ,9085 ,9085 ,351 ,657 ,1260 ,878 ,1246 ,1722 ,1722 ,771 ,419 ,57 ,2
대전광역시 대덕구 신탄진동(3023055000),14579 ,14579 ,874 ,1042 ,1757 ,2040 ,1974 ,2694 ,2375 ,1139 ,614 ,66 ,4 ,7550 ,7550 ,433 ,558 ,986 ,1174 ,1043 ,1403 ,1170 ,545 ,225 ,13 ,0 ,7029 ,7029 ,441 ,484 ,771 ,866 ,931 ,1291 ,1205 ,594 ,389 ,53 ,4
대전광역시 대덕구 석봉동(3023056000),16140 ,16140 ,1796 ,1570 ,1740 ,2612 ,2732 ,2570 ,1969 ,704 ,386 ,60 ,1 ,8250 ,8250 ,922 ,817 ,965 ,1330 ,1464 ,1267 ,988 ,345 ,136 ,16 ,0 ,7890 ,7890 ,874 ,753 ,775 ,1282 ,1268 ,1303 ,981 ,359 ,250 ,44 ,1
대전광역시 대덕구 덕암동(3023057000),13263 ,13263 ,616 ,994 ,1945 ,1661 ,1828 ,2564 ,2014 ,991 ,572 ,77 ,1 ,7101 ,7101 ,323 ,511 ,1122 ,1008 ,1010 ,1410 ,1024 ,452 ,224 ,17 ,0 ,6162 ,6162 ,293 ,483 ,823 ,653 ,818 ,1154 ,990 ,539 ,348 ,60 ,1
대전광역시 대덕구 목상동(3023058000),6214 ,6214 ,343 ,534 ,916 ,929 ,1060 ,1114 ,814 ,329 ,152 ,20 ,3 ,3379 ,3379 ,178 ,263 ,525 ,588 ,599 ,615 ,404 ,157 ,48 ,2 ,0 ,2835 ,2835 ,165 ,271 ,391 ,341 ,461 ,499 ,410 ,172 ,104 ,18 ,3
대전광역시 대덕구 법1동(3023060000),12617 ,12617 ,811 ,964 ,1411 ,1549 ,1602 ,2375 ,2186 ,1107 ,532 ,78 ,2 ,5921 ,5921 ,401 ,482 ,748 ,797 ,807 ,1066 ,1023 ,437 ,147 ,13 ,0 ,6696 ,6696 ,410 ,482 ,663 ,752 ,795 ,1309 ,1163 ,670 ,385 ,65 ,2
대전광역시 대덕구 법2동(3023061000),15331 ,15331 ,783 ,1319 ,1838 ,1386 ,1979 ,3053 ,2940 ,1290 ,645 ,95 ,3 ,7458 ,7458 ,417 ,698 ,1038 ,738 ,917 ,1401 ,1434 ,593 ,199 ,22 ,1 ,7873 ,7873 ,366 ,621 ,800 ,648 ,1062 ,1652 ,1506 ,697 ,446 ,73 ,2
울산광역시  (3100000000),1107134 ,1107134 ,82908 ,109560 ,126181 ,138552 ,180417 ,203691 ,166392 ,68470 ,27316 ,3577 ,70 ,568824 ,568824 ,42629 ,57361 ,71556 ,74663 ,92522 ,102725 ,83954 ,32923 ,9816 ,671 ,4 ,538310 ,538310 ,40279 ,52199 ,54625 ,63889 ,87895 ,100966 ,82438 ,35547 ,17500 ,2906 ,66
울산광역시 중구 (3111000000),206815 ,206815 ,13440 ,19126 ,22462 ,23566 ,31689 ,38752 ,34799 ,15945 ,6273 ,749 ,14 ,104574 ,104574 ,6900 ,10188 ,12625 ,12579 ,16141 ,19211 ,17024 ,7382 ,2373 ,150 ,1 ,102241 ,102241 ,6540 ,8938 ,9837 ,10987 ,15548 ,19541 ,17775 ,8563 ,3900 ,599 ,13
울산광역시 중구 학성동(3111051000),11029 ,11029 ,511 ,631 ,1165 ,1322 ,1439 ,1856 ,2167 ,1333 ,546 ,57 ,2 ,5621 ,5621 ,259 ,330 ,632 ,743 ,794 ,1000 ,1056 ,590 ,210 ,7 ,0 ,5408 ,5408 ,252 ,301 ,533 ,579 ,645 ,856 ,1111 ,743 ,336 ,50 ,2
울산광역시 중구 반구1동(3111052000),16261 ,16261 ,1134 ,1277 ,1685 ,2137 ,2530 ,3075 ,2814 ,1181 ,373 ,53 ,2 ,8496 ,8496 ,573 ,674 ,980 ,1161 ,1375 ,1579 ,1412 ,584 ,151 ,7 ,0 ,7765 ,7765 ,561 ,603 ,705 ,976 ,1155 ,1496 ,1402 ,597 ,222 ,46 ,2
울산광역시 중구 반구2동(3111053000),8459 ,8459 ,320 ,508 ,1107 ,1000 ,1055 ,1660 ,1584 ,856 ,328 ,41 ,0 ,4311 ,4311 ,172 ,277 ,597 ,565 ,549 ,832 ,760 ,406 ,143 ,10 ,0 ,4148 ,4148 ,148 ,231 ,510 ,435 ,506 ,828 ,824 ,450 ,185 ,31 ,0
울산광역시 중구 복산1동(3111054000),3778 ,3778 ,159 ,257 ,369 ,431 ,406 ,721 ,854 ,420 ,147 ,14 ,0 ,1890 ,1890 ,95 ,131 ,217 ,249 ,208 ,334 ,407 ,192 ,56 ,1 ,0 ,1888 ,1888 ,64 ,126 ,152 ,182 ,198 ,387 ,447 ,228 ,91 ,13 ,0
울산광역시 중구 복산2동(3111055000),10913 ,10913 ,790 ,1009 ,1220 ,1562 ,1641 ,1993 ,1641 ,736 ,278 ,43 ,0 ,5402 ,5402 ,390 ,526 ,661 ,830 ,843 ,937 ,773 ,339 ,95 ,8 ,0 ,5511 ,5511 ,400 ,483 ,559 ,732 ,798 ,1056 ,868 ,397 ,183 ,35 ,0
울산광역시 중구 중앙동(3111058500),11858 ,11858 ,369 ,547 ,1214 ,1186 ,1355 ,2192 ,2735 ,1539 ,647 ,74 ,0 ,6125 ,6125 ,217 ,288 ,685 ,699 ,759 ,1162 ,1368 ,669 ,258 ,20 ,0 ,5733 ,5733 ,152 ,259 ,529 ,487 ,596 ,1030 ,1367 ,870 ,389 ,54 ,0
울산광역시 중구 우정동(3111059000),17590 ,17590 ,1091 ,1495 ,1834 ,2101 ,2471 ,3086 ,3199 ,1559 ,672 ,82 ,0 ,8699 ,8699 ,584 ,827 ,989 ,1078 ,1248 ,1488 ,1540 ,670 ,251 ,24 ,0 ,8891 ,8891 ,507 ,668 ,845 ,1023 ,1223 ,1598 ,1659 ,889 ,421 ,58 ,0
울산광역시 중구 태화동(3111060000),32294 ,32294 ,2803 ,3702 ,3187 ,3790 ,5714 ,5643 ,4700 ,1972 ,708 ,72 ,3 ,16076 ,16076 ,1479 ,1963 ,1791 ,1911 ,2768 ,2692 ,2260 ,933 ,264 ,15 ,0 ,16218 ,16218 ,1324 ,1739 ,1396 ,1879 ,2946 ,2951 ,2440 ,1039 ,444 ,57 ,3
울산광역시 중구 다운동(3111061000),22088 ,22088 ,817 ,1764 ,2794 ,1930 ,2761 ,4749 ,4314 ,1959 ,894 ,106 ,0 ,11220 ,11220 ,421 ,952 ,1628 ,1104 ,1391 ,2351 ,2121 ,907 ,327 ,18 ,0 ,10868 ,10868 ,396 ,812 ,1166 ,826 ,1370 ,2398 ,2193 ,1052 ,567 ,88 ,0
울산광역시 중구 병영1동(3111062000),21328 ,21328 ,1182 ,2090 ,2465 ,2110 ,2988 ,4407 ,3876 ,1586 ,554 ,69 ,1 ,10843 ,10843 ,583 ,1144 ,1428 ,1129 ,1489 ,2153 ,1910 ,764 ,225 ,18 ,0 ,10485 ,10485 ,599 ,946 ,1037 ,981 ,1499 ,2254 ,1966 ,822 ,329 ,51 ,1
울산광역시 중구 병영2동(3111063000),19882 ,19882 ,1598 ,2029 ,1940 ,2399 ,3392 ,3452 ,3246 ,1261 ,518 ,45 ,2 ,9988 ,9988 ,789 ,1058 ,1077 ,1273 ,1774 ,1679 ,1577 ,580 ,175 ,6 ,0 ,9894 ,9894 ,809 ,971 ,863 ,1126 ,1618 ,1773 ,1669 ,681 ,343 ,39 ,2
울산광역시 중구 약사동(3111064000),10770 ,10770 ,1195 ,1311 ,1135 ,1431 ,1892 ,1971 ,1217 ,418 ,173 ,26 ,1 ,5383 ,5383 ,580 ,691 ,640 ,699 ,910 ,973 ,614 ,202 ,69 ,5 ,0 ,5387 ,5387 ,615 ,620 ,495 ,732 ,982 ,998 ,603 ,216 ,104 ,21 ,1
울산광역시 중구 성안동(3111065000),20565 ,20565 ,1471 ,2506 ,2347 ,2167 ,4045 ,3947 ,2452 ,1125 ,435 ,67 ,3 ,10520 ,10520 ,758 ,1327 ,1300 ,1138 ,2033 ,2031 ,1226 ,546 ,149 ,11 ,1 ,10045 ,10045 ,713 ,1179 ,1047 ,1029 ,2012 ,1916 ,1226 ,579 ,286 ,56 ,2
울산광역시 남구 (3114000000),309680 ,309680 ,20900 ,28493 ,39812 ,40731 ,47841 ,59203 ,46443 ,18601 ,6883 ,761 ,12 ,157992 ,157992 ,10799 ,14982 ,22259 ,22140 ,23824 ,29333 ,23060 ,8891 ,2553 ,151 ,0 ,151688 ,151688 ,10101 ,13511 ,17553 ,18591 ,24017 ,29870 ,23383 ,9710 ,4330 ,610 ,12
울산광역시 남구 신정1동(3114051000),18349 ,18349 ,812 ,1035 ,2198 ,2545 ,2328 ,3198 ,3681 ,1798 ,691 ,60 ,3 ,9196 ,9196 ,423 ,537 ,1192 ,1431 ,1235 ,1554 ,1746 ,804 ,263 ,11 ,0 ,9153 ,9153 ,389 ,498 ,1006 ,1114 ,1093 ,1644 ,1935 ,994 ,428 ,49 ,3
울산광역시 남구 신정2동(3114052000),24283 ,24283 ,1828 ,3096 ,2735 ,2716 ,4238 ,4685 ,3058 ,1391 ,473 ,63 ,0 ,12334 ,12334 ,948 ,1644 ,1538 ,1433 ,1970 ,2371 ,1566 ,659 ,190 ,15 ,0 ,11949 ,11949 ,880 ,1452 ,1197 ,1283 ,2268 ,2314 ,1492 ,732 ,283 ,48 ,0
울산광역시 남구 신정3동(3114053000),16012 ,16012 ,1121 ,1206 ,1773 ,1978 ,2350 ,3098 ,2760 ,1222 ,442 ,62 ,0 ,8130 ,8130 ,562 ,646 ,994 ,1041 ,1229 ,1553 ,1356 ,563 ,175 ,11 ,0 ,7882 ,7882 ,559 ,560 ,779 ,937 ,1121 ,1545 ,1404 ,659 ,267 ,51 ,0
울산광역시 남구 신정4동(3114054000),20209 ,20209 ,1506 ,2304 ,2400 ,2494 ,3368 ,3662 ,2769 ,1228 ,423 ,55 ,0 ,10171 ,10171 ,772 ,1199 ,1307 ,1364 ,1611 ,1827 ,1321 ,590 ,170 ,10 ,0 ,10038 ,10038 ,734 ,1105 ,1093 ,1130 ,1757 ,1835 ,1448 ,638 ,253 ,45 ,0
울산광역시 남구 신정5동(3114055000),8661 ,8661 ,408 ,603 ,1170 ,1289 ,1276 ,1613 ,1404 ,646 ,233 ,19 ,0 ,4624 ,4624 ,210 ,317 ,644 ,777 ,697 ,842 ,724 ,320 ,91 ,2 ,0 ,4037 ,4037 ,198 ,286 ,526 ,512 ,579 ,771 ,680 ,326 ,142 ,17 ,0
울산광역시 남구 달동(3114056000),26590 ,26590 ,1332 ,1880 ,3709 ,3752 ,3966 ,5028 ,4446 ,1665 ,746 ,64 ,2 ,13436 ,13436 ,685 ,996 ,2011 ,2101 ,2008 ,2440 ,2158 ,769 ,256 ,12 ,0 ,13154 ,13154 ,647 ,884 ,1698 ,1651 ,1958 ,2588 ,2288 ,896 ,490 ,52 ,2
울산광역시 남구 삼산동(3114057000),48562 ,48562 ,3040 ,4106 ,7333 ,7508 ,8050 ,9288 ,6393 ,2146 ,610 ,88 ,0 ,25501 ,25501 ,1566 ,2168 ,4157 ,4213 ,4097 ,4664 ,3264 ,1136 ,219 ,17 ,0 ,23061 ,23061 ,1474 ,1938 ,3176 ,3295 ,3953 ,4624 ,3129 ,1010 ,391 ,71 ,0
울산광역시 남구 삼호동(3114058500),19824 ,19824 ,973 ,1486 ,2670 ,2241 ,2514 ,4407 ,3530 ,1338 ,600 ,64 ,1 ,10096 ,10096 ,526 ,781 ,1491 ,1220 ,1304 ,2191 ,1754 ,612 ,203 ,14 ,0 ,9728 ,9728 ,447 ,705 ,1179 ,1021 ,1210 ,2216 ,1776 ,726 ,397 ,50 ,1
울산광역시 남구 무거동(3114059500),31473 ,31473 ,1775 ,3130 ,5588 ,3536 ,4434 ,6699 ,4145 ,1444 ,643 ,78 ,1 ,16131 ,16131 ,917 ,1628 ,3236 ,1963 ,2128 ,3216 ,2111 ,679 ,237 ,16 ,0 ,15342 ,15342 ,858 ,1502 ,2352 ,1573 ,2306 ,3483 ,2034 ,765 ,406 ,62 ,1
울산광역시 남구 옥동(3114060000),25463 ,25463 ,1908 ,2832 ,3071 ,2991 ,3907 ,5193 ,3764 ,1314 ,429 ,54 ,0 ,12782 ,12782 ,1007 ,1523 ,1769 ,1570 ,1780 ,2430 ,1879 ,654 ,159 ,11 ,0 ,12681 ,12681 ,901 ,1309 ,1302 ,1421 ,2127 ,2763 ,1885 ,660 ,270 ,43 ,0
울산광역시 남구 대현동(3114062500),31347 ,31347 ,3337 ,3445 ,3063 ,4741 ,5714 ,4928 ,3837 ,1648 ,587 ,45 ,2 ,15685 ,15685 ,1710 ,1780 ,1661 ,2385 ,2802 ,2488 ,1846 ,783 ,216 ,14 ,0 ,15662 ,15662 ,1627 ,1665 ,1402 ,2356 ,2912 ,2440 ,1991 ,865 ,371 ,31 ,2
울산광역시 남구 수암동(3114063500),16328 ,16328 ,1393 ,1730 ,1803 ,2126 ,2477 ,3172 ,2453 ,866 ,271 ,35 ,2 ,8151 ,8151 ,705 ,881 ,979 ,1076 ,1206 ,1540 ,1221 ,426 ,110 ,7 ,0 ,8177 ,8177 ,688 ,849 ,824 ,1050 ,1271 ,1632 ,1232 ,440 ,161 ,28 ,2
울산광역시 남구 선암동(3114064000),13877 ,13877 ,925 ,1162 ,1559 ,1738 ,2092 ,2675 ,2420 ,935 ,341 ,30 ,0 ,7163 ,7163 ,495 ,612 ,848 ,954 ,1103 ,1353 ,1210 ,470 ,115 ,3 ,0 ,6714 ,6714 ,430 ,550 ,711 ,784 ,989 ,1322 ,1210 ,465 ,226 ,27 ,0
울산광역시 남구 야음장생포동(3114067000),8702 ,8702 ,542 ,478 ,740 ,1076 ,1127 ,1557 ,1783 ,960 ,394 ,44 ,1 ,4592 ,4592 ,273 ,270 ,432 ,612 ,654 ,864 ,904 ,426 ,149 ,8 ,0 ,4110 ,4110 ,269 ,208 ,308 ,464 ,473 ,693 ,879 ,534 ,245 ,36 ,1
울산광역시 동구 (3117000000),150850 ,150850 ,11907 ,15819 ,15513 ,19118 ,26531 ,23933 ,24595 ,9976 ,3075 ,373 ,10 ,78697 ,78697 ,6038 ,8407 ,8758 ,10568 ,14352 ,12267 ,12031 ,5079 ,1134 ,62 ,1 ,72153 ,72153 ,5869 ,7412 ,6755 ,8550 ,12179 ,11666 ,12564 ,4897 ,1941 ,311 ,9
울산광역시 동구 방어동(3117051000),39394 ,39394 ,2911 ,4171 ,4024 ,5077 ,7372 ,6648 ,5880 ,2381 ,829 ,99 ,2 ,21259 ,21259 ,1481 ,2280 ,2335 ,2971 ,4201 ,3596 ,2926 ,1174 ,283 ,12 ,0 ,18135 ,18135 ,1430 ,1891 ,1689 ,2106 ,3171 ,3052 ,2954 ,1207 ,546 ,87 ,2
울산광역시 동구 일산동(3117052000),5469 ,5469 ,201 ,337 ,633 ,643 ,802 ,906 ,1166 ,587 ,175 ,19 ,0 ,2950 ,2950 ,102 ,183 ,385 ,401 ,478 ,477 ,552 ,291 ,74 ,7 ,0 ,2519 ,2519 ,99 ,154 ,248 ,242 ,324 ,429 ,614 ,296 ,101 ,12 ,0
울산광역시 동구 화정동(3117053000),18947 ,18947 ,1772 ,1973 ,1765 ,2371 ,3321 ,2987 ,2962 ,1279 ,462 ,54 ,1 ,9695 ,9695 ,897 ,1036 ,957 ,1204 ,1807 ,1533 ,1463 ,636 ,152 ,10 ,0 ,9252 ,9252 ,875 ,937 ,808 ,1167 ,1514 ,1454 ,1499 ,643 ,310 ,44 ,1
울산광역시 동구 대송동(3117054000),11267 ,11267 ,737 ,1092 ,1333 ,1297 ,1886 ,2117 ,1922 ,657 ,205 ,21 ,0 ,5910 ,5910 ,364 ,588 ,763 ,729 ,979 ,1104 ,971 ,331 ,78 ,3 ,0 ,5357 ,5357 ,373 ,504 ,570 ,568 ,907 ,1013 ,951 ,326 ,127 ,18 ,0
울산광역시 동구 전하1동(3117055000),15027 ,15027 ,1176 ,1411 ,1871 ,2026 ,2456 ,2233 ,2374 ,1124 ,316 ,37 ,3 ,7757 ,7757 ,604 ,789 ,932 ,1117 ,1334 ,1125 ,1132 ,582 ,135 ,6 ,1 ,7270 ,7270 ,572 ,622 ,939 ,909 ,1122 ,1108 ,1242 ,542 ,181 ,31 ,2
울산광역시 동구 전하2동(3117056000),20024 ,20024 ,1664 ,2382 ,2054 ,2258 ,3438 ,3485 ,3210 ,1152 ,326 ,53 ,2 ,10149 ,10149 ,818 ,1177 ,1168 ,1159 ,1742 ,1744 ,1613 ,592 ,128 ,8 ,0 ,9875 ,9875 ,846 ,1205 ,886 ,1099 ,1696 ,1741 ,1597 ,560 ,198 ,45 ,2
울산광역시 동구 남목1동(3117058000),8478 ,8478 ,512 ,923 ,764 ,876 ,1431 ,1306 ,1674 ,750 ,215 ,26 ,1 ,4323 ,4323 ,272 ,468 ,448 ,485 ,754 ,646 ,794 ,373 ,79 ,4 ,0 ,4155 ,4155 ,240 ,455 ,316 ,391 ,677 ,660 ,880 ,377 ,136 ,22 ,1
울산광역시 동구 남목2동(3117059000),20552 ,20552 ,1968 ,2215 ,2105 ,3155 ,3679 ,2564 ,3368 ,1214 ,256 ,28 ,0 ,10744 ,10744 ,1000 ,1198 ,1237 ,1733 ,1953 ,1225 ,1592 ,690 ,110 ,6 ,0 ,9808 ,9808 ,968 ,1017 ,868 ,1422 ,1726 ,1339 ,1776 ,524 ,146 ,22 ,0
울산광역시 동구 남목3동(3117060000),11692 ,11692 ,966 ,1315 ,964 ,1415 ,2146 ,1687 ,2039 ,832 ,291 ,36 ,1 ,5910 ,5910 ,500 ,688 ,533 ,769 ,1104 ,817 ,988 ,410 ,95 ,6 ,0 ,5782 ,5782 ,466 ,627 ,431 ,646 ,1042 ,870 ,1051 ,422 ,196 ,30 ,1
울산광역시 북구 (3120000000),218758 ,218758 ,21951 ,24541 ,24204 ,31241 ,39742 ,38845 ,25377 ,8701 ,3621 ,522 ,13 ,113167 ,113167 ,11288 ,12651 ,14013 ,16469 ,20377 ,19433 ,13463 ,4164 ,1215 ,93 ,1 ,105591 ,105591 ,10663 ,11890 ,10191 ,14772 ,19365 ,19412 ,11914 ,4537 ,2406 ,429 ,12
울산광역시 북구 농소1동(3120051000),36375 ,36375 ,3862 ,4259 ,3452 ,4881 ,6969 ,6056 ,4463 ,1678 ,662 ,90 ,3 ,18586 ,18586 ,1965 ,2182 ,1962 ,2514 ,3634 ,2969 ,2350 ,781 ,217 ,12 ,0 ,17789 ,17789 ,1897 ,2077 ,1490 ,2367 ,3335 ,3087 ,2113 ,897 ,445 ,78 ,3
울산광역시 북구 농소2동(3120052000),42485 ,42485 ,5117 ,5154 ,4090 ,6668 ,8296 ,6731 ,4262 ,1438 ,633 ,94 ,2 ,21585 ,21585 ,2668 ,2615 ,2235 ,3421 ,4189 ,3340 ,2214 ,679 ,207 ,17 ,0 ,20900 ,20900 ,2449 ,2539 ,1855 ,3247 ,4107 ,3391 ,2048 ,759 ,426 ,77 ,2
울산광역시 북구 농소3동(3120053000),37240 ,37240 ,2765 ,5963 ,4451 ,3269 ,7595 ,7722 ,3388 ,1392 ,612 ,81 ,2 ,18870 ,18870 ,1411 ,3143 ,2440 ,1654 ,3502 ,4010 ,1860 ,621 ,211 ,17 ,1 ,18370 ,18370 ,1354 ,2820 ,2011 ,1615 ,4093 ,3712 ,1528 ,771 ,401 ,64 ,1
울산광역시 북구 강동동(3120054000),16323 ,16323 ,2278 ,1671 ,935 ,2724 ,3340 ,2080 ,2076 ,763 ,388 ,67 ,1 ,8364 ,8364 ,1160 ,862 ,517 ,1329 ,1820 ,1078 ,1074 ,384 ,127 ,13 ,0 ,7959 ,7959 ,1118 ,809 ,418 ,1395 ,1520 ,1002 ,1002 ,379 ,261 ,54 ,1
울산광역시 북구 효문동(3120056000),29640 ,29640 ,2472 ,2107 ,4078 ,4923 ,4204 ,6046 ,4113 ,1191 ,439 ,64 ,3 ,15932 ,15932 ,1303 ,1074 ,2466 ,2831 ,2315 ,2962 ,2222 ,600 ,147 ,12 ,0 ,13708 ,13708 ,1169 ,1033 ,1612 ,2092 ,1889 ,3084 ,1891 ,591 ,292 ,52 ,3
울산광역시 북구 송정동(3120057000),36875 ,36875 ,4144 ,3852 ,4321 ,5817 ,6380 ,6703 ,3906 ,1159 ,509 ,83 ,1 ,18698 ,18698 ,2121 ,1955 ,2413 ,2910 ,3193 ,3225 ,2111 ,590 ,166 ,14 ,0 ,18177 ,18177 ,2023 ,1897 ,1908 ,2907 ,3187 ,3478 ,1795 ,569 ,343 ,69 ,1
울산광역시 북구 양정동(3120058000),9555 ,9555 ,619 ,716 ,1651 ,1528 ,1420 ,1646 ,1369 ,439 ,146 ,21 ,0 ,5591 ,5591 ,302 ,375 ,1213 ,973 ,835 ,903 ,714 ,219 ,53 ,4 ,0 ,3964 ,3964 ,317 ,341 ,438 ,555 ,585 ,743 ,655 ,220 ,93 ,17 ,0
울산광역시 북구 염포동(3120059000),10265 ,10265 ,694 ,819 ,1226 ,1431 ,1538 ,1861 ,1800 ,641 ,232 ,22 ,1 ,5541 ,5541 ,358 ,445 ,767 ,837 ,889 ,946 ,918 ,290 ,87 ,4 ,0 ,4724 ,4724 ,336 ,374 ,459 ,594 ,649 ,915 ,882 ,351 ,145 ,18 ,1
울산광역시 울주군 (3171000000),221031 ,221031 ,14710 ,21581 ,24190 ,23896 ,34614 ,42958 ,35178 ,15247 ,7464 ,1172 ,21 ,114394 ,114394 ,7604 ,11133 ,13901 ,12907 ,17828 ,22481 ,18376 ,7407 ,2541 ,215 ,1 ,106637 ,106637 ,7106 ,10448 ,10289 ,10989 ,16786 ,20477 ,16802 ,7840 ,4923 ,957 ,20
울산광역시 울주군 온산읍(3171025000),20301 ,20301 ,1206 ,1576 ,2290 ,2629 ,3561 ,4223 ,2935 ,1240 ,571 ,69 ,1 ,11867 ,11867 ,607 ,852 ,1469 ,1718 ,2243 ,2601 ,1575 ,602 ,188 ,12 ,0 ,8434 ,8434 ,599 ,724 ,821 ,911 ,1318 ,1622 ,1360 ,638 ,383 ,57 ,1
울산광역시 울주군 언양읍(3171025300),29728 ,29728 ,2232 ,2957 ,3214 ,3405 ,4576 ,5440 ,4740 ,1993 ,990 ,177 ,4 ,14845 ,14845 ,1095 ,1496 ,1781 ,1794 ,2260 ,2656 ,2445 ,958 ,333 ,27 ,0 ,14883 ,14883 ,1137 ,1461 ,1433 ,1611 ,2316 ,2784 ,2295 ,1035 ,657 ,150 ,4
울산광역시 울주군 온양읍(3171025600),28239 ,28239 ,2088 ,3182 ,2998 ,3160 ,4931 ,5426 ,3920 ,1593 ,822 ,119 ,0 ,14735 ,14735 ,1066 ,1646 ,1662 ,1675 ,2578 ,2940 ,2101 ,773 ,270 ,24 ,0 ,13504 ,13504 ,1022 ,1536 ,1336 ,1485 ,2353 ,2486 ,1819 ,820 ,552 ,95 ,0
울산광역시 울주군 범서읍(3171025900),68478 ,68478 ,5263 ,9426 ,8656 ,6783 ,12212 ,13664 ,8063 ,2953 ,1290 ,165 ,3 ,34405 ,34405 ,2766 ,4850 ,4873 ,3344 ,5636 ,6851 ,4189 ,1417 ,447 ,32 ,0 ,34073 ,34073 ,2497 ,4576 ,3783 ,3439 ,6576 ,6813 ,3874 ,1536 ,843 ,133 ,3
울산광역시 울주군 청량읍(3171026200),18789 ,18789 ,1588 ,1458 ,1913 ,2652 ,2760 ,3491 ,2985 ,1295 ,564 ,80 ,3 ,9680 ,9680 ,840 ,715 ,1055 ,1389 ,1476 ,1824 ,1552 ,623 ,193 ,12 ,1 ,9109 ,9109 ,748 ,743 ,858 ,1263 ,1284 ,1667 ,1433 ,672 ,371 ,68 ,2
울산광역시 울주군 삼남읍(3171026500),22499 ,22499 ,1281 ,1462 ,2667 ,2821 ,3183 ,4384 ,4045 ,1730 ,785 ,139 ,2 ,11672 ,11672 ,676 ,765 ,1587 ,1580 ,1684 ,2212 ,2036 ,839 ,264 ,29 ,0 ,10827 ,10827 ,605 ,697 ,1080 ,1241 ,1499 ,2172 ,2009 ,891 ,521 ,110 ,2
울산광역시 울주군 서생면(3171031000),8475 ,8475 ,409 ,493 ,694 ,791 ,1176 ,1574 ,1823 ,989 ,454 ,71 ,1 ,4629 ,4629 ,227 ,249 ,434 ,448 ,710 ,949 ,965 ,461 ,171 ,15 ,0 ,3846 ,3846 ,182 ,244 ,260 ,343 ,466 ,625 ,858 ,528 ,283 ,56 ,1
울산광역시 울주군 웅촌면(3171034000),7631 ,7631 ,260 ,328 ,703 ,616 ,727 ,1491 ,1949 ,957 ,510 ,90 ,0 ,3892 ,3892 ,128 ,182 ,399 ,343 ,411 ,752 ,1030 ,460 ,166 ,21 ,0 ,3739 ,3739 ,132 ,146 ,304 ,273 ,316 ,739 ,919 ,497 ,344 ,69 ,0
울산광역시 울주군 두동면(3171036000),4274 ,4274 ,116 ,178 ,251 ,268 ,382 ,866 ,1204 ,603 ,343 ,61 ,2 ,2213 ,2213 ,55 ,92 ,153 ,155 ,219 ,457 ,648 ,325 ,102 ,7 ,0 ,2061 ,2061 ,61 ,86 ,98 ,113 ,163 ,409 ,556 ,278 ,241 ,54 ,2
울산광역시 울주군 두서면(3171037000),3036 ,3036 ,40 ,98 ,152 ,162 ,209 ,480 ,911 ,547 ,371 ,66 ,0 ,1543 ,1543 ,20 ,51 ,89 ,96 ,121 ,273 ,486 ,266 ,129 ,12 ,0 ,1493 ,1493 ,20 ,47 ,63 ,66 ,88 ,207 ,425 ,281 ,242 ,54 ,0
울산광역시 울주군 상북면(3171038000),7855 ,7855 ,196 ,382 ,566 ,510 ,772 ,1598 ,2096 ,1056 ,562 ,115 ,2 ,4005 ,4005 ,108 ,213 ,349 ,299 ,404 ,795 ,1083 ,531 ,201 ,22 ,0 ,3850 ,3850 ,88 ,169 ,217 ,211 ,368 ,803 ,1013 ,525 ,361 ,93 ,2
울산광역시 울주군 삼동면(3171040000),1726 ,1726 ,31 ,41 ,86 ,99 ,125 ,321 ,507 ,291 ,202 ,20 ,3 ,908 ,908 ,16 ,22 ,50 ,66 ,86 ,171 ,266 ,152 ,77 ,2 ,0 ,818 ,818 ,15 ,19 ,36 ,33 ,39 ,150 ,241 ,139 ,125 ,18 ,3
세종특별자치시  (3600000000),385825 ,385825 ,45440 ,49607 ,38107 ,60678 ,77194 ,52539 ,36633 ,15938 ,8201 ,1445 ,43 ,192316 ,192316 ,23078 ,25009 ,19488 ,29740 ,38510 ,27507 ,18225 ,7531 ,2944 ,278 ,6 ,193509 ,193509 ,22362 ,24598 ,18619 ,30938 ,38684 ,25032 ,18408 ,8407 ,5257 ,1167 ,37
세종특별자치시  (3611000000),385825 ,385825 ,45440 ,49607 ,38107 ,60678 ,77194 ,52539 ,36633 ,15938 ,8201 ,1445 ,43 ,192316 ,192316 ,23078 ,25009 ,19488 ,29740 ,38510 ,27507 ,18225 ,7531 ,2944 ,278 ,6 ,193509 ,193509 ,22362 ,24598 ,18619 ,30938 ,38684 ,25032 ,18408 ,8407 ,5257 ,1167 ,37
세종특별자치시  조치원읍(3611025000),41970 ,41970 ,2507 ,4152 ,6208 ,4917 ,6412 ,6746 ,5833 ,3162 ,1771 ,255 ,7 ,21850 ,21850 ,1305 ,2125 ,3524 ,2783 ,3374 ,3615 ,2939 ,1431 ,692 ,61 ,1 ,20120 ,20120 ,1202 ,2027 ,2684 ,2134 ,3038 ,3131 ,2894 ,1731 ,1079 ,194 ,6
세종특별자치시  연기면(3611031000),2579 ,2579 ,73 ,86 ,313 ,349 ,311 ,438 ,561 ,255 ,160 ,31 ,2 ,1472 ,1472 ,35 ,44 ,197 ,225 ,207 ,281 ,293 ,136 ,52 ,2 ,0 ,1107 ,1107 ,38 ,42 ,116 ,124 ,104 ,157 ,268 ,119 ,108 ,29 ,2
세종특별자치시  연동면(3611032000),2932 ,2932 ,64 ,115 ,227 ,234 ,302 ,449 ,725 ,428 ,308 ,77 ,3 ,1534 ,1534 ,34 ,53 ,143 ,148 ,185 ,245 ,403 ,214 ,91 ,18 ,0 ,1398 ,1398 ,30 ,62 ,84 ,86 ,117 ,204 ,322 ,214 ,217 ,59 ,3
세종특별자치시  부강면(3611033000),5781 ,5781 ,245 ,322 ,613 ,632 ,711 ,970 ,1162 ,630 ,428 ,68 ,0 ,3197 ,3197 ,117 ,168 ,400 ,415 ,451 ,573 ,613 ,285 ,160 ,15 ,0 ,2584 ,2584 ,128 ,154 ,213 ,217 ,260 ,397 ,549 ,345 ,268 ,53 ,0
세종특별자치시  금남면(3611034000),8567 ,8567 ,260 ,351 ,798 ,840 ,970 ,1420 ,1950 ,1092 ,751 ,131 ,4 ,4604 ,4604 ,137 ,188 ,479 ,520 ,608 ,784 ,1050 ,554 ,261 ,23 ,0 ,3963 ,3963 ,123 ,163 ,319 ,320 ,362 ,636 ,900 ,538 ,490 ,108 ,4
세종특별자치시  장군면(3611035000),6811 ,6811 ,186 ,292 ,904 ,934 ,876 ,1301 ,1235 ,625 ,397 ,60 ,1 ,3990 ,3990 ,96 ,132 ,587 ,635 ,609 ,775 ,679 ,308 ,154 ,15 ,0 ,2821 ,2821 ,90 ,160 ,317 ,299 ,267 ,526 ,556 ,317 ,243 ,45 ,1
세종특별자치시  연서면(3611036000),7118 ,7118 ,257 ,387 ,771 ,682 ,765 ,1127 ,1483 ,912 ,642 ,88 ,4 ,3906 ,3906 ,130 ,193 ,539 ,435 ,454 ,673 ,787 ,429 ,244 ,21 ,1 ,3212 ,3212 ,127 ,194 ,232 ,247 ,311 ,454 ,696 ,483 ,398 ,67 ,3
세종특별자치시  전의면(3611037000),5412 ,5412 ,150 ,336 ,499 ,438 ,626 ,969 ,1114 ,679 ,514 ,82 ,5 ,2883 ,2883 ,73 ,181 ,319 ,271 ,362 ,544 ,604 ,324 ,193 ,12 ,0 ,2529 ,2529 ,77 ,155 ,180 ,167 ,264 ,425 ,510 ,355 ,321 ,70 ,5
세종특별자치시  전동면(3611038000),3231 ,3231 ,63 ,104 ,211 ,213 ,296 ,582 ,873 ,505 ,321 ,63 ,0 ,1728 ,1728 ,27 ,60 ,114 ,137 ,185 ,336 ,495 ,251 ,111 ,12 ,0 ,1503 ,1503 ,36 ,44 ,97 ,76 ,111 ,246 ,378 ,254 ,210 ,51 ,0
세종특별자치시  소정면(3611039000),2194 ,2194 ,63 ,164 ,215 ,172 ,264 ,414 ,447 ,255 ,174 ,25 ,1 ,1167 ,1167 ,23 ,76 ,130 ,114 ,158 ,238 ,241 ,119 ,61 ,7 ,0 ,1027 ,1027 ,40 ,88 ,85 ,58 ,106 ,176 ,206 ,136 ,113 ,18 ,1
세종특별자치시  한솔동(3611051000),18404 ,18404 ,1993 ,3296 ,1705 ,2052 ,4133 ,3014 ,1403 ,539 ,221 ,48 ,0 ,9068 ,9068 ,1060 ,1668 ,874 ,947 ,1926 ,1561 ,707 ,229 ,86 ,10 ,0 ,9336 ,9336 ,933 ,1628 ,831 ,1105 ,2207 ,1453 ,696 ,310 ,135 ,38 ,0
세종특별자치시  새롬동(3611051500),26482 ,26482 ,3609 ,4319 ,2123 ,4162 ,6156 ,3424 ,1880 ,543 ,209 ,54 ,3 ,12851 ,12851 ,1837 ,2139 ,1058 ,1903 ,2964 ,1719 ,888 ,263 ,70 ,9 ,1 ,13631 ,13631 ,1772 ,2180 ,1065 ,2259 ,3192 ,1705 ,992 ,280 ,139 ,45 ,2
세종특별자치시  나성동(3611051800),13409 ,13409 ,1748 ,1728 ,2028 ,2638 ,2831 ,1606 ,552 ,177 ,83 ,18 ,0 ,6567 ,6567 ,851 ,843 ,930 ,1226 ,1419 ,901 ,294 ,81 ,21 ,1 ,0 ,6842 ,6842 ,897 ,885 ,1098 ,1412 ,1412 ,705 ,258 ,96 ,62 ,17 ,0
세종특별자치시  도담동(3611052000),25525 ,25525 ,2798 ,3857 ,2678 ,3506 ,5437 ,3662 ,2185 ,881 ,432 ,88 ,1 ,12195 ,12195 ,1414 ,1961 ,1225 ,1634 ,2499 ,1882 ,1037 ,390 ,140 ,13 ,0 ,13330 ,13330 ,1384 ,1896 ,1453 ,1872 ,2938 ,1780 ,1148 ,491 ,292 ,75 ,1
세종특별자치시  어진동(3611052300),11132 ,11132 ,1452 ,1359 ,1495 ,2391 ,2350 ,1367 ,496 ,145 ,54 ,22 ,1 ,5475 ,5475 ,727 ,663 ,660 ,1164 ,1172 ,754 ,252 ,65 ,17 ,1 ,0 ,5657 ,5657 ,725 ,696 ,835 ,1227 ,1178 ,613 ,244 ,80 ,37 ,21 ,1
세종특별자치시  해밀동(3611052500),8888 ,8888 ,1659 ,1229 ,529 ,1633 ,2143 ,979 ,460 ,176 ,72 ,7 ,1 ,4314 ,4314 ,848 ,599 ,254 ,726 ,1051 ,500 ,224 ,81 ,28 ,2 ,1 ,4574 ,4574 ,811 ,630 ,275 ,907 ,1092 ,479 ,236 ,95 ,44 ,5 ,0
세종특별자치시  아름동(3611053000),23520 ,23520 ,2872 ,4453 ,1850 ,3035 ,5722 ,3287 ,1506 ,557 ,208 ,28 ,2 ,11632 ,11632 ,1467 ,2359 ,925 ,1393 ,2674 ,1758 ,702 ,269 ,78 ,6 ,1 ,11888 ,11888 ,1405 ,2094 ,925 ,1642 ,3048 ,1529 ,804 ,288 ,130 ,22 ,1
세종특별자치시  종촌동(3611054000),28516 ,28516 ,3688 ,4278 ,2442 ,4467 ,6243 ,3795 ,2287 ,917 ,341 ,58 ,0 ,13855 ,13855 ,1873 ,2124 ,1199 ,2098 ,3024 ,1941 ,1042 ,429 ,114 ,11 ,0 ,14661 ,14661 ,1815 ,2154 ,1243 ,2369 ,3219 ,1854 ,1245 ,488 ,227 ,47 ,0
세종특별자치시  고운동(3611055000),35130 ,35130 ,5193 ,5581 ,2507 ,5430 ,8245 ,4083 ,2709 ,1030 ,302 ,50 ,0 ,17227 ,17227 ,2658 ,2857 ,1248 ,2513 ,4048 ,2021 ,1254 ,509 ,108 ,11 ,0 ,17903 ,17903 ,2535 ,2724 ,1259 ,2917 ,4197 ,2062 ,1455 ,521 ,194 ,39 ,0
세종특별자치시  소담동(3611055500),21750 ,21750 ,3220 ,2754 ,1944 ,4096 ,4608 ,2619 ,1715 ,572 ,181 ,39 ,2 ,10578 ,10578 ,1608 ,1374 ,915 ,1938 ,2290 ,1299 ,824 ,267 ,61 ,2 ,0 ,11172 ,11172 ,1612 ,1380 ,1029 ,2158 ,2318 ,1320 ,891 ,305 ,120 ,37 ,2
세종특별자치시  반곡동(3611055600),27708 ,27708 ,4932 ,2426 ,2829 ,7729 ,5140 ,2592 ,1453 ,405 ,147 ,51 ,4 ,13661 ,13661 ,2521 ,1171 ,1237 ,3783 ,2676 ,1304 ,715 ,199 ,43 ,11 ,1 ,14047 ,14047 ,2411 ,1255 ,1592 ,3946 ,2464 ,1288 ,738 ,206 ,104 ,40 ,3
세종특별자치시  보람동(3611056000),18958 ,18958 ,2528 ,2833 ,1726 ,2911 ,4152 ,2583 ,1538 ,492 ,162 ,33 ,0 ,9295 ,9295 ,1262 ,1451 ,840 ,1362 ,2005 ,1315 ,760 ,238 ,56 ,6 ,0 ,9663 ,9663 ,1266 ,1382 ,886 ,1549 ,2147 ,1268 ,778 ,254 ,106 ,27 ,0
세종특별자치시  대평동(3611057000),11228 ,11228 ,1498 ,1171 ,1225 ,1983 ,2075 ,1769 ,1053 ,298 ,129 ,27 ,0 ,5538 ,5538 ,778 ,596 ,627 ,953 ,1030 ,838 ,529 ,147 ,37 ,3 ,0 ,5690 ,5690 ,720 ,575 ,598 ,1030 ,1045 ,931 ,524 ,151 ,92 ,24 ,0
세종특별자치시  다정동(3611058000),28580 ,28580 ,4382 ,4014 ,2267 ,5234 ,6426 ,3343 ,2013 ,663 ,194 ,42 ,2 ,13729 ,13729 ,2197 ,1984 ,1064 ,2417 ,3139 ,1650 ,893 ,313 ,66 ,6 ,0 ,14851 ,14851 ,2185 ,2030 ,1203 ,2817 ,3287 ,1693 ,1120 ,350 ,128 ,36 ,2
경기도  (4100000000),13607919 ,13607919 ,1023072 ,1324705 ,1716816 ,1877554 ,2277910 ,2300892 ,1790601 ,820761 ,413508 ,60187 ,1913 ,6847848 ,6847848 ,523407 ,678810 ,904585 ,976991 ,1160059 ,1162813 ,892893 ,377789 ,155594 ,14479 ,428 ,6760071 ,6760071 ,499665 ,645895 ,812231 ,900563 ,1117851 ,1138079 ,897708 ,442972 ,257914 ,45708 ,1485
북부출장소  (4110500000),0 ,0 ,0 ,0 ,0 ,0 ,0 ,0 ,0 ,0 ,0 ,0 ,0 ,0 ,0 ,0 ,0 ,0 ,0 ,0 ,0 ,0 ,0 ,0 ,0 ,0 ,0 ,0 ,0 ,0 ,0 ,0 ,0 ,0 ,0 ,0 ,0 ,0 ,0
경기도 수원시 (4111000000),1191821 ,1191821 ,84945 ,114400 ,178460 ,180899 ,197255 ,199153 ,141991 ,60763 ,29514 ,4304 ,137 ,600021 ,600021 ,43797 ,59035 ,93307 ,95625 ,99498 ,99017 ,70484 ,27443 ,10759 ,1026 ,30 ,591800 ,591800 ,41148 ,55365 ,85153 ,85274 ,97757 ,100136 ,71507 ,33320 ,18755 ,3278 ,107
경기도 수원시 장안구 (4111100000),269189 ,269189 ,15399 ,26659 ,41326 ,32773 ,41700 ,48962 ,35763 ,16430 ,8804 ,1332 ,41 ,135398 ,135398 ,7826 ,13818 ,22646 ,17453 ,20619 ,24350 ,17777 ,7281 ,3299 ,319 ,10 ,133791 ,133791 ,7573 ,12841 ,18680 ,15320 ,21081 ,24612 ,17986 ,9149 ,5505 ,1013 ,31
경기도 수원시 장안구 파장동(4111156000),22471 ,22471 ,1013 ,1711 ,2931 ,2793 ,3286 ,4259 ,3752 ,1735 ,860 ,125 ,6 ,11367 ,11367 ,519 ,871 ,1613 ,1552 ,1672 ,2171 ,1880 ,753 ,311 ,24 ,1 ,11104 ,11104 ,494 ,840 ,1318 ,1241 ,1614 ,2088 ,1872 ,982 ,549 ,101 ,5
경기도 수원시 장안구 율천동(4111156600),41193 ,41193 ,2425 ,3794 ,9793 ,5381 ,5823 ,6620 ,4412 ,1806 ,981 ,153 ,5 ,21768 ,21768 ,1208 ,1986 ,6028 ,2947 ,2902 ,3262 ,2242 ,796 ,355 ,40 ,2 ,19425 ,19425 ,1217 ,1808 ,3765 ,2434 ,2921 ,3358 ,2170 ,1010 ,626 ,113 ,3
경기도 수원시 장안구 정자1동(4111157100),28029 ,28029 ,1904 ,3155 ,3673 ,3220 ,4779 ,5314 ,3477 ,1541 ,841 ,123 ,2 ,13755 ,13755 ,974 ,1670 ,1957 ,1643 ,2289 ,2567 ,1661 ,664 ,309 ,20 ,1 ,14274 ,14274 ,930 ,1485 ,1716 ,1577 ,2490 ,2747 ,1816 ,877 ,532 ,103 ,1
경기도 수원시 장안구 정자2동(4111157200),36439 ,36439 ,2824 ,3749 ,4820 ,5034 ,6214 ,6222 ,4196 ,2091 ,1149 ,135 ,5 ,17864 ,17864 ,1421 ,1920 ,2427 ,2580 ,3050 ,3099 ,2021 ,875 ,437 ,33 ,1 ,18575 ,18575 ,1403 ,1829 ,2393 ,2454 ,3164 ,3123 ,2175 ,1216 ,712 ,102 ,4
경기도 수원시 장안구 정자3동(4111157300),40258 ,40258 ,2593 ,6260 ,6004 ,4116 ,7561 ,7870 ,3593 ,1357 ,787 ,115 ,2 ,20080 ,20080 ,1352 ,3228 ,3152 ,2072 ,3437 ,3998 ,1939 ,593 ,282 ,27 ,0 ,20178 ,20178 ,1241 ,3032 ,2852 ,2044 ,4124 ,3872 ,1654 ,764 ,505 ,88 ,2
경기도 수원시 장안구 영화동(4111158000),19427 ,19427 ,667 ,1071 ,2407 ,2331 ,2644 ,3681 ,3825 ,1875 ,811 ,109 ,6 ,9926 ,9926 ,335 ,546 ,1266 ,1320 ,1463 ,1914 ,1853 ,866 ,340 ,23 ,0 ,9501 ,9501 ,332 ,525 ,1141 ,1011 ,1181 ,1767 ,1972 ,1009 ,471 ,86 ,6
경기도 수원시 장안구 송죽동(4111159100),18974 ,18974 ,948 ,1627 ,2671 ,2539 ,2838 ,3439 ,2901 ,1254 ,663 ,89 ,5 ,9433 ,9433 ,470 ,849 ,1384 ,1337 ,1475 ,1656 ,1416 ,577 ,248 ,20 ,1 ,9541 ,9541 ,478 ,778 ,1287 ,1202 ,1363 ,1783 ,1485 ,677 ,415 ,69 ,4
경기도 수원시 장안구 조원1동(4111159700),29105 ,29105 ,1433 ,2537 ,4053 ,3685 ,4178 ,5416 ,4359 ,2143 ,1117 ,183 ,1 ,14674 ,14674 ,756 ,1324 ,2128 ,2022 ,2143 ,2692 ,2187 ,956 ,415 ,51 ,0 ,14431 ,14431 ,677 ,1213 ,1925 ,1663 ,2035 ,2724 ,2172 ,1187 ,702 ,132 ,1
경기도 수원시 장안구 조원2동(4111159800),17916 ,17916 ,1077 ,1831 ,2434 ,1935 ,2498 ,3602 ,2553 ,1067 ,757 ,157 ,5 ,8585 ,8585 ,538 ,929 ,1243 ,954 ,1136 ,1620 ,1334 ,483 ,302 ,44 ,2 ,9331 ,9331 ,539 ,902 ,1191 ,981 ,1362 ,1982 ,1219 ,584 ,455 ,113 ,3
경기도 수원시 장안구 연무동(4111160000),15377 ,15377 ,515 ,924 ,2540 ,1739 ,1879 ,2539 ,2695 ,1561 ,838 ,143 ,4 ,7946 ,7946 ,253 ,495 ,1448 ,1026 ,1052 ,1371 ,1244 ,718 ,300 ,37 ,2 ,7431 ,7431 ,262 ,429 ,1092 ,713 ,827 ,1168 ,1451 ,843 ,538 ,106 ,2
경기도 수원시 권선구 (4111300000),367324 ,367324 ,27002 ,32872 ,50816 ,56766 ,60888 ,62208 ,47405 ,19298 ,8742 ,1286 ,41 ,185585 ,185585 ,13985 ,16995 ,26337 ,30227 ,31547 ,30631 ,23503 ,8920 ,3136 ,297 ,7 ,181739 ,181739 ,13017 ,15877 ,24479 ,26539 ,29341 ,31577 ,23902 ,10378 ,5606 ,989 ,34
경기도 수원시 권선구 세류1동(4111352000),9815 ,9815 ,719 ,602 ,1329 ,1623 ,1467 ,1648 ,1404 ,670 ,309 ,42 ,2 ,4963 ,4963 ,359 ,332 ,698 ,868 ,779 ,797 ,693 ,299 ,127 ,11 ,0 ,4852 ,4852 ,360 ,270 ,631 ,755 ,688 ,851 ,711 ,371 ,182 ,31 ,2
경기도 수원시 권선구 세류2동(4111353000),23389 ,23389 ,941 ,1477 ,3521 ,3535 ,3487 ,4064 ,3713 ,1743 ,807 ,93 ,8 ,12082 ,12082 ,472 ,750 ,1864 ,2038 ,1923 ,2096 ,1807 ,803 ,298 ,29 ,2 ,11307 ,11307 ,469 ,727 ,1657 ,1497 ,1564 ,1968 ,1906 ,940 ,509 ,64 ,6
경기도 수원시 권선구 세류3동(4111354000),18194 ,18194 ,689 ,1357 ,2456 ,2400 ,2730 ,3252 ,3017 ,1550 ,658 ,84 ,1 ,9157 ,9157 ,345 ,689 ,1273 ,1344 ,1416 ,1655 ,1455 ,707 ,248 ,25 ,0 ,9037 ,9037 ,344 ,668 ,1183 ,1056 ,1314 ,1597 ,1562 ,843 ,410 ,59 ,1
경기도 수원시 권선구 평동(4111355000),41307 ,41307 ,2949 ,3434 ,5675 ,6113 ,6051 ,7393 ,5937 ,2426 ,1134 ,191 ,4 ,20885 ,20885 ,1554 ,1775 ,3032 ,3222 ,3136 ,3613 ,2965 ,1129 ,423 ,36 ,0 ,20422 ,20422 ,1395 ,1659 ,2643 ,2891 ,2915 ,3780 ,2972 ,1297 ,711 ,155 ,4
경기도 수원시 권선구 서둔동(4111356000),37638 ,37638 ,1931 ,2830 ,5633 ,5471 ,5614 ,6723 ,5585 ,2560 ,1143 ,144 ,4 ,19188 ,19188 ,982 ,1498 ,2922 ,3082 ,3009 ,3390 ,2715 ,1155 ,399 ,35 ,1 ,18450 ,18450 ,949 ,1332 ,2711 ,2389 ,2605 ,3333 ,2870 ,1405 ,744 ,109 ,3
경기도 수원시 권선구 구운동(4111365000),23799 ,23799 ,1119 ,1827 ,3466 ,3158 ,3329 ,4576 ,3888 ,1590 ,738 ,106 ,2 ,12070 ,12070 ,589 ,920 ,1800 ,1775 ,1767 ,2251 ,1946 ,744 ,254 ,23 ,1 ,11729 ,11729 ,530 ,907 ,1666 ,1383 ,1562 ,2325 ,1942 ,846 ,484 ,83 ,1
경기도 수원시 권선구 금곡동(4111366200),44589 ,44589 ,3861 ,5048 ,5621 ,6042 ,7999 ,7587 ,5104 ,2126 ,1034 ,164 ,3 ,21969 ,21969 ,1980 ,2637 ,2872 ,3045 ,3993 ,3573 ,2505 ,946 ,369 ,47 ,2 ,22620 ,22620 ,1881 ,2411 ,2749 ,2997 ,4006 ,4014 ,2599 ,1180 ,665 ,117 ,1
경기도 수원시 권선구 호매실동(4111366400),45381 ,45381 ,5685 ,5126 ,4497 ,7529 ,9175 ,6120 ,4551 ,1792 ,792 ,112 ,2 ,22481 ,22481 ,2985 ,2568 ,2248 ,3600 ,4806 ,2947 ,2220 ,808 ,277 ,22 ,0 ,22900 ,22900 ,2700 ,2558 ,2249 ,3929 ,4369 ,3173 ,2331 ,984 ,515 ,90 ,2
경기도 수원시 권선구 권선1동(4111367000),24423 ,24423 ,1009 ,1469 ,4896 ,4710 ,3408 ,3916 ,3183 ,1231 ,523 ,77 ,1 ,12494 ,12494 ,522 ,787 ,2380 ,2671 ,1741 ,1993 ,1623 ,585 ,177 ,15 ,0 ,11929 ,11929 ,487 ,682 ,2516 ,2039 ,1667 ,1923 ,1560 ,646 ,346 ,62 ,1
경기도 수원시 권선구 권선2동(4111368000),47135 ,47135 ,4369 ,5301 ,5848 ,7047 ,8636 ,7785 ,5549 ,1746 ,740 ,107 ,7 ,23158 ,23158 ,2271 ,2804 ,3062 ,3440 ,4160 ,3609 ,2691 ,844 ,260 ,17 ,0 ,23977 ,23977 ,2098 ,2497 ,2786 ,3607 ,4476 ,4176 ,2858 ,902 ,480 ,90 ,7
경기도 수원시 권선구 곡선동(4111369000),35565 ,35565 ,2463 ,2687 ,5947 ,7261 ,6120 ,6082 ,3371 ,1038 ,489 ,101 ,6 ,18943 ,18943 ,1270 ,1321 ,3170 ,4154 ,3359 ,3167 ,1826 ,487 ,166 ,22 ,1 ,16622 ,16622 ,1193 ,1366 ,2777 ,3107 ,2761 ,2915 ,1545 ,551 ,323 ,79 ,5
경기도 수원시 권선구 입북동(4111370000),16089 ,16089 ,1267 ,1714 ,1927 ,1877 ,2872 ,3062 ,2103 ,826 ,375 ,65 ,1 ,8195 ,8195 ,656 ,914 ,1016 ,988 ,1458 ,1540 ,1057 ,413 ,138 ,15 ,0 ,7894 ,7894 ,611 ,800 ,911 ,889 ,1414 ,1522 ,1046 ,413 ,237 ,50 ,1
경기도 수원시 팔달구 (4111500000),193392 ,193392 ,11322 ,14076 ,30721 ,30840 ,28459 ,31848 ,26346 ,12861 ,6103 ,790 ,26 ,97384 ,97384 ,5816 ,7234 ,15527 ,16770 ,14799 ,16181 ,12834 ,5780 ,2241 ,197 ,5 ,96008 ,96008 ,5506 ,6842 ,15194 ,14070 ,13660 ,15667 ,13512 ,7081 ,3862 ,593 ,21
경기도 수원시 팔달구 매교동(4111565000),20995 ,20995 ,2557 ,1535 ,2596 ,4953 ,3286 ,2783 ,1936 ,884 ,423 ,42 ,0 ,10692 ,10692 ,1351 ,803 ,1250 ,2571 ,1777 ,1434 ,938 ,391 ,162 ,15 ,0 ,10303 ,10303 ,1206 ,732 ,1346 ,2382 ,1509 ,1349 ,998 ,493 ,261 ,27 ,0
경기도 수원시 팔달구 매산동(4111566000),9956 ,9956 ,375 ,436 ,1603 ,1522 ,1393 ,1727 ,1654 ,804 ,382 ,55 ,5 ,5415 ,5415 ,193 ,233 ,899 ,878 ,828 ,959 ,873 ,393 ,139 ,18 ,2 ,4541 ,4541 ,182 ,203 ,704 ,644 ,565 ,768 ,781 ,411 ,243 ,37 ,3
경기도 수원시 팔달구 고등동(4111567000),20481 ,20481 ,1734 ,1339 ,2693 ,3704 ,3046 ,3190 ,2678 ,1442 ,574 ,79 ,2 ,10275 ,10275 ,875 ,669 ,1330 ,1981 ,1634 ,1617 ,1260 ,661 ,235 ,13 ,0 ,10206 ,10206 ,859 ,670 ,1363 ,1723 ,1412 ,1573 ,1418 ,781 ,339 ,66 ,2
경기도 수원시 팔달구 화서1동(4111568000),21657 ,21657 ,1144 ,1935 ,2855 ,2475 ,3261 ,3923 ,3368 ,1786 ,811 ,94 ,5 ,10524 ,10524 ,561 ,996 ,1448 ,1306 ,1589 ,1877 ,1630 ,793 ,293 ,29 ,2 ,11133 ,11133 ,583 ,939 ,1407 ,1169 ,1672 ,2046 ,1738 ,993 ,518 ,65 ,3
경기도 수원시 팔달구 화서2동(4111569000),24803 ,24803 ,1579 ,2510 ,3546 ,3408 ,3750 ,4807 ,3149 ,1271 ,702 ,80 ,1 ,12197 ,12197 ,821 ,1278 ,1812 ,1729 ,1777 ,2310 ,1595 ,592 ,265 ,17 ,1 ,12606 ,12606 ,758 ,1232 ,1734 ,1679 ,1973 ,2497 ,1554 ,679 ,437 ,63 ,0
경기도 수원시 팔달구 지동(4111570000),10023 ,10023 ,291 ,578 ,1244 ,961 ,1368 ,1774 ,2032 ,1119 ,588 ,65 ,3 ,5094 ,5094 ,153 ,308 ,684 ,553 ,750 ,965 ,978 ,482 ,207 ,14 ,0 ,4929 ,4929 ,138 ,270 ,560 ,408 ,618 ,809 ,1054 ,637 ,381 ,51 ,3
경기도 수원시 팔달구 우만1동(4111571000),19423 ,19423 ,705 ,1153 ,3092 ,2842 ,2616 ,3380 ,3126 ,1674 ,742 ,89 ,4 ,9700 ,9700 ,374 ,607 ,1653 ,1600 ,1383 ,1704 ,1419 ,697 ,247 ,16 ,0 ,9723 ,9723 ,331 ,546 ,1439 ,1242 ,1233 ,1676 ,1707 ,977 ,495 ,73 ,4
경기도 수원시 팔달구 우만2동(4111572000),17036 ,17036 ,961 ,1595 ,3605 ,2301 ,2490 ,2730 ,2015 ,859 ,402 ,78 ,0 ,8532 ,8532 ,494 ,858 ,1950 ,1249 ,1199 ,1301 ,943 ,382 ,136 ,20 ,0 ,8504 ,8504 ,467 ,737 ,1655 ,1052 ,1291 ,1429 ,1072 ,477 ,266 ,58 ,0
경기도 수원시 팔달구 인계동(4111573000),39152 ,39152 ,1738 ,2604 ,8131 ,7408 ,6031 ,5781 ,4429 ,1962 ,929 ,134 ,5 ,19692 ,19692 ,872 ,1278 ,3842 ,4163 ,3150 ,2977 ,2150 ,891 ,338 ,31 ,0 ,19460 ,19460 ,866 ,1326 ,4289 ,3245 ,2881 ,2804 ,2279 ,1071 ,591 ,103 ,5
경기도 수원시 팔달구 행궁동(4111574000),9866 ,9866 ,238 ,391 ,1356 ,1266 ,1218 ,1753 ,1959 ,1060 ,550 ,74 ,1 ,5263 ,5263 ,122 ,204 ,659 ,740 ,712 ,1037 ,1048 ,498 ,219 ,24 ,0 ,4603 ,4603 ,116 ,187 ,697 ,526 ,506 ,716 ,911 ,562 ,331 ,50 ,1
경기도 수원시 영통구 (4111700000),361916 ,361916 ,31222 ,40793 ,55597 ,60520 ,66208 ,56135 ,32477 ,12174 ,5865 ,896 ,29 ,181654 ,181654 ,16170 ,20988 ,28797 ,31175 ,32533 ,27855 ,16370 ,5462 ,2083 ,213 ,8 ,180262 ,180262 ,15052 ,19805 ,26800 ,29345 ,33675 ,28280 ,16107 ,6712 ,3782 ,683 ,21
경기도 수원시 영통구 매탄1동(4111751000),12090 ,12090 ,696 ,1215 ,2015 ,1482 ,2004 ,2172 ,1469 ,718 ,288 ,30 ,1 ,6138 ,6138 ,343 ,630 ,1103 ,796 ,1009 ,1102 ,702 ,338 ,108 ,7 ,0 ,5952 ,5952 ,353 ,585 ,912 ,686 ,995 ,1070 ,767 ,380 ,180 ,23 ,1
경기도 수원시 영통구 매탄2동(4111752000),14182 ,14182 ,684 ,1301 ,2206 ,1871 ,2154 ,2567 ,2047 ,867 ,423 ,60 ,2 ,7082 ,7082 ,373 ,681 ,1140 ,1025 ,1069 ,1217 ,1016 ,402 ,147 ,12 ,0 ,7100 ,7100 ,311 ,620 ,1066 ,846 ,1085 ,1350 ,1031 ,465 ,276 ,48 ,2
경기도 수원시 영통구 매탄3동(4111753000),35058 ,35058 ,2209 ,3982 ,6266 ,5207 ,6191 ,5852 ,3313 ,1279 ,674 ,83 ,2 ,18246 ,18246 ,1145 ,2011 ,3524 ,3004 ,3067 ,2974 ,1668 ,601 ,233 ,19 ,0 ,16812 ,16812 ,1064 ,1971 ,2742 ,2203 ,3124 ,2878 ,1645 ,678 ,441 ,64 ,2
경기도 수원시 영통구 매탄4동(4111754000),20906 ,20906 ,1005 ,1904 ,3466 ,3092 ,3195 ,3766 ,2747 ,1121 ,534 ,73 ,3 ,10181 ,10181 ,538 ,981 ,1801 ,1666 ,1480 ,1772 ,1275 ,479 ,174 ,14 ,1 ,10725 ,10725 ,467 ,923 ,1665 ,1426 ,1715 ,1994 ,1472 ,642 ,360 ,59 ,2
경기도 수원시 영통구 원천동(4111755000),40602 ,40602 ,3744 ,3939 ,6663 ,7284 ,7663 ,5343 ,3663 ,1497 ,688 ,117 ,1 ,20506 ,20506 ,1921 ,2050 ,3357 ,3748 ,3953 ,2756 ,1765 ,672 ,259 ,25 ,0 ,20096 ,20096 ,1823 ,1889 ,3306 ,3536 ,3710 ,2587 ,1898 ,825 ,429 ,92 ,1
경기도 수원시 영통구 영통1동(4111757000),33730 ,33730 ,2694 ,4406 ,4434 ,5102 ,6288 ,5883 ,3080 ,1113 ,641 ,86 ,3 ,16569 ,16569 ,1399 ,2299 ,2249 ,2548 ,2953 ,2826 ,1585 ,451 ,232 ,26 ,1 ,17161 ,17161 ,1295 ,2107 ,2185 ,2554 ,3335 ,3057 ,1495 ,662 ,409 ,60 ,2
경기도 수원시 영통구 영통2동(4111758000),26002 ,26002 ,2055 ,1990 ,5349 ,6726 ,4021 ,3373 ,1504 ,583 ,347 ,51 ,3 ,13881 ,13881 ,1066 ,1030 ,2995 ,3891 ,2050 ,1708 ,776 ,233 ,117 ,14 ,1 ,12121 ,12121 ,989 ,960 ,2354 ,2835 ,1971 ,1665 ,728 ,350 ,230 ,37 ,2
경기도 수원시 영통구 영통3동(4111758500),32099 ,32099 ,2037 ,4036 ,6538 ,4273 ,5426 ,5526 ,2814 ,862 ,489 ,95 ,3 ,16492 ,16492 ,1043 ,2067 ,3589 ,2309 ,2559 ,2787 ,1552 ,378 ,185 ,22 ,1 ,15607 ,15607 ,994 ,1969 ,2949 ,1964 ,2867 ,2739 ,1262 ,484 ,304 ,73 ,2
경기도 수원시 영통구 망포1동(4111759300),31955 ,31955 ,3280 ,3945 ,4250 ,5193 ,5829 ,5230 ,2825 ,877 ,443 ,80 ,3 ,16062 ,16062 ,1687 ,1977 ,2302 ,2592 ,2871 ,2572 ,1500 ,392 ,148 ,20 ,1 ,15893 ,15893 ,1593 ,1968 ,1948 ,2601 ,2958 ,2658 ,1325 ,485 ,295 ,60 ,2
경기도 수원시 영통구 망포2동(4111759600),33212 ,33212 ,5177 ,4043 ,3180 ,6291 ,7240 ,4185 ,2107 ,640 ,299 ,47 ,3 ,16546 ,16546 ,2664 ,2122 ,1578 ,2934 ,3672 ,2085 ,1068 ,311 ,97 ,14 ,1 ,16666 ,16666 ,2513 ,1921 ,1602 ,3357 ,3568 ,2100 ,1039 ,329 ,202 ,33 ,2
경기도 수원시 영통구 광교1동(4111760000),53087 ,53087 ,4671 ,6877 ,8325 ,9106 ,10469 ,7850 ,3880 ,1280 ,541 ,85 ,3 ,26084 ,26084 ,2479 ,3541 ,3752 ,4384 ,5010 ,4013 ,2059 ,610 ,214 ,21 ,1 ,27003 ,27003 ,2192 ,3336 ,4573 ,4722 ,5459 ,3837 ,1821 ,670 ,327 ,64 ,2
경기도 수원시 영통구 광교2동(4111761000),28993 ,28993 ,2970 ,3155 ,2905 ,4893 ,5728 ,4388 ,3028 ,1337 ,498 ,89 ,2 ,13867 ,13867 ,1512 ,1599 ,1407 ,2278 ,2840 ,2043 ,1404 ,595 ,169 ,19 ,1 ,15126 ,15126 ,1458 ,1556 ,1498 ,2615 ,2888 ,2345 ,1624 ,742 ,329 ,70 ,1
경기도 성남시 (4113000000),923344 ,923344 ,62130 ,84208 ,119563 ,134427 ,149496 ,154187 ,125328 ,60594 ,28810 ,4458 ,143 ,457190 ,457190 ,31612 ,43055 ,61384 ,68883 ,73928 ,76994 ,61230 ,27660 ,11286 ,1122 ,36 ,466154 ,466154 ,30518 ,41153 ,58179 ,65544 ,75568 ,77193 ,64098 ,32934 ,17524 ,3336 ,107
경기도 성남시 수정구 (4113100000),230244 ,230244 ,13796 ,16390 ,31133 ,33885 ,34831 ,38724 ,35467 ,17649 ,7411 ,926 ,32 ,116792 ,116792 ,6968 ,8322 ,16466 ,18193 ,18388 ,20016 ,17442 ,8001 ,2787 ,205 ,4 ,113452 ,113452 ,6828 ,8068 ,14667 ,15692 ,16443 ,18708 ,18025 ,9648 ,4624 ,721 ,28
경기도 성남시 수정구 신흥1동(4113151000),13063 ,13063 ,388 ,653 ,1783 ,1809 ,1857 ,2418 ,2453 ,1150 ,503 ,48 ,1 ,6890 ,6890 ,196 ,346 ,940 ,1064 ,1100 ,1366 ,1215 ,482 ,171 ,10 ,0 ,6173 ,6173 ,192 ,307 ,843 ,745 ,757 ,1052 ,1238 ,668 ,332 ,38 ,1
경기도 성남시 수정구 신흥2동(4113152000),19915 ,19915 ,1655 ,1532 ,2307 ,3142 ,3098 ,3343 ,3018 ,1328 ,424 ,64 ,4 ,9670 ,9670 ,822 ,777 ,1161 ,1568 ,1507 ,1573 ,1424 ,647 ,171 ,19 ,1 ,10245 ,10245 ,833 ,755 ,1146 ,1574 ,1591 ,1770 ,1594 ,681 ,253 ,45 ,3
경기도 성남시 수정구 신흥3동(4113153000),11151 ,11151 ,356 ,565 ,1569 ,1502 ,1572 ,2137 ,2004 ,999 ,396 ,51 ,0 ,5970 ,5970 ,166 ,304 ,840 ,869 ,902 ,1223 ,1047 ,450 ,160 ,9 ,0 ,5181 ,5181 ,190 ,261 ,729 ,633 ,670 ,914 ,957 ,549 ,236 ,42 ,0
경기도 성남시 수정구 태평1동(4113154000),14895 ,14895 ,437 ,681 ,2596 ,2095 ,1867 ,2523 ,2484 ,1486 ,654 ,68 ,4 ,7743 ,7743 ,219 ,363 ,1398 ,1213 ,1048 ,1342 ,1240 ,644 ,261 ,15 ,0 ,7152 ,7152 ,218 ,318 ,1198 ,882 ,819 ,1181 ,1244 ,842 ,393 ,53 ,4
경기도 성남시 수정구 태평2동(4113155000),14799 ,14799 ,578 ,954 ,2201 ,2045 ,1980 ,2699 ,2372 ,1283 ,604 ,79 ,4 ,7467 ,7467 ,278 ,510 ,1176 ,1156 ,1046 ,1378 ,1148 ,555 ,205 ,15 ,0 ,7332 ,7332 ,300 ,444 ,1025 ,889 ,934 ,1321 ,1224 ,728 ,399 ,64 ,4
경기도 성남시 수정구 태평3동(4113156000),12869 ,12869 ,463 ,817 ,1713 ,1660 ,1738 ,2401 ,2365 ,1143 ,517 ,52 ,0 ,6638 ,6638 ,234 ,400 ,965 ,937 ,924 ,1292 ,1180 ,520 ,176 ,10 ,0 ,6231 ,6231 ,229 ,417 ,748 ,723 ,814 ,1109 ,1185 ,623 ,341 ,42 ,0
경기도 성남시 수정구 태평4동(4113156100),12536 ,12536 ,498 ,975 ,1907 ,1501 ,1818 ,2269 ,1953 ,1037 ,524 ,51 ,3 ,6388 ,6388 ,251 ,501 ,1026 ,849 ,937 ,1184 ,978 ,454 ,200 ,8 ,0 ,6148 ,6148 ,247 ,474 ,881 ,652 ,881 ,1085 ,975 ,583 ,324 ,43 ,3
경기도 성남시 수정구 수진1동(4113157000),11887 ,11887 ,282 ,546 ,1519 ,1453 ,1468 ,2362 ,2448 ,1239 ,508 ,61 ,1 ,6240 ,6240 ,143 ,285 ,843 ,860 ,829 ,1323 ,1213 ,560 ,169 ,15 ,0 ,5647 ,5647 ,139 ,261 ,676 ,593 ,639 ,1039 ,1235 ,679 ,339 ,46 ,1
경기도 성남시 수정구 수진2동(4113158000),15421 ,15421 ,566 ,981 ,2117 ,1909 ,2122 ,2619 ,2855 ,1551 ,641 ,58 ,2 ,7839 ,7839 ,275 ,507 ,1143 ,1074 ,1099 ,1331 ,1400 ,705 ,288 ,16 ,1 ,7582 ,7582 ,291 ,474 ,974 ,835 ,1023 ,1288 ,1455 ,846 ,353 ,42 ,1
경기도 성남시 수정구 단대동(4113159000),14971 ,14971 ,856 ,1189 ,1889 ,2049 ,2210 ,2556 ,2339 ,1251 ,565 ,64 ,3 ,7342 ,7342 ,431 ,613 ,973 ,1059 ,1149 ,1255 ,1105 ,531 ,211 ,15 ,0 ,7629 ,7629 ,425 ,576 ,916 ,990 ,1061 ,1301 ,1234 ,720 ,354 ,49 ,3
경기도 성남시 수정구 산성동(4113160000),4904 ,4904 ,247 ,431 ,616 ,556 ,747 ,836 ,786 ,457 ,208 ,19 ,1 ,2466 ,2466 ,134 ,221 ,336 ,300 ,391 ,422 ,376 ,197 ,86 ,3 ,0 ,2438 ,2438 ,113 ,210 ,280 ,256 ,356 ,414 ,410 ,260 ,122 ,16 ,1
경기도 성남시 수정구 양지동(4113161000),9567 ,9567 ,403 ,831 ,1310 ,975 ,1453 ,1780 ,1519 ,871 ,383 ,39 ,3 ,4745 ,4745 ,214 ,414 ,667 ,538 ,735 ,912 ,731 ,373 ,149 ,11 ,1 ,4822 ,4822 ,189 ,417 ,643 ,437 ,718 ,868 ,788 ,498 ,234 ,28 ,2
경기도 성남시 수정구 복정동(4113162000),10655 ,10655 ,549 ,511 ,2210 ,2222 ,1871 ,1457 ,1101 ,524 ,170 ,39 ,1 ,5975 ,5975 ,280 ,270 ,1224 ,1337 ,1133 ,828 ,560 ,265 ,70 ,8 ,0 ,4680 ,4680 ,269 ,241 ,986 ,885 ,738 ,629 ,541 ,259 ,100 ,31 ,1
경기도 성남시 수정구 위례동(4113162500),44207 ,44207 ,4565 ,4411 ,4705 ,6824 ,8202 ,6747 ,5538 ,2168 ,883 ,162 ,2 ,21544 ,21544 ,2335 ,2128 ,2326 ,3229 ,4092 ,3289 ,2730 ,1054 ,325 ,35 ,1 ,22663 ,22663 ,2230 ,2283 ,2379 ,3595 ,4110 ,3458 ,2808 ,1114 ,558 ,127 ,1
경기도 성남시 수정구 신촌동(4113163000),4555 ,4555 ,467 ,430 ,724 ,847 ,681 ,584 ,496 ,219 ,90 ,17 ,0 ,2435 ,2435 ,219 ,236 ,481 ,449 ,365 ,297 ,246 ,99 ,38 ,5 ,0 ,2120 ,2120 ,248 ,194 ,243 ,398 ,316 ,287 ,250 ,120 ,52 ,12 ,0
경기도 성남시 수정구 고등동(4113164000),11457 ,11457 ,1339 ,750 ,1314 ,2603 ,1710 ,1566 ,1233 ,670 ,227 ,43 ,2 ,5651 ,5651 ,694 ,380 ,623 ,1286 ,897 ,774 ,591 ,335 ,63 ,8 ,0 ,5806 ,5806 ,645 ,370 ,691 ,1317 ,813 ,792 ,642 ,335 ,164 ,35 ,2
경기도 성남시 수정구 시흥동(4113165000),3392 ,3392 ,147 ,133 ,653 ,693 ,437 ,427 ,503 ,273 ,114 ,11 ,1 ,1789 ,1789 ,77 ,67 ,344 ,405 ,234 ,227 ,258 ,130 ,44 ,3 ,0 ,1603 ,1603 ,70 ,66 ,309 ,288 ,203 ,200 ,245 ,143 ,70 ,8 ,1
경기도 성남시 중원구 (4113300000),214304 ,214304 ,12817 ,15346 ,28111 ,33070 ,31789 ,35983 ,33537 ,15912 ,6879 ,833 ,27 ,108292 ,108292 ,6451 ,7929 ,14559 ,17801 ,16733 ,18222 ,16457 ,7347 ,2616 ,169 ,8 ,106012 ,106012 ,6366 ,7417 ,13552 ,15269 ,15056 ,17761 ,17080 ,8565 ,4263 ,664 ,19
경기도 성남시 중원구 성남동(4113351000),32991 ,32991 ,1210 ,1808 ,5358 ,5724 ,4583 ,5286 ,5025 ,2619 ,1228 ,146 ,4 ,17241 ,17241 ,590 ,923 ,2778 ,3317 ,2562 ,2793 ,2541 ,1213 ,486 ,36 ,2 ,15750 ,15750 ,620 ,885 ,2580 ,2407 ,2021 ,2493 ,2484 ,1406 ,742 ,110 ,2
경기도 성남시 중원구 중앙동(4113352500),17024 ,17024 ,1475 ,1101 ,1767 ,2897 ,2777 ,2742 ,2490 ,1207 ,509 ,57 ,2 ,8744 ,8744 ,749 ,570 ,938 ,1525 ,1495 ,1441 ,1242 ,561 ,212 ,10 ,1 ,8280 ,8280 ,726 ,531 ,829 ,1372 ,1282 ,1301 ,1248 ,646 ,297 ,47 ,1
경기도 성남시 중원구 금광1동(4113353000),19119 ,19119 ,2142 ,1100 ,2047 ,4523 ,2989 ,2558 ,2381 ,947 ,378 ,52 ,2 ,9525 ,9525 ,1062 ,574 ,992 ,2297 ,1631 ,1216 ,1148 ,447 ,143 ,14 ,1 ,9594 ,9594 ,1080 ,526 ,1055 ,2226 ,1358 ,1342 ,1233 ,500 ,235 ,38 ,1
경기도 성남시 중원구 금광2동(4113354000),25152 ,25152 ,1241 ,1766 ,3497 ,3650 ,3689 ,4229 ,4139 ,1996 ,847 ,92 ,6 ,12401 ,12401 ,616 ,867 ,1722 ,1919 ,1862 ,2156 ,1972 ,933 ,331 ,22 ,1 ,12751 ,12751 ,625 ,899 ,1775 ,1731 ,1827 ,2073 ,2167 ,1063 ,516 ,70 ,5
경기도 성남시 중원구 은행1동(4113355000),9947 ,9947 ,480 ,904 ,1678 ,1326 ,1357 ,1704 ,1395 ,747 ,328 ,27 ,1 ,4884 ,4884 ,252 ,461 ,814 ,717 ,656 ,842 ,676 ,337 ,124 ,4 ,1 ,5063 ,5063 ,228 ,443 ,864 ,609 ,701 ,862 ,719 ,410 ,204 ,23 ,0
경기도 성남시 중원구 은행2동(4113356000),22848 ,22848 ,960 ,1673 ,3151 ,2945 ,3114 ,4205 ,3748 ,2002 ,947 ,103 ,0 ,11310 ,11310 ,501 ,869 ,1647 ,1604 ,1602 ,2078 ,1797 ,836 ,355 ,21 ,0 ,11538 ,11538 ,459 ,804 ,1504 ,1341 ,1512 ,2127 ,1951 ,1166 ,592 ,82 ,0
경기도 성남시 중원구 상대원1동(4113357000),24773 ,24773 ,1288 ,1653 ,3080 ,3662 ,3585 ,4440 ,4265 ,1914 ,780 ,102 ,4 ,12893 ,12893 ,656 ,865 ,1702 ,2074 ,1993 ,2297 ,2102 ,888 ,296 ,19 ,1 ,11880 ,11880 ,632 ,788 ,1378 ,1588 ,1592 ,2143 ,2163 ,1026 ,484 ,83 ,3
경기도 성남시 중원구 상대원2동(4113358000),3554 ,3554 ,144 ,205 ,412 ,426 ,480 ,741 ,690 ,310 ,129 ,14 ,3 ,1889 ,1889 ,77 ,92 ,223 ,234 ,267 ,431 ,369 ,144 ,49 ,2 ,1 ,1665 ,1665 ,67 ,113 ,189 ,192 ,213 ,310 ,321 ,166 ,80 ,12 ,2
경기도 성남시 중원구 상대원3동(4113359000),12132 ,12132 ,424 ,777 ,1458 ,1531 ,1647 ,2297 ,2366 ,1133 ,448 ,49 ,2 ,6341 ,6341 ,203 ,411 ,795 ,889 ,915 ,1205 ,1211 ,550 ,157 ,5 ,0 ,5791 ,5791 ,221 ,366 ,663 ,642 ,732 ,1092 ,1155 ,583 ,291 ,44 ,2
경기도 성남시 중원구 하대원동(4113366000),19903 ,19903 ,1126 ,1581 ,2642 ,2671 ,2730 ,3561 ,3524 ,1399 ,589 ,78 ,2 ,10048 ,10048 ,546 ,866 ,1408 ,1418 ,1405 ,1734 ,1786 ,662 ,210 ,13 ,0 ,9855 ,9855 ,580 ,715 ,1234 ,1253 ,1325 ,1827 ,1738 ,737 ,379 ,65 ,2
경기도 성남시 중원구 도촌동(4113367000),26861 ,26861 ,2327 ,2778 ,3021 ,3715 ,4838 ,4220 ,3514 ,1638 ,696 ,113 ,1 ,13016 ,13016 ,1199 ,1431 ,1540 ,1807 ,2345 ,2029 ,1613 ,776 ,253 ,23 ,0 ,13845 ,13845 ,1128 ,1347 ,1481 ,1908 ,2493 ,2191 ,1901 ,862 ,443 ,90 ,1
경기도 성남시 분당구 (4113500000),478796 ,478796 ,35517 ,52472 ,60319 ,67472 ,82876 ,79480 ,56324 ,27033 ,14520 ,2699 ,84 ,232106 ,232106 ,18193 ,26804 ,30359 ,32889 ,38807 ,38756 ,27331 ,12312 ,5883 ,748 ,24 ,246690 ,246690 ,17324 ,25668 ,29960 ,34583 ,44069 ,40724 ,28993 ,14721 ,8637 ,1951 ,60
경기도 성남시 분당구 분당동(4113551000),25208 ,25208 ,1665 ,2800 ,3317 ,3429 ,4090 ,4272 ,3186 ,1485 ,812 ,146 ,6 ,12397 ,12397 ,838 ,1461 ,1724 ,1784 ,1915 ,2052 ,1537 ,694 ,355 ,36 ,1 ,12811 ,12811 ,827 ,1339 ,1593 ,1645 ,2175 ,2220 ,1649 ,791 ,457 ,110 ,5
경기도 성남시 분당구 수내1동(4113552000),17862 ,17862 ,1111 ,2227 ,2277 ,2301 ,3556 ,3057 ,1552 ,920 ,722 ,135 ,4 ,8469 ,8469 ,560 ,1143 ,1091 ,1093 ,1588 ,1551 ,757 ,372 ,269 ,44 ,1 ,9393 ,9393 ,551 ,1084 ,1186 ,1208 ,1968 ,1506 ,795 ,548 ,453 ,91 ,3
경기도 성남시 분당구 수내2동(4113553000),10370 ,10370 ,988 ,2035 ,898 ,728 ,2519 ,1608 ,787 ,464 ,289 ,52 ,2 ,5054 ,5054 ,471 ,1026 ,489 ,297 ,1146 ,895 ,377 ,212 ,126 ,13 ,2 ,5316 ,5316 ,517 ,1009 ,409 ,431 ,1373 ,713 ,410 ,252 ,163 ,39 ,0
경기도 성남시 분당구 수내3동(4113554000),13468 ,13468 ,811 ,2315 ,1777 ,1372 ,2852 ,2273 ,1237 ,527 ,271 ,32 ,1 ,6722 ,6722 ,423 ,1193 ,957 ,698 ,1306 ,1174 ,620 ,239 ,107 ,5 ,0 ,6746 ,6746 ,388 ,1122 ,820 ,674 ,1546 ,1099 ,617 ,288 ,164 ,27 ,1
경기도 성남시 분당구 정자동(4113554500),18847 ,18847 ,1246 ,1741 ,2822 ,3228 ,2992 ,2897 ,2226 ,1126 ,493 ,73 ,3 ,9450 ,9450 ,629 ,894 ,1495 ,1714 ,1457 ,1409 ,1069 ,542 ,228 ,13 ,0 ,9397 ,9397 ,617 ,847 ,1327 ,1514 ,1535 ,1488 ,1157 ,584 ,265 ,60 ,3
경기도 성남시 분당구 정자1동(4113555000),30111 ,30111 ,1719 ,3317 ,4300 ,4775 ,5535 ,4926 ,2738 ,1639 ,1014 ,139 ,9 ,14222 ,14222 ,857 ,1669 ,1936 ,2220 ,2486 ,2403 ,1351 ,751 ,488 ,56 ,5 ,15889 ,15889 ,862 ,1648 ,2364 ,2555 ,3049 ,2523 ,1387 ,888 ,526 ,83 ,4
경기도 성남시 분당구 정자2동(4113556000),14744 ,14744 ,734 ,1195 ,1783 ,2743 ,2302 ,2289 ,1868 ,1019 ,682 ,127 ,2 ,6979 ,6979 ,405 ,643 ,880 ,1385 ,1068 ,1093 ,881 ,405 ,193 ,26 ,0 ,7765 ,7765 ,329 ,552 ,903 ,1358 ,1234 ,1196 ,987 ,614 ,489 ,101 ,2
경기도 성남시 분당구 정자3동(4113557000),16965 ,16965 ,1437 ,1954 ,2075 ,2342 ,3109 ,2812 ,1677 ,847 ,577 ,132 ,3 ,8218 ,8218 ,730 ,991 ,1073 ,1137 ,1472 ,1369 ,816 ,348 ,237 ,43 ,2 ,8747 ,8747 ,707 ,963 ,1002 ,1205 ,1637 ,1443 ,861 ,499 ,340 ,89 ,1
경기도 성남시 분당구 서현1동(4113558000),31172 ,31172 ,2040 ,4121 ,4166 ,4046 ,5764 ,5227 ,3092 ,1552 ,975 ,186 ,3 ,15125 ,15125 ,1061 ,2077 ,2066 ,2003 ,2651 ,2592 ,1512 ,696 ,411 ,56 ,0 ,16047 ,16047 ,979 ,2044 ,2100 ,2043 ,3113 ,2635 ,1580 ,856 ,564 ,130 ,3
경기도 성남시 분당구 서현2동(4113559000),17831 ,17831 ,1174 ,2122 ,2479 ,2236 ,2901 ,3257 ,2208 ,874 ,480 ,99 ,1 ,8794 ,8794 ,603 ,1108 ,1322 ,1131 ,1337 ,1563 ,1096 ,415 ,193 ,26 ,0 ,9037 ,9037 ,571 ,1014 ,1157 ,1105 ,1564 ,1694 ,1112 ,459 ,287 ,73 ,1
경기도 성남시 분당구 이매1동(4113560000),24953 ,24953 ,1981 ,2987 ,3040 ,3332 ,4222 ,4254 ,2886 ,1405 ,684 ,157 ,5 ,12230 ,12230 ,1044 ,1513 ,1574 ,1658 ,1939 ,2097 ,1402 ,670 ,290 ,40 ,3 ,12723 ,12723 ,937 ,1474 ,1466 ,1674 ,2283 ,2157 ,1484 ,735 ,394 ,117 ,2
경기도 성남시 분당구 이매2동(4113561000),13195 ,13195 ,878 ,1704 ,1617 ,1306 ,2112 ,2393 ,1791 ,866 ,427 ,97 ,4 ,6420 ,6420 ,446 ,894 ,810 ,613 ,920 ,1195 ,902 ,414 ,198 ,26 ,2 ,6775 ,6775 ,432 ,810 ,807 ,693 ,1192 ,1198 ,889 ,452 ,229 ,71 ,2
경기도 성남시 분당구 야탑1동(4113562000),16974 ,16974 ,1152 ,1209 ,2456 ,2667 ,2522 ,2650 ,2389 ,1284 ,548 ,92 ,5 ,8426 ,8426 ,580 ,638 ,1271 ,1379 ,1248 ,1279 ,1167 ,599 ,233 ,29 ,3 ,8548 ,8548 ,572 ,571 ,1185 ,1288 ,1274 ,1371 ,1222 ,685 ,315 ,63 ,2
경기도 성남시 분당구 야탑2동(4113563000),15961 ,15961 ,1102 ,1648 ,1833 ,1918 ,2605 ,2461 ,2372 ,1247 ,654 ,116 ,5 ,7557 ,7557 ,569 ,798 ,905 ,910 ,1187 ,1153 ,1139 ,586 ,273 ,36 ,1 ,8404 ,8404 ,533 ,850 ,928 ,1008 ,1418 ,1308 ,1233 ,661 ,381 ,80 ,4
경기도 성남시 분당구 야탑3동(4113564000),27215 ,27215 ,1805 ,1855 ,3495 ,4900 ,3923 ,4211 ,4142 ,1851 ,875 ,153 ,5 ,13433 ,13433 ,960 ,907 ,1868 ,2634 ,1998 ,1962 ,1930 ,839 ,309 ,25 ,1 ,13782 ,13782 ,845 ,948 ,1627 ,2266 ,1925 ,2249 ,2212 ,1012 ,566 ,128 ,4
경기도 성남시 분당구 판교동(4113565000),26407 ,26407 ,2837 ,3736 ,2582 ,3276 ,5519 ,4314 ,2639 ,1024 ,400 ,78 ,2 ,12976 ,12976 ,1466 ,1953 ,1283 ,1448 ,2591 ,2214 ,1329 ,503 ,169 ,19 ,1 ,13431 ,13431 ,1371 ,1783 ,1299 ,1828 ,2928 ,2100 ,1310 ,521 ,231 ,59 ,1
경기도 성남시 분당구 삼평동(4113565500),24145 ,24145 ,2258 ,2872 ,2927 ,3235 ,4480 ,4071 ,2645 ,1079 ,499 ,76 ,3 ,11675 ,11675 ,1148 ,1460 ,1460 ,1469 ,2142 ,2016 ,1262 ,502 ,203 ,13 ,0 ,12470 ,12470 ,1110 ,1412 ,1467 ,1766 ,2338 ,2055 ,1383 ,577 ,296 ,63 ,3
경기도 성남시 분당구 백현동(4113565700),26952 ,26952 ,2114 ,3071 ,3572 ,3382 ,4465 ,4953 ,3416 ,1331 ,553 ,94 ,1 ,12961 ,12961 ,1079 ,1614 ,1769 ,1572 ,2109 ,2322 ,1652 ,612 ,206 ,26 ,0 ,13991 ,13991 ,1035 ,1457 ,1803 ,1810 ,2356 ,2631 ,1764 ,719 ,347 ,68 ,1
경기도 성남시 분당구 금곡동(4113566200),27338 ,27338 ,1691 ,2175 ,3418 ,4341 ,4080 ,4463 ,3703 ,2050 ,1181 ,232 ,4 ,12840 ,12840 ,886 ,1061 ,1654 ,2088 ,1898 ,2089 ,1752 ,888 ,448 ,76 ,0 ,14498 ,14498 ,805 ,1114 ,1764 ,2253 ,2182 ,2374 ,1951 ,1162 ,733 ,156 ,4
경기도 성남시 분당구 구미1동(4113566500),16683 ,16683 ,1114 ,1461 ,2354 ,2635 ,2635 ,2824 ,2040 ,985 ,537 ,93 ,5 ,8085 ,8085 ,572 ,716 ,1181 ,1313 ,1254 ,1348 ,1008 ,433 ,226 ,33 ,1 ,8598 ,8598 ,542 ,745 ,1173 ,1322 ,1381 ,1476 ,1032 ,552 ,311 ,60 ,4
경기도 성남시 분당구 구미동(4113567000),28932 ,28932 ,1831 ,2341 ,3696 ,4217 ,4291 ,4845 ,3978 ,2117 ,1328 ,280 ,8 ,13722 ,13722 ,895 ,1223 ,1812 ,2080 ,1983 ,2292 ,1906 ,924 ,521 ,85 ,1 ,15210 ,15210 ,936 ,1118 ,1884 ,2137 ,2308 ,2553 ,2072 ,1193 ,807 ,195 ,7
경기도 성남시 분당구 운중동(4113568000),33463 ,33463 ,3829 ,3586 ,3435 ,5063 ,6402 ,5423 ,3752 ,1341 ,519 ,110 ,3 ,16351 ,16351 ,1971 ,1822 ,1739 ,2263 ,3112 ,2688 ,1866 ,668 ,200 ,22 ,0 ,17112 ,17112 ,1858 ,1764 ,1696 ,2800 ,3290 ,2735 ,1886 ,673 ,319 ,88 ,3
경기도 의정부시 (4115000000),462374 ,462374 ,30759 ,40618 ,61023 ,59950 ,71559 ,81485 ,65629 ,32420 ,16724 ,2145 ,62 ,227301 ,227301 ,15949 ,20752 ,30713 ,30818 ,36196 ,39878 ,31782 ,14398 ,6275 ,527 ,13 ,235073 ,235073 ,14810 ,19866 ,30310 ,29132 ,35363 ,41607 ,33847 ,18022 ,10449 ,1618 ,49
경기도 의정부시 의정부1동(4115051000),37615 ,37615 ,1860 ,1891 ,6965 ,6664 ,5196 ,5913 ,5317 ,2423 ,1230 ,153 ,3 ,19130 ,19130 ,983 ,933 ,3219 ,3588 ,2891 ,3200 ,2701 ,1121 ,456 ,38 ,0 ,18485 ,18485 ,877 ,958 ,3746 ,3076 ,2305 ,2713 ,2616 ,1302 ,774 ,115 ,3
경기도 의정부시 의정부2동(4115052000),29899 ,29899 ,1406 ,1925 ,5009 ,4295 ,4277 ,5318 ,4355 ,2166 ,1021 ,125 ,2 ,14873 ,14873 ,741 ,1037 ,2456 ,2313 ,2232 ,2618 ,2109 ,941 ,393 ,33 ,0 ,15026 ,15026 ,665 ,888 ,2553 ,1982 ,2045 ,2700 ,2246 ,1225 ,628 ,92 ,2
경기도 의정부시 호원1동(4115054500),34894 ,34894 ,1837 ,2712 ,4240 ,4003 ,5235 ,5988 ,5503 ,3556 ,1651 ,164 ,5 ,16916 ,16916 ,951 ,1358 ,2059 ,2044 ,2688 ,2909 ,2548 ,1591 ,712 ,53 ,3 ,17978 ,17978 ,886 ,1354 ,2181 ,1959 ,2547 ,3079 ,2955 ,1965 ,939 ,111 ,2
경기도 의정부시 호원2동(4115055500),33619 ,33619 ,1928 ,3089 ,4170 ,3574 ,5092 ,5951 ,4970 ,3026 ,1632 ,181 ,6 ,16201 ,16201 ,1011 ,1547 ,2128 ,1823 ,2451 ,2897 ,2313 ,1295 ,663 ,70 ,3 ,17418 ,17418 ,917 ,1542 ,2042 ,1751 ,2641 ,3054 ,2657 ,1731 ,969 ,111 ,3
경기도 의정부시 장암동(4115056100),19396 ,19396 ,1149 ,1929 ,2124 ,1982 ,3067 ,3332 ,3074 ,1696 ,922 ,118 ,3 ,9261 ,9261 ,588 ,988 ,1078 ,985 ,1489 ,1600 ,1468 ,717 ,322 ,26 ,0 ,10135 ,10135 ,561 ,941 ,1046 ,997 ,1578 ,1732 ,1606 ,979 ,600 ,92 ,3
경기도 의정부시 신곡1동(4115056700),40388 ,40388 ,2202 ,3295 ,5286 ,4475 ,5872 ,8029 ,6600 ,2921 ,1519 ,186 ,3 ,19742 ,19742 ,1143 ,1682 ,2713 ,2352 ,2893 ,3789 ,3220 ,1353 ,558 ,39 ,0 ,20646 ,20646 ,1059 ,1613 ,2573 ,2123 ,2979 ,4240 ,3380 ,1568 ,961 ,147 ,3
경기도 의정부시 신곡2동(4115056800),46189 ,46189 ,2915 ,4576 ,6195 ,5257 ,6825 ,8690 ,6892 ,3050 ,1569 ,217 ,3 ,22302 ,22302 ,1482 ,2379 ,3146 ,2641 ,3316 ,4063 ,3321 ,1325 ,574 ,55 ,0 ,23887 ,23887 ,1433 ,2197 ,3049 ,2616 ,3509 ,4627 ,3571 ,1725 ,995 ,162 ,3
경기도 의정부시 송산1동(4115057300),50353 ,50353 ,4657 ,4133 ,6126 ,8515 ,7872 ,8363 ,6407 ,2655 ,1413 ,207 ,5 ,24927 ,24927 ,2393 ,2102 ,3093 ,4334 ,4121 ,3996 ,3121 ,1245 ,489 ,32 ,1 ,25426 ,25426 ,2264 ,2031 ,3033 ,4181 ,3751 ,4367 ,3286 ,1410 ,924 ,175 ,4
경기도 의정부시 송산2동(4115057600),32538 ,32538 ,2239 ,3927 ,4311 ,3461 ,5628 ,6290 ,3526 ,1890 ,1108 ,151 ,7 ,16106 ,16106 ,1176 ,1979 ,2267 ,1756 ,2729 ,3171 ,1757 ,809 ,424 ,36 ,2 ,16432 ,16432 ,1063 ,1948 ,2044 ,1705 ,2899 ,3119 ,1769 ,1081 ,684 ,115 ,5
경기도 의정부시 송산3동(4115057800),46105 ,46105 ,5450 ,5578 ,4728 ,6805 ,9520 ,6566 ,4484 ,1963 ,871 ,137 ,3 ,22331 ,22331 ,2803 ,2809 ,2323 ,3191 ,4758 ,3156 ,2091 ,894 ,276 ,29 ,1 ,23774 ,23774 ,2647 ,2769 ,2405 ,3614 ,4762 ,3410 ,2393 ,1069 ,595 ,108 ,2
경기도 의정부시 자금동(4115058000),26382 ,26382 ,1573 ,2242 ,3614 ,3061 ,3707 ,5066 ,3981 ,1872 ,1108 ,154 ,4 ,12926 ,12926 ,810 ,1157 ,1844 ,1584 ,1854 ,2482 ,1934 ,822 ,396 ,42 ,1 ,13456 ,13456 ,763 ,1085 ,1770 ,1477 ,1853 ,2584 ,2047 ,1050 ,712 ,112 ,3
경기도 의정부시 가능동(4115059500),24771 ,24771 ,1309 ,1802 ,3138 ,3088 ,3450 ,4643 ,4137 ,2035 ,1050 ,114 ,5 ,12377 ,12377 ,684 ,922 ,1673 ,1649 ,1784 ,2302 ,2041 ,910 ,392 ,20 ,0 ,12394 ,12394 ,625 ,880 ,1465 ,1439 ,1666 ,2341 ,2096 ,1125 ,658 ,94 ,5
경기도 의정부시 흥선동(4115061500),19610 ,19610 ,1158 ,1547 ,2481 ,2509 ,2717 ,3548 ,3168 ,1559 ,811 ,105 ,7 ,9981 ,9981 ,607 ,797 ,1346 ,1385 ,1440 ,1794 ,1604 ,677 ,305 ,25 ,1 ,9629 ,9629 ,551 ,750 ,1135 ,1124 ,1277 ,1754 ,1564 ,882 ,506 ,80 ,6
경기도 의정부시 녹양동(4115062000),20615 ,20615 ,1076 ,1972 ,2636 ,2261 ,3101 ,3788 ,3215 ,1608 ,819 ,133 ,6 ,10228 ,10228 ,577 ,1062 ,1368 ,1173 ,1550 ,1901 ,1554 ,698 ,315 ,29 ,1 ,10387 ,10387 ,499 ,910 ,1268 ,1088 ,1551 ,1887 ,1661 ,910 ,504 ,104 ,5
경기도 안양시 (4117000000),546781 ,546781 ,36366 ,49314 ,70314 ,78703 ,83802 ,94640 ,80469 ,34309 ,16288 ,2516 ,60 ,270160 ,270160 ,18554 ,25494 ,36481 ,40538 ,41575 ,45938 ,39087 ,15998 ,5901 ,584 ,10 ,276621 ,276621 ,17812 ,23820 ,33833 ,38165 ,42227 ,48702 ,41382 ,18311 ,10387 ,1932 ,50
경기도 안양시 만안구 (4117100000),233685 ,233685 ,13857 ,17192 ,30731 ,33038 ,32971 ,40965 ,38137 ,17442 ,8178 ,1145 ,29 ,116717 ,116717 ,6986 ,8970 ,16011 ,17422 ,17144 ,20080 ,18609 ,8191 ,3044 ,258 ,2 ,116968 ,116968 ,6871 ,8222 ,14720 ,15616 ,15827 ,20885 ,19528 ,9251 ,5134 ,887 ,27
경기도 안양시 만안구 안양1동(4117151000),12044 ,12044 ,761 ,948 ,1778 ,1763 ,1737 ,2168 ,1696 ,802 ,345 ,43 ,3 ,6026 ,6026 ,373 ,474 ,896 ,920 ,880 ,1095 ,853 ,383 ,144 ,8 ,0 ,6018 ,6018 ,388 ,474 ,882 ,843 ,857 ,1073 ,843 ,419 ,201 ,35 ,3
경기도 안양시 만안구 안양2동(4117152000),23213 ,23213 ,1358 ,1452 ,3255 ,3725 ,3086 ,4003 ,3663 ,1754 ,804 ,112 ,1 ,11622 ,11622 ,686 ,746 ,1641 ,1964 ,1632 ,1934 ,1838 ,848 ,299 ,34 ,0 ,11591 ,11591 ,672 ,706 ,1614 ,1761 ,1454 ,2069 ,1825 ,906 ,505 ,78 ,1
경기도 안양시 만안구 안양3동(4117153000),15988 ,15988 ,634 ,1183 ,2201 ,1984 ,2137 ,2834 ,2976 ,1372 ,604 ,62 ,1 ,7913 ,7913 ,327 ,615 ,1164 ,1106 ,1099 ,1367 ,1400 ,595 ,228 ,12 ,0 ,8075 ,8075 ,307 ,568 ,1037 ,878 ,1038 ,1467 ,1576 ,777 ,376 ,50 ,1
경기도 안양시 만안구 안양4동(4117154000),6800 ,6800 ,204 ,424 ,917 ,868 ,895 ,1220 ,1165 ,659 ,383 ,63 ,2 ,3379 ,3379 ,107 ,201 ,435 ,483 ,509 ,644 ,554 ,269 ,149 ,27 ,1 ,3421 ,3421 ,97 ,223 ,482 ,385 ,386 ,576 ,611 ,390 ,234 ,36 ,1
경기도 안양시 만안구 안양5동(4117155000),10076 ,10076 ,401 ,669 ,1270 ,1224 ,1372 ,1751 ,1879 ,942 ,488 ,77 ,3 ,5026 ,5026 ,207 ,367 ,671 ,668 ,717 ,878 ,890 ,437 ,177 ,13 ,1 ,5050 ,5050 ,194 ,302 ,599 ,556 ,655 ,873 ,989 ,505 ,311 ,64 ,2
경기도 안양시 만안구 안양6동(4117156000),26801 ,26801 ,1919 ,1539 ,3711 ,5209 ,3947 ,4196 ,3795 ,1563 ,810 ,110 ,2 ,13600 ,13600 ,941 ,810 ,1851 ,2794 ,2176 ,2061 ,1858 ,775 ,306 ,28 ,0 ,13201 ,13201 ,978 ,729 ,1860 ,2415 ,1771 ,2135 ,1937 ,788 ,504 ,82 ,2
경기도 안양시 만안구 안양7동(4117157000),15126 ,15126 ,1579 ,1244 ,1740 ,2505 ,2621 ,2375 ,1852 ,828 ,321 ,60 ,1 ,7409 ,7409 ,784 ,620 ,887 ,1179 ,1361 ,1168 ,877 ,388 ,137 ,8 ,0 ,7717 ,7717 ,795 ,624 ,853 ,1326 ,1260 ,1207 ,975 ,440 ,184 ,52 ,1
경기도 안양시 만안구 안양8동(4117158000),8532 ,8532 ,292 ,503 ,1184 ,1118 ,1107 ,1522 ,1676 ,759 ,332 ,38 ,1 ,4410 ,4410 ,145 ,255 ,654 ,656 ,619 ,768 ,824 ,347 ,133 ,9 ,0 ,4122 ,4122 ,147 ,248 ,530 ,462 ,488 ,754 ,852 ,412 ,199 ,29 ,1
경기도 안양시 만안구 안양9동(4117158100),16730 ,16730 ,779 ,1129 ,2063 ,2041 ,2081 ,3004 ,3263 ,1560 ,729 ,79 ,2 ,8251 ,8251 ,385 ,592 ,1104 ,1079 ,1093 ,1428 ,1551 ,727 ,274 ,18 ,0 ,8479 ,8479 ,394 ,537 ,959 ,962 ,988 ,1576 ,1712 ,833 ,455 ,61 ,2
경기도 안양시 만안구 석수1동(4117159000),18859 ,18859 ,1188 ,1364 ,2229 ,2557 ,2598 ,3395 ,3234 ,1495 ,669 ,129 ,1 ,9220 ,9220 ,626 ,727 ,1161 ,1293 ,1253 ,1610 ,1529 ,746 ,252 ,23 ,0 ,9639 ,9639 ,562 ,637 ,1068 ,1264 ,1345 ,1785 ,1705 ,749 ,417 ,106 ,1
경기도 안양시 만안구 석수2동(4117160000),30451 ,30451 ,1739 ,2376 ,3947 ,3878 ,4313 ,5694 ,4897 ,2323 ,1127 ,150 ,7 ,15218 ,15218 ,871 ,1287 ,2077 ,2002 ,2217 ,2785 ,2466 ,1077 ,401 ,35 ,0 ,15233 ,15233 ,868 ,1089 ,1870 ,1876 ,2096 ,2909 ,2431 ,1246 ,726 ,115 ,7
경기도 안양시 만안구 석수3동(4117161000),12698 ,12698 ,689 ,1168 ,1728 ,1365 ,1816 ,2379 ,2173 ,885 ,435 ,59 ,1 ,6430 ,6430 ,339 ,629 ,984 ,713 ,903 ,1193 ,1105 ,408 ,145 ,11 ,0 ,6268 ,6268 ,350 ,539 ,744 ,652 ,913 ,1186 ,1068 ,477 ,290 ,48 ,1
경기도 안양시 만안구 박달1동(4117162100),14349 ,14349 ,524 ,947 ,1856 ,1591 ,1886 ,2849 ,2627 ,1325 ,663 ,78 ,3 ,7198 ,7198 ,259 ,471 ,952 ,916 ,1000 ,1470 ,1279 ,607 ,230 ,14 ,0 ,7151 ,7151 ,265 ,476 ,904 ,675 ,886 ,1379 ,1348 ,718 ,433 ,64 ,3
경기도 안양시 만안구 박달2동(4117163000),22018 ,22018 ,1790 ,2246 ,2852 ,3210 ,3375 ,3575 ,3241 ,1175 ,468 ,85 ,1 ,11015 ,11015 ,936 ,1176 ,1534 ,1649 ,1685 ,1679 ,1585 ,584 ,169 ,18 ,0 ,11003 ,11003 ,854 ,1070 ,1318 ,1561 ,1690 ,1896 ,1656 ,591 ,299 ,67 ,1
경기도 안양시 동안구 (4117300000),313096 ,313096 ,22509 ,32122 ,39583 ,45665 ,50831 ,53675 ,42332 ,16867 ,8110 ,1371 ,31 ,153443 ,153443 ,11568 ,16524 ,20470 ,23116 ,24431 ,25858 ,20478 ,7807 ,2857 ,326 ,8 ,159653 ,159653 ,10941 ,15598 ,19113 ,22549 ,26400 ,27817 ,21854 ,9060 ,5253 ,1045 ,23
경기도 안양시 동안구 비산1동(4117351000),27919 ,27919 ,2566 ,2412 ,3380 ,4558 ,4271 ,4615 ,3952 ,1445 ,615 ,104 ,1 ,13652 ,13652 ,1322 ,1237 ,1719 ,2253 ,2091 ,2182 ,1874 ,711 ,235 ,28 ,0 ,14267 ,14267 ,1244 ,1175 ,1661 ,2305 ,2180 ,2433 ,2078 ,734 ,380 ,76 ,1
경기도 안양시 동안구 비산2동(4117352000),14694 ,14694 ,1309 ,1333 ,1782 ,2260 ,2261 ,2478 ,2088 ,825 ,302 ,56 ,0 ,7174 ,7174 ,688 ,633 ,937 ,1096 ,1137 ,1155 ,1024 ,392 ,106 ,6 ,0 ,7520 ,7520 ,621 ,700 ,845 ,1164 ,1124 ,1323 ,1064 ,433 ,196 ,50 ,0
경기도 안양시 동안구 비산3동(4117353000),11686 ,11686 ,523 ,824 ,1590 ,1566 ,1441 ,2148 ,2144 ,923 ,462 ,64 ,1 ,5846 ,5846 ,250 ,455 ,864 ,846 ,719 ,1041 ,1072 ,435 ,151 ,13 ,0 ,5840 ,5840 ,273 ,369 ,726 ,720 ,722 ,1107 ,1072 ,488 ,311 ,51 ,1
경기도 안양시 동안구 부흥동(4117354000),16563 ,16563 ,1110 ,2076 ,1927 ,1921 ,2911 ,2785 ,2252 ,1018 ,463 ,98 ,2 ,7893 ,7893 ,599 ,1057 ,999 ,935 ,1322 ,1339 ,1020 ,442 ,156 ,23 ,1 ,8670 ,8670 ,511 ,1019 ,928 ,986 ,1589 ,1446 ,1232 ,576 ,307 ,75 ,1
경기도 안양시 동안구 달안동(4117354600),10192 ,10192 ,522 ,610 ,1224 ,2210 ,1594 ,1554 ,1371 ,621 ,414 ,71 ,1 ,4591 ,4591 ,264 ,322 ,555 ,1115 ,717 ,706 ,565 ,218 ,119 ,10 ,0 ,5601 ,5601 ,258 ,288 ,669 ,1095 ,877 ,848 ,806 ,403 ,295 ,61 ,1
경기도 안양시 동안구 관양1동(4117355000),34343 ,34343 ,1570 ,2456 ,5053 ,4467 ,4226 ,6551 ,6003 ,2593 ,1218 ,201 ,5 ,16760 ,16760 ,798 ,1317 ,2675 ,2383 ,2060 ,3056 ,2845 ,1167 ,411 ,45 ,3 ,17583 ,17583 ,772 ,1139 ,2378 ,2084 ,2166 ,3495 ,3158 ,1426 ,807 ,156 ,2
경기도 안양시 동안구 관양2동(4117356000),18623 ,18623 ,1072 ,1324 ,2710 ,2902 ,2713 ,3332 ,2712 ,1185 ,585 ,85 ,3 ,9502 ,9502 ,556 ,657 ,1478 ,1592 ,1402 ,1659 ,1366 ,528 ,238 ,26 ,0 ,9121 ,9121 ,516 ,667 ,1232 ,1310 ,1311 ,1673 ,1346 ,657 ,347 ,59 ,3
경기도 안양시 동안구 부림동(4117356600),26105 ,26105 ,1843 ,2169 ,3280 ,5546 ,4581 ,4047 ,2833 ,1093 ,623 ,89 ,1 ,12620 ,12620 ,942 ,1098 ,1575 ,2863 ,2215 ,1910 ,1329 ,466 ,200 ,21 ,1 ,13485 ,13485 ,901 ,1071 ,1705 ,2683 ,2366 ,2137 ,1504 ,627 ,423 ,68 ,0
경기도 안양시 동안구 평촌동(4117357000),14176 ,14176 ,1055 ,1596 ,1864 ,1742 ,2238 ,2813 ,1806 ,633 ,377 ,48 ,4 ,6956 ,6956 ,535 ,810 ,973 ,861 ,1039 ,1351 ,934 ,300 ,138 ,14 ,1 ,7220 ,7220 ,520 ,786 ,891 ,881 ,1199 ,1462 ,872 ,333 ,239 ,34 ,3
경기도 안양시 동안구 평안동(4117357600),23143 ,23143 ,2079 ,3612 ,2379 ,2995 ,4938 ,3568 ,2161 ,838 ,478 ,91 ,4 ,11284 ,11284 ,1047 ,1881 ,1253 ,1371 ,2329 ,1803 ,1051 ,383 ,147 ,19 ,0 ,11859 ,11859 ,1032 ,1731 ,1126 ,1624 ,2609 ,1765 ,1110 ,455 ,331 ,72 ,4
경기도 안양시 동안구 귀인동(4117357800),16321 ,16321 ,1114 ,3423 ,1751 ,1092 ,3689 ,2801 ,1463 ,590 ,346 ,51 ,1 ,8098 ,8098 ,612 ,1829 ,895 ,492 ,1636 ,1477 ,733 ,270 ,136 ,18 ,0 ,8223 ,8223 ,502 ,1594 ,856 ,600 ,2053 ,1324 ,730 ,320 ,210 ,33 ,1
경기도 안양시 동안구 호계1동(4117358000),18249 ,18249 ,2395 ,1721 ,1851 ,3605 ,3519 ,2425 ,1814 ,643 ,239 ,37 ,0 ,9211 ,9211 ,1233 ,888 ,959 ,1777 ,1821 ,1224 ,882 ,321 ,99 ,7 ,0 ,9038 ,9038 ,1162 ,833 ,892 ,1828 ,1698 ,1201 ,932 ,322 ,140 ,30 ,0
경기도 안양시 동안구 호계2동(4117359000),19168 ,19168 ,1213 ,1467 ,2786 ,2917 ,2559 ,3489 ,3066 ,1134 ,457 ,78 ,2 ,9428 ,9428 ,623 ,746 ,1440 ,1548 ,1231 ,1623 ,1504 ,519 ,167 ,26 ,1 ,9740 ,9740 ,590 ,721 ,1346 ,1369 ,1328 ,1866 ,1562 ,615 ,290 ,52 ,1
경기도 안양시 동안구 호계3동(4117360000),23262 ,23262 ,1719 ,1979 ,3115 ,3399 ,3432 ,4172 ,3623 ,1227 ,509 ,83 ,4 ,11651 ,11651 ,893 ,999 ,1624 ,1761 ,1744 ,1977 ,1804 ,656 ,174 ,18 ,1 ,11611 ,11611 ,826 ,980 ,1491 ,1638 ,1688 ,2195 ,1819 ,571 ,335 ,65 ,3
경기도 안양시 동안구 범계동(4117361000),15412 ,15412 ,1058 ,2086 ,1911 ,2026 ,2727 ,2671 ,1688 ,714 ,438 ,92 ,1 ,7443 ,7443 ,530 ,1096 ,972 ,990 ,1229 ,1301 ,829 ,314 ,155 ,27 ,0 ,7969 ,7969 ,528 ,990 ,939 ,1036 ,1498 ,1370 ,859 ,400 ,283 ,65 ,1
경기도 안양시 동안구 신촌동(4117362000),12542 ,12542 ,825 ,1500 ,1629 ,1506 ,1966 ,2300 ,1820 ,684 ,263 ,48 ,1 ,6139 ,6139 ,417 ,755 ,842 ,750 ,920 ,1103 ,900 ,346 ,94 ,12 ,0 ,6403 ,6403 ,408 ,745 ,787 ,756 ,1046 ,1197 ,920 ,338 ,169 ,36 ,1
경기도 안양시 동안구 갈산동(4117363000),10698 ,10698 ,536 ,1534 ,1351 ,953 ,1765 ,1926 ,1536 ,701 ,321 ,75 ,0 ,5195 ,5195 ,259 ,744 ,710 ,483 ,819 ,951 ,746 ,339 ,131 ,13 ,0 ,5503 ,5503 ,277 ,790 ,641 ,470 ,946 ,975 ,790 ,362 ,190 ,62 ,0
경기도 부천시 (4119000000),788179 ,788179 ,47692 ,65737 ,102561 ,108520 ,120940 ,139976 ,125355 ,50908 ,22925 ,3436 ,129 ,389997 ,389997 ,24500 ,33644 ,52799 ,56025 ,61147 ,67835 ,61190 ,23975 ,8100 ,752 ,30 ,398182 ,398182 ,23192 ,32093 ,49762 ,52495 ,59793 ,72141 ,64165 ,26933 ,14825 ,2684 ,99
경기도 부천시 심곡동(4119060300),60345 ,60345 ,2506 ,3491 ,8843 ,8818 ,8769 ,10822 ,10176 ,4703 ,1944 ,268 ,5 ,30750 ,30750 ,1323 ,1768 ,4505 ,4868 ,4869 ,5587 ,4897 ,2179 ,713 ,41 ,0 ,29595 ,29595 ,1183 ,1723 ,4338 ,3950 ,3900 ,5235 ,5279 ,2524 ,1231 ,227 ,5
경기도 부천시 부천동(4119060600),86576 ,86576 ,4496 ,6730 ,11446 ,11254 ,12693 ,15785 ,14494 ,6478 ,2815 ,357 ,28 ,43158 ,43158 ,2276 ,3484 ,6016 ,5850 ,6614 ,7781 ,6992 ,3026 ,1021 ,90 ,8 ,43418 ,43418 ,2220 ,3246 ,5430 ,5404 ,6079 ,8004 ,7502 ,3452 ,1794 ,267 ,20
경기도 부천시 중동(4119061000),40367 ,40367 ,2210 ,3600 ,5472 ,5296 ,5917 ,7100 ,6677 ,2641 ,1220 ,226 ,8 ,19853 ,19853 ,1133 ,1838 ,2828 ,2722 ,2913 ,3381 ,3277 ,1281 ,423 ,55 ,2 ,20514 ,20514 ,1077 ,1762 ,2644 ,2574 ,3004 ,3719 ,3400 ,1360 ,797 ,171 ,6
경기도 부천시 신중동(4119074200),128593 ,128593 ,8625 ,10694 ,17317 ,20518 ,20204 ,21532 ,19529 ,6630 ,2996 ,531 ,17 ,61901 ,61901 ,4356 ,5398 ,8428 ,10197 ,9777 ,9858 ,9560 ,3193 ,1031 ,102 ,1 ,66692 ,66692 ,4269 ,5296 ,8889 ,10321 ,10427 ,11674 ,9969 ,3437 ,1965 ,429 ,16
경기도 부천시 상동(4119074400),82729 ,82729 ,6560 ,9287 ,10772 ,11501 ,14068 ,14916 ,10579 ,3260 ,1511 ,267 ,8 ,40558 ,40558 ,3385 ,4737 ,5473 ,5615 ,6599 ,7135 ,5436 ,1601 ,509 ,67 ,1 ,42171 ,42171 ,3175 ,4550 ,5299 ,5886 ,7469 ,7781 ,5143 ,1659 ,1002 ,200 ,7
경기도 부천시 대산동(4119074600),77828 ,77828 ,3831 ,5836 ,9932 ,10331 ,11329 ,13823 ,13418 ,6192 ,2746 ,376 ,14 ,38415 ,38415 ,1948 ,3016 ,5131 ,5509 ,5832 ,6639 ,6327 ,2874 ,1048 ,87 ,4 ,39413 ,39413 ,1883 ,2820 ,4801 ,4822 ,5497 ,7184 ,7091 ,3318 ,1698 ,289 ,10
경기도 부천시 소사본동(4119075000),54397 ,54397 ,3274 ,3872 ,6640 ,7593 ,7380 ,9326 ,9810 ,4419 ,1804 ,266 ,13 ,26758 ,26758 ,1719 ,1978 ,3471 ,3961 ,3685 ,4357 ,4738 ,2099 ,683 ,63 ,4 ,27639 ,27639 ,1555 ,1894 ,3169 ,3632 ,3695 ,4969 ,5072 ,2320 ,1121 ,203 ,9
경기도 부천시 범안동(4119079500),98129 ,98129 ,8802 ,9954 ,10271 ,13792 ,18276 ,14836 ,13324 ,5821 ,2599 ,432 ,22 ,48096 ,48096 ,4557 ,5036 ,5278 ,6723 ,9255 ,7108 ,6297 ,2796 ,941 ,97 ,8 ,50033 ,50033 ,4245 ,4918 ,4993 ,7069 ,9021 ,7728 ,7027 ,3025 ,1658 ,335 ,14
경기도 부천시 성곡동(4119080000),79302 ,79302 ,3461 ,6079 ,10932 ,9156 ,10948 ,16006 ,13834 ,5607 ,2870 ,399 ,10 ,39623 ,39623 ,1744 ,3155 ,5794 ,4916 ,5594 ,8016 ,6832 ,2518 ,966 ,87 ,1 ,39679 ,39679 ,1717 ,2924 ,5138 ,4240 ,5354 ,7990 ,7002 ,3089 ,1904 ,312 ,9
경기도 부천시 오정동(4119083000),79913 ,79913 ,3927 ,6194 ,10936 ,10261 ,11356 ,15830 ,13514 ,5157 ,2420 ,314 ,4 ,40885 ,40885 ,2059 ,3234 ,5875 ,5664 ,6009 ,7973 ,6834 ,2408 ,765 ,63 ,1 ,39028 ,39028 ,1868 ,2960 ,5061 ,4597 ,5347 ,7857 ,6680 ,2749 ,1655 ,251 ,3
경기도 광명시 (4121000000),283849 ,283849 ,19596 ,28697 ,34009 ,37597 ,47497 ,48257 ,40125 ,18314 ,8501 ,1212 ,44 ,139523 ,139523 ,9982 ,14709 ,17520 ,19294 ,23261 ,24021 ,19105 ,8355 ,3010 ,256 ,10 ,144326 ,144326 ,9614 ,13988 ,16489 ,18303 ,24236 ,24236 ,21020 ,9959 ,5491 ,956 ,34
경기도 광명시 광명1동(4121051000),57 ,57 ,0 ,4 ,0 ,6 ,11 ,19 ,11 ,4 ,2 ,0 ,0 ,29 ,29 ,0 ,3 ,0 ,3 ,6 ,10 ,5 ,2 ,0 ,0 ,0 ,28 ,28 ,0 ,1 ,0 ,3 ,5 ,9 ,6 ,2 ,2 ,0 ,0
경기도 광명시 광명2동(4121052000),2954 ,2954 ,83 ,161 ,339 ,347 ,370 ,537 ,589 ,358 ,157 ,13 ,0 ,1478 ,1478 ,48 ,77 ,184 ,202 ,195 ,274 ,278 ,163 ,53 ,4 ,0 ,1476 ,1476 ,35 ,84 ,155 ,145 ,175 ,263 ,311 ,195 ,104 ,9 ,0
경기도 광명시 광명3동(4121054000),9823 ,9823 ,276 ,609 ,1127 ,1115 ,1257 ,1819 ,2003 ,1071 ,493 ,52 ,1 ,4778 ,4778 ,135 ,329 ,589 ,641 ,641 ,898 ,899 ,447 ,191 ,8 ,0 ,5045 ,5045 ,141 ,280 ,538 ,474 ,616 ,921 ,1104 ,624 ,302 ,44 ,1
경기도 광명시 광명4동(4121055000),9804 ,9804 ,422 ,608 ,1089 ,1207 ,1294 ,1707 ,1938 ,1047 ,429 ,61 ,2 ,4864 ,4864 ,205 ,310 ,580 ,667 ,665 ,860 ,922 ,487 ,149 ,19 ,0 ,4940 ,4940 ,217 ,298 ,509 ,540 ,629 ,847 ,1016 ,560 ,280 ,42 ,2
경기도 광명시 광명5동(4121056000),12163 ,12163 ,628 ,1058 ,1444 ,1366 ,1952 ,2046 ,2076 ,1062 ,474 ,56 ,1 ,5931 ,5931 ,323 ,548 ,780 ,703 ,970 ,989 ,957 ,478 ,171 ,12 ,0 ,6232 ,6232 ,305 ,510 ,664 ,663 ,982 ,1057 ,1119 ,584 ,303 ,44 ,1
경기도 광명시 광명6동(4121057000),13730 ,13730 ,1127 ,1416 ,1445 ,1849 ,2396 ,2187 ,1942 ,950 ,374 ,43 ,1 ,6782 ,6782 ,566 ,735 ,728 ,943 ,1196 ,1084 ,922 ,449 ,153 ,6 ,0 ,6948 ,6948 ,561 ,681 ,717 ,906 ,1200 ,1103 ,1020 ,501 ,221 ,37 ,1
경기도 광명시 광명7동(4121058000),20112 ,20112 ,1404 ,1628 ,2401 ,2950 ,3067 ,3317 ,3221 ,1461 ,583 ,78 ,2 ,9850 ,9850 ,693 ,806 ,1257 ,1501 ,1568 ,1588 ,1508 ,694 ,215 ,20 ,0 ,10262 ,10262 ,711 ,822 ,1144 ,1449 ,1499 ,1729 ,1713 ,767 ,368 ,58 ,2
경기도 광명시 철산1동(4121059000),10607 ,10607 ,694 ,1300 ,1372 ,1379 ,1871 ,1856 ,1327 ,542 ,238 ,28 ,0 ,5263 ,5263 ,346 ,705 ,712 ,709 ,882 ,903 ,660 ,247 ,96 ,3 ,0 ,5344 ,5344 ,348 ,595 ,660 ,670 ,989 ,953 ,667 ,295 ,142 ,25 ,0
경기도 광명시 철산2동(4121060000),5580 ,5580 ,150 ,335 ,765 ,701 ,696 ,1140 ,1078 ,454 ,230 ,29 ,2 ,2989 ,2989 ,71 ,173 ,395 ,424 ,382 ,625 ,592 ,229 ,93 ,5 ,0 ,2591 ,2591 ,79 ,162 ,370 ,277 ,314 ,515 ,486 ,225 ,137 ,24 ,2
경기도 광명시 철산3동(4121061000),36941 ,36941 ,3102 ,4677 ,4398 ,4196 ,6830 ,6242 ,4715 ,1820 ,835 ,123 ,3 ,18084 ,18084 ,1523 ,2405 ,2265 ,1996 ,3248 ,3067 ,2328 ,906 ,317 ,27 ,2 ,18857 ,18857 ,1579 ,2272 ,2133 ,2200 ,3582 ,3175 ,2387 ,914 ,518 ,96 ,1
경기도 광명시 철산4동(4121062000),10038 ,10038 ,799 ,938 ,1136 ,1764 ,1771 ,1647 ,1156 ,568 ,226 ,31 ,2 ,5007 ,5007 ,423 ,483 ,585 ,902 ,873 ,844 ,557 ,256 ,78 ,5 ,1 ,5031 ,5031 ,376 ,455 ,551 ,862 ,898 ,803 ,599 ,312 ,148 ,26 ,1
경기도 광명시 하안1동(4121063100),25490 ,25490 ,1817 ,3127 ,2914 ,2750 ,4643 ,4501 ,3489 ,1478 ,653 ,112 ,6 ,12704 ,12704 ,949 ,1574 ,1550 ,1416 ,2227 ,2293 ,1735 ,708 ,229 ,23 ,0 ,12786 ,12786 ,868 ,1553 ,1364 ,1334 ,2416 ,2208 ,1754 ,770 ,424 ,89 ,6
경기도 광명시 하안2동(4121063200),13449 ,13449 ,827 ,874 ,1563 ,2427 ,2150 ,2187 ,1885 ,875 ,564 ,94 ,3 ,6311 ,6311 ,420 ,428 ,775 ,1263 ,1060 ,1044 ,792 ,362 ,150 ,17 ,0 ,7138 ,7138 ,407 ,446 ,788 ,1164 ,1090 ,1143 ,1093 ,513 ,414 ,77 ,3
경기도 광명시 하안3동(4121063300),19333 ,19333 ,1189 ,1608 ,2243 ,2656 ,3015 ,3315 ,2755 ,1495 ,907 ,141 ,9 ,9148 ,9148 ,638 ,833 ,1104 ,1348 ,1517 ,1587 ,1250 ,573 ,265 ,31 ,2 ,10185 ,10185 ,551 ,775 ,1139 ,1308 ,1498 ,1728 ,1505 ,922 ,642 ,110 ,7
경기도 광명시 하안4동(4121063400),12006 ,12006 ,802 ,1221 ,1537 ,1961 ,2039 ,2094 ,1409 ,610 ,292 ,40 ,1 ,5808 ,5808 ,419 ,624 ,776 ,1024 ,956 ,1016 ,636 ,253 ,99 ,5 ,0 ,6198 ,6198 ,383 ,597 ,761 ,937 ,1083 ,1078 ,773 ,357 ,193 ,35 ,1
경기도 광명시 소하1동(4121064000),30729 ,30729 ,2361 ,4158 ,3580 ,3372 ,5595 ,5164 ,3923 ,1716 ,739 ,117 ,4 ,14900 ,14900 ,1207 ,2126 ,1845 ,1637 ,2607 ,2568 ,1814 ,798 ,273 ,25 ,0 ,15829 ,15829 ,1154 ,2032 ,1735 ,1735 ,2988 ,2596 ,2109 ,918 ,466 ,92 ,4
경기도 광명시 소하2동(4121065000),27236 ,27236 ,1478 ,2701 ,3400 ,3097 ,4113 ,4895 ,4315 ,2138 ,973 ,122 ,4 ,13573 ,13573 ,752 ,1400 ,1842 ,1704 ,2025 ,2474 ,2038 ,953 ,351 ,32 ,2 ,13663 ,13663 ,726 ,1301 ,1558 ,1393 ,2088 ,2421 ,2277 ,1185 ,622 ,90 ,2
경기도 광명시 일직동(4121065500),21806 ,21806 ,2379 ,2200 ,3086 ,4266 ,4220 ,3247 ,1768 ,428 ,167 ,42 ,3 ,10905 ,10905 ,1233 ,1106 ,1456 ,2098 ,2111 ,1697 ,920 ,216 ,57 ,8 ,3 ,10901 ,10901 ,1146 ,1094 ,1630 ,2168 ,2109 ,1550 ,848 ,212 ,110 ,34 ,0
경기도 광명시 학온동(4121066000),1991 ,1991 ,58 ,74 ,170 ,188 ,207 ,337 ,525 ,237 ,165 ,30 ,0 ,1119 ,1119 ,31 ,44 ,97 ,113 ,132 ,200 ,292 ,134 ,70 ,6 ,0 ,872 ,872 ,27 ,30 ,73 ,75 ,75 ,137 ,233 ,103 ,95 ,24 ,0
경기도 평택시 (4122000000),584126 ,584126 ,49157 ,55735 ,77766 ,90440 ,100678 ,95385 ,66415 ,30025 ,16237 ,2224 ,64 ,306543 ,306543 ,24984 ,28550 ,43825 ,50672 ,54361 ,50419 ,33830 ,13438 ,5930 ,520 ,14 ,277583 ,277583 ,24173 ,27185 ,33941 ,39768 ,46317 ,44966 ,32585 ,16587 ,10307 ,1704 ,50
경기도 평택시 팽성읍(4122025000),28973 ,28973 ,1555 ,1921 ,3118 ,3346 ,4158 ,5194 ,5018 ,2727 ,1718 ,210 ,8 ,15292 ,15292 ,792 ,1010 ,1795 ,1937 ,2317 ,2948 ,2613 ,1202 ,622 ,53 ,3 ,13681 ,13681 ,763 ,911 ,1323 ,1409 ,1841 ,2246 ,2405 ,1525 ,1096 ,157 ,5
경기도 평택시 안중읍(4122025300),43424 ,43424 ,3178 ,5466 ,5743 ,5219 ,8073 ,7762 ,4567 ,2086 ,1158 ,166 ,6 ,22565 ,22565 ,1597 ,2772 ,3095 ,2994 ,4135 ,4234 ,2352 ,929 ,419 ,36 ,2 ,20859 ,20859 ,1581 ,2694 ,2648 ,2225 ,3938 ,3528 ,2215 ,1157 ,739 ,130 ,4
경기도 평택시 포승읍(4122025600),24214 ,24214 ,1475 ,1796 ,3243 ,3774 ,4499 ,4152 ,3125 ,1341 ,701 ,107 ,1 ,14842 ,14842 ,723 ,937 ,2178 ,2632 ,2961 ,2679 ,1792 ,659 ,257 ,24 ,0 ,9372 ,9372 ,752 ,859 ,1065 ,1142 ,1538 ,1473 ,1333 ,682 ,444 ,83 ,1
경기도 평택시 청북읍(4122025900),26956 ,26956 ,3284 ,3578 ,2275 ,4058 ,5924 ,3350 ,2525 ,1234 ,604 ,118 ,6 ,14446 ,14446 ,1686 ,1901 ,1249 ,2167 ,3303 ,1967 ,1313 ,612 ,224 ,22 ,2 ,12510 ,12510 ,1598 ,1677 ,1026 ,1891 ,2621 ,1383 ,1212 ,622 ,380 ,96 ,4
경기도 평택시 진위면(4122031000),11378 ,11378 ,405 ,733 ,1350 ,1372 ,1702 ,2064 ,2058 ,1061 ,554 ,76 ,3 ,6282 ,6282 ,207 ,366 ,807 ,902 ,1050 ,1130 ,1092 ,495 ,218 ,15 ,0 ,5096 ,5096 ,198 ,367 ,543 ,470 ,652 ,934 ,966 ,566 ,336 ,61 ,3
경기도 평택시 서탄면(4122032000),3593 ,3593 ,114 ,179 ,301 ,338 ,436 ,649 ,777 ,476 ,277 ,45 ,1 ,2008 ,2008 ,56 ,106 ,194 ,213 ,271 ,400 ,424 ,234 ,98 ,12 ,0 ,1585 ,1585 ,58 ,73 ,107 ,125 ,165 ,249 ,353 ,242 ,179 ,33 ,1
경기도 평택시 고덕면(4122033000),12994 ,12994 ,949 ,860 ,1725 ,2076 ,1901 ,2269 ,1766 ,875 ,503 ,69 ,1 ,6967 ,6967 ,468 ,435 ,1027 ,1247 ,1110 ,1154 ,895 ,434 ,182 ,15 ,0 ,6027 ,6027 ,481 ,425 ,698 ,829 ,791 ,1115 ,871 ,441 ,321 ,54 ,1
경기도 평택시 오성면(4122034000),6587 ,6587 ,260 ,428 ,637 ,558 ,846 ,1239 ,1330 ,709 ,504 ,74 ,2 ,3535 ,3535 ,144 ,208 ,375 ,352 ,505 ,703 ,716 ,333 ,179 ,19 ,1 ,3052 ,3052 ,116 ,220 ,262 ,206 ,341 ,536 ,614 ,376 ,325 ,55 ,1
경기도 평택시 현덕면(4122037000),4943 ,4943 ,136 ,227 ,371 ,327 ,530 ,862 ,1163 ,776 ,470 ,80 ,1 ,2628 ,2628 ,70 ,123 ,218 ,208 ,323 ,515 ,615 ,372 ,166 ,17 ,1 ,2315 ,2315 ,66 ,104 ,153 ,119 ,207 ,347 ,548 ,404 ,304 ,63 ,0
경기도 평택시 중앙동(4122051000),43842 ,43842 ,2308 ,4326 ,7876 ,5235 ,6867 ,8195 ,5303 ,2327 ,1240 ,162 ,3 ,23139 ,23139 ,1139 ,2230 ,4721 ,3180 ,3587 ,4185 ,2629 ,994 ,439 ,35 ,0 ,20703 ,20703 ,1169 ,2096 ,3155 ,2055 ,3280 ,4010 ,2674 ,1333 ,801 ,127 ,3
경기도 평택시 서정동(4122052000),24341 ,24341 ,980 ,2045 ,3397 ,2904 ,3768 ,4801 ,3596 ,1722 ,997 ,128 ,3 ,12567 ,12567 ,468 ,1063 ,1942 ,1709 ,2044 ,2527 ,1715 ,700 ,355 ,43 ,1 ,11774 ,11774 ,512 ,982 ,1455 ,1195 ,1724 ,2274 ,1881 ,1022 ,642 ,85 ,2
경기도 평택시 송탄동(4122053500),22196 ,22196 ,2496 ,2008 ,2605 ,4044 ,4072 ,3553 ,2200 ,756 ,390 ,71 ,1 ,11632 ,11632 ,1301 ,978 ,1406 ,2186 ,2257 ,1822 ,1151 ,367 ,151 ,13 ,0 ,10564 ,10564 ,1195 ,1030 ,1199 ,1858 ,1815 ,1731 ,1049 ,389 ,239 ,58 ,1
경기도 평택시 지산동(4122055000),12764 ,12764 ,518 ,866 ,2428 ,2263 ,2100 ,2120 ,1389 ,683 ,358 ,38 ,1 ,7169 ,7169 ,234 ,438 ,1471 ,1434 ,1268 ,1184 ,701 ,293 ,137 ,9 ,0 ,5595 ,5595 ,284 ,428 ,957 ,829 ,832 ,936 ,688 ,390 ,221 ,29 ,1
경기도 평택시 송북동(4122056000),21810 ,21810 ,1298 ,2012 ,2776 ,2526 ,3524 ,4194 ,3203 ,1414 ,735 ,121 ,7 ,10982 ,10982 ,638 ,1009 ,1549 ,1328 ,1828 ,2139 ,1605 ,601 ,259 ,25 ,1 ,10828 ,10828 ,660 ,1003 ,1227 ,1198 ,1696 ,2055 ,1598 ,813 ,476 ,96 ,6
경기도 평택시 신장1동(4122057000),7172 ,7172 ,505 ,502 ,987 ,1254 ,1233 ,1135 ,831 ,431 ,254 ,40 ,0 ,3778 ,3778 ,259 ,259 ,569 ,687 ,707 ,618 ,422 ,163 ,85 ,9 ,0 ,3394 ,3394 ,246 ,243 ,418 ,567 ,526 ,517 ,409 ,268 ,169 ,31 ,0
경기도 평택시 신장2동(4122058000),5250 ,5250 ,135 ,267 ,686 ,646 ,709 ,922 ,921 ,557 ,356 ,50 ,1 ,2892 ,2892 ,75 ,157 ,429 ,410 ,431 ,534 ,467 ,236 ,139 ,14 ,0 ,2358 ,2358 ,60 ,110 ,257 ,236 ,278 ,388 ,454 ,321 ,217 ,36 ,1
경기도 평택시 신평동(4122059000),20959 ,20959 ,762 ,1440 ,3763 ,2837 ,2973 ,3792 ,2991 ,1501 ,816 ,80 ,4 ,11038 ,11038 ,393 ,781 ,2087 ,1739 ,1590 ,1981 ,1481 ,664 ,303 ,17 ,2 ,9921 ,9921 ,369 ,659 ,1676 ,1098 ,1383 ,1811 ,1510 ,837 ,513 ,63 ,2
경기도 평택시 원평동(4122060000),13391 ,13391 ,732 ,831 ,2048 ,2382 ,1872 ,2218 ,1827 ,910 ,509 ,60 ,2 ,7072 ,7072 ,362 ,421 ,1148 ,1408 ,1052 ,1173 ,882 ,399 ,213 ,14 ,0 ,6319 ,6319 ,370 ,410 ,900 ,974 ,820 ,1045 ,945 ,511 ,296 ,46 ,2
경기도 평택시 통복동(4122061000),3972 ,3972 ,101 ,177 ,604 ,404 ,465 ,727 ,806 ,445 ,212 ,30 ,1 ,2097 ,2097 ,46 ,94 ,352 ,263 ,275 ,386 ,394 ,192 ,84 ,11 ,0 ,1875 ,1875 ,55 ,83 ,252 ,141 ,190 ,341 ,412 ,253 ,128 ,19 ,1
경기도 평택시 비전1동(4122062000),51609 ,51609 ,4884 ,6382 ,6298 ,7293 ,10122 ,8437 ,4938 ,2098 ,1026 ,131 ,0 ,25952 ,25952 ,2516 ,3291 ,3360 ,3678 ,5027 ,4266 ,2489 ,930 ,366 ,29 ,0 ,25657 ,25657 ,2368 ,3091 ,2938 ,3615 ,5095 ,4171 ,2449 ,1168 ,660 ,102 ,0
경기도 평택시 비전2동(4122063000),58071 ,58071 ,5768 ,6498 ,7196 ,8942 ,9982 ,9573 ,6199 ,2470 ,1284 ,153 ,6 ,28767 ,28767 ,2926 ,3355 ,3760 ,4479 ,4923 ,4628 ,3098 ,1069 ,489 ,40 ,0 ,29304 ,29304 ,2842 ,3143 ,3436 ,4463 ,5059 ,4945 ,3101 ,1401 ,795 ,113 ,6
경기도 평택시 용이동(4122063500),25806 ,25806 ,2882 ,3403 ,3543 ,4262 ,5414 ,3608 ,1769 ,624 ,264 ,36 ,1 ,13665 ,13665 ,1533 ,1773 ,1933 ,2350 ,2834 ,1937 ,918 ,292 ,84 ,10 ,1 ,12141 ,12141 ,1349 ,1630 ,1610 ,1912 ,2580 ,1671 ,851 ,332 ,180 ,26 ,0
경기도 평택시 세교동(4122064000),34455 ,34455 ,3156 ,3180 ,4805 ,5572 ,5502 ,6116 ,3824 ,1421 ,793 ,83 ,3 ,17452 ,17452 ,1633 ,1596 ,2590 ,2978 ,2814 ,2988 ,1935 ,613 ,289 ,16 ,0 ,17003 ,17003 ,1523 ,1584 ,2215 ,2594 ,2688 ,3128 ,1889 ,808 ,504 ,67 ,3
경기도 평택시 동삭동(4122065000),40793 ,40793 ,5767 ,3997 ,4748 ,9522 ,8042 ,4919 ,2598 ,831 ,319 ,49 ,1 ,21276 ,21276 ,2973 ,1964 ,2577 ,5088 ,4380 ,2524 ,1267 ,384 ,110 ,9 ,0 ,19517 ,19517 ,2794 ,2033 ,2171 ,4434 ,3662 ,2395 ,1331 ,447 ,209 ,40 ,1
경기도 평택시 고덕동(4122066000),34633 ,34633 ,5509 ,2613 ,5243 ,9286 ,5964 ,3534 ,1691 ,550 ,195 ,47 ,1 ,18500 ,18500 ,2745 ,1283 ,2993 ,5103 ,3369 ,1797 ,864 ,271 ,62 ,13 ,0 ,16133 ,16133 ,2764 ,1330 ,2250 ,4183 ,2595 ,1737 ,827 ,279 ,133 ,34 ,1
경기도 송탄출장소 (4122200000),0 ,0 ,0 ,0 ,0 ,0 ,0 ,0 ,0 ,0 ,0 ,0 ,0 ,0 ,0 ,0 ,0 ,0 ,0 ,0 ,0 ,0 ,0 ,0 ,0 ,0 ,0 ,0 ,0 ,0 ,0 ,0 ,0 ,0 ,0 ,0 ,0 ,0 ,0
경기도 안중출장소 (4122400000),0 ,0 ,0 ,0 ,0 ,0 ,0 ,0 ,0 ,0 ,0 ,0 ,0 ,0 ,0 ,0 ,0 ,0 ,0 ,0 ,0 ,0 ,0 ,0 ,0 ,0 ,0 ,0 ,0 ,0 ,0 ,0 ,0 ,0 ,0 ,0 ,0 ,0 ,0
경기도 동두천시 (4125000000),90460 ,90460 ,4990 ,8092 ,10098 ,9148 ,12849 ,16172 ,14794 ,8469 ,5198 ,633 ,17 ,45117 ,45117 ,2565 ,4084 ,5431 ,4859 ,6601 ,8534 ,7357 ,3625 ,1889 ,168 ,4 ,45343 ,45343 ,2425 ,4008 ,4667 ,4289 ,6248 ,7638 ,7437 ,4844 ,3309 ,465 ,13
경기도 동두천시 생연1동(4125051000),6600 ,6600 ,381 ,516 ,709 ,669 ,814 ,1185 ,1222 ,639 ,417 ,47 ,1 ,3325 ,3325 ,201 ,254 ,399 ,366 ,434 ,615 ,613 ,279 ,147 ,16 ,1 ,3275 ,3275 ,180 ,262 ,310 ,303 ,380 ,570 ,609 ,360 ,270 ,31 ,0
경기도 동두천시 생연2동(4125052000),11391 ,11391 ,639 ,1164 ,1146 ,1048 ,1683 ,1952 ,1839 ,1141 ,707 ,71 ,1 ,5575 ,5575 ,317 ,611 ,626 ,535 ,835 ,1041 ,851 ,467 ,270 ,21 ,1 ,5816 ,5816 ,322 ,553 ,520 ,513 ,848 ,911 ,988 ,674 ,437 ,50 ,0
경기도 동두천시 중앙동(4125053500),4681 ,4681 ,149 ,159 ,395 ,407 ,472 ,894 ,1158 ,586 ,393 ,64 ,4 ,2435 ,2435 ,78 ,88 ,200 ,235 ,280 ,526 ,625 ,258 ,126 ,18 ,1 ,2246 ,2246 ,71 ,71 ,195 ,172 ,192 ,368 ,533 ,328 ,267 ,46 ,3
경기도 동두천시 보산동(4125055000),2811 ,2811 ,114 ,183 ,285 ,244 ,338 ,525 ,565 ,324 ,214 ,19 ,0 ,1362 ,1362 ,53 ,86 ,161 ,131 ,173 ,272 ,275 ,129 ,77 ,5 ,0 ,1449 ,1449 ,61 ,97 ,124 ,113 ,165 ,253 ,290 ,195 ,137 ,14 ,0
경기도 동두천시 불현동(4125056500),26064 ,26064 ,1463 ,2493 ,3060 ,2577 ,3767 ,4799 ,4171 ,2257 ,1315 ,160 ,2 ,12787 ,12787 ,753 ,1235 ,1618 ,1323 ,1882 ,2413 ,2090 ,964 ,471 ,38 ,0 ,13277 ,13277 ,710 ,1258 ,1442 ,1254 ,1885 ,2386 ,2081 ,1293 ,844 ,122 ,2
경기도 동두천시 송내동(4125056600),25080 ,25080 ,1634 ,2820 ,3168 ,2836 ,4121 ,4352 ,3039 ,1841 ,1130 ,135 ,4 ,12330 ,12330 ,835 ,1419 ,1670 ,1488 ,2050 ,2255 ,1430 ,734 ,412 ,36 ,1 ,12750 ,12750 ,799 ,1401 ,1498 ,1348 ,2071 ,2097 ,1609 ,1107 ,718 ,99 ,3
경기도 동두천시 소요동(4125058000),8759 ,8759 ,364 ,522 ,845 ,788 ,1095 ,1554 ,1779 ,1095 ,634 ,80 ,3 ,4569 ,4569 ,183 ,274 ,483 ,433 ,628 ,865 ,920 ,519 ,243 ,21 ,0 ,4190 ,4190 ,181 ,248 ,362 ,355 ,467 ,689 ,859 ,576 ,391 ,59 ,3
경기도 동두천시 상패동(4125060000),5074 ,5074 ,246 ,235 ,490 ,579 ,559 ,911 ,1021 ,586 ,388 ,57 ,2 ,2734 ,2734 ,145 ,117 ,274 ,348 ,319 ,547 ,553 ,275 ,143 ,13 ,0 ,2340 ,2340 ,101 ,118 ,216 ,231 ,240 ,364 ,468 ,311 ,245 ,44 ,2
경기도 안산시 (4127000000),637480 ,637480 ,37177 ,57740 ,97624 ,83280 ,97463 ,125560 ,87499 ,31907 ,16605 ,2545 ,80 ,326747 ,326747 ,18985 ,29715 ,51987 ,45566 ,50601 ,63159 ,45837 ,14697 ,5625 ,560 ,15 ,310733 ,310733 ,18192 ,28025 ,45637 ,37714 ,46862 ,62401 ,41662 ,17210 ,10980 ,1985 ,65
경기도 안산시 상록구 (4127100000),341263 ,341263 ,19114 ,31196 ,53499 ,42623 ,51587 ,68114 ,46506 ,17508 ,9611 ,1453 ,52 ,174089 ,174089 ,9776 ,15974 ,28478 ,23275 ,26557 ,34180 ,24349 ,7901 ,3246 ,345 ,8 ,167174 ,167174 ,9338 ,15222 ,25021 ,19348 ,25030 ,33934 ,22157 ,9607 ,6365 ,1108 ,44
경기도 안산시 상록구 일동(4127151000),24154 ,24154 ,1351 ,2230 ,3577 ,2854 ,3993 ,4745 ,3100 ,1461 ,746 ,91 ,6 ,12295 ,12295 ,677 ,1101 ,1833 ,1570 ,2131 ,2470 ,1606 ,633 ,257 ,16 ,1 ,11859 ,11859 ,674 ,1129 ,1744 ,1284 ,1862 ,2275 ,1494 ,828 ,489 ,75 ,5
경기도 안산시 상록구 이동(4127151500),23288 ,23288 ,861 ,1420 ,4120 ,3562 ,3513 ,4498 ,3152 ,1332 ,715 ,106 ,9 ,12573 ,12573 ,431 ,741 ,2177 ,2124 ,2031 ,2486 ,1681 ,615 ,261 ,26 ,0 ,10715 ,10715 ,430 ,679 ,1943 ,1438 ,1482 ,2012 ,1471 ,717 ,454 ,80 ,9
경기도 안산시 상록구 사동(4127152500),31245 ,31245 ,1446 ,2366 ,5378 ,4382 ,4775 ,6248 ,3642 ,1558 ,1208 ,231 ,11 ,16467 ,16467 ,767 ,1233 ,3036 ,2561 ,2593 ,3254 ,1940 ,675 ,339 ,65 ,4 ,14778 ,14778 ,679 ,1133 ,2342 ,1821 ,2182 ,2994 ,1702 ,883 ,869 ,166 ,7
경기도 안산시 상록구 사이동(4127153200),31493 ,31493 ,1940 ,3220 ,4793 ,4007 ,4902 ,6218 ,4197 ,1341 ,751 ,120 ,4 ,15945 ,15945 ,1018 ,1644 ,2543 ,2147 ,2514 ,3008 ,2180 ,611 ,255 ,25 ,0 ,15548 ,15548 ,922 ,1576 ,2250 ,1860 ,2388 ,3210 ,2017 ,730 ,496 ,95 ,4
경기도 안산시 상록구 해양동(4127153700),40869 ,40869 ,3921 ,5236 ,7061 ,5113 ,6976 ,6982 ,4122 ,1003 ,379 ,74 ,2 ,20549 ,20549 ,1940 ,2640 ,3810 ,2492 ,3364 ,3435 ,2208 ,512 ,139 ,9 ,0 ,20320 ,20320 ,1981 ,2596 ,3251 ,2621 ,3612 ,3547 ,1914 ,491 ,240 ,65 ,2
경기도 안산시 상록구 본오1동(4127154000),36357 ,36357 ,1994 ,3622 ,5461 ,4309 ,6063 ,7466 ,4486 ,1809 ,1020 ,126 ,1 ,18879 ,18879 ,1048 ,1897 ,2881 ,2380 ,3170 ,3920 ,2402 ,781 ,367 ,32 ,1 ,17478 ,17478 ,946 ,1725 ,2580 ,1929 ,2893 ,3546 ,2084 ,1028 ,653 ,94 ,0
경기도 안산시 상록구 본오2동(4127155000),25467 ,25467 ,1229 ,2399 ,3950 ,2879 ,3765 ,5369 ,3502 ,1428 ,810 ,134 ,2 ,12582 ,12582 ,623 ,1183 ,2049 ,1522 ,1815 ,2662 ,1793 ,616 ,282 ,37 ,0 ,12885 ,12885 ,606 ,1216 ,1901 ,1357 ,1950 ,2707 ,1709 ,812 ,528 ,97 ,2
경기도 안산시 상록구 본오3동(4127156000),18945 ,18945 ,717 ,1450 ,3049 ,2403 ,2625 ,4060 ,2780 ,1128 ,670 ,63 ,0 ,9440 ,9440 ,377 ,717 ,1565 ,1316 ,1330 ,1974 ,1402 ,501 ,237 ,21 ,0 ,9505 ,9505 ,340 ,733 ,1484 ,1087 ,1295 ,2086 ,1378 ,627 ,433 ,42 ,0
경기도 안산시 상록구 부곡동(4127157000),21051 ,21051 ,1129 ,1949 ,3021 ,2300 ,3189 ,4684 ,2977 ,1070 ,652 ,76 ,4 ,10830 ,10830 ,578 ,972 ,1607 ,1270 ,1683 ,2420 ,1606 ,460 ,214 ,20 ,0 ,10221 ,10221 ,551 ,977 ,1414 ,1030 ,1506 ,2264 ,1371 ,610 ,438 ,56 ,4
경기도 안산시 상록구 월피동(4127158000),37233 ,37233 ,1872 ,3204 ,6355 ,4696 ,5121 ,7855 ,5292 ,1729 ,955 ,146 ,8 ,18985 ,18985 ,949 ,1712 ,3378 ,2609 ,2554 ,3856 ,2830 ,787 ,283 ,26 ,1 ,18248 ,18248 ,923 ,1492 ,2977 ,2087 ,2567 ,3999 ,2462 ,942 ,672 ,120 ,7
경기도 안산시 상록구 성포동(4127159000),25357 ,25357 ,1370 ,2227 ,3922 ,3287 ,3079 ,5239 ,4239 ,1223 ,641 ,129 ,1 ,12354 ,12354 ,709 ,1167 ,2049 ,1705 ,1434 ,2291 ,2196 ,574 ,193 ,36 ,0 ,13003 ,13003 ,661 ,1060 ,1873 ,1582 ,1645 ,2948 ,2043 ,649 ,448 ,93 ,1
경기도 안산시 상록구 반월동(4127160000),17021 ,17021 ,909 ,1164 ,1842 ,1955 ,2387 ,3011 ,3230 ,1690 ,720 ,111 ,2 ,8582 ,8582 ,466 ,611 ,999 ,1061 ,1299 ,1463 ,1573 ,788 ,299 ,22 ,1 ,8439 ,8439 ,443 ,553 ,843 ,894 ,1088 ,1548 ,1657 ,902 ,421 ,89 ,1
경기도 안산시 상록구 안산동(4127161000),8783 ,8783 ,375 ,709 ,970 ,876 ,1199 ,1739 ,1787 ,736 ,344 ,46 ,2 ,4608 ,4608 ,193 ,356 ,551 ,518 ,639 ,941 ,932 ,348 ,120 ,10 ,0 ,4175 ,4175 ,182 ,353 ,419 ,358 ,560 ,798 ,855 ,388 ,224 ,36 ,2
경기도 안산시 단원구 (4127300000),296217 ,296217 ,18063 ,26544 ,44125 ,40657 ,45876 ,57446 ,40993 ,14399 ,6994 ,1092 ,28 ,152658 ,152658 ,9209 ,13741 ,23509 ,22291 ,24044 ,28979 ,21488 ,6796 ,2379 ,215 ,7 ,143559 ,143559 ,8854 ,12803 ,20616 ,18366 ,21832 ,28467 ,19505 ,7603 ,4615 ,877 ,21
경기도 안산시 단원구 와동(4127351000),37309 ,37309 ,2173 ,3529 ,5380 ,4718 ,6598 ,7392 ,4702 ,1801 ,883 ,127 ,6 ,19810 ,19810 ,1102 ,1848 ,3027 ,2707 ,3577 ,3964 ,2465 ,809 ,288 ,22 ,1 ,17499 ,17499 ,1071 ,1681 ,2353 ,2011 ,3021 ,3428 ,2237 ,992 ,595 ,105 ,5
경기도 안산시 단원구 고잔동(4127352500),20944 ,20944 ,967 ,1607 ,3830 ,3051 ,2923 ,4005 ,2830 ,1087 ,574 ,67 ,3 ,10468 ,10468 ,480 ,836 ,1903 ,1708 ,1541 ,1946 ,1399 ,467 ,176 ,11 ,1 ,10476 ,10476 ,487 ,771 ,1927 ,1343 ,1382 ,2059 ,1431 ,620 ,398 ,56 ,2
경기도 안산시 단원구 중앙동(4127353200),23175 ,23175 ,1288 ,1786 ,4716 ,3732 ,3233 ,3974 ,3052 ,930 ,372 ,90 ,2 ,11506 ,11506 ,653 ,903 ,2308 ,2017 ,1599 ,1904 ,1527 ,464 ,115 ,16 ,0 ,11669 ,11669 ,635 ,883 ,2408 ,1715 ,1634 ,2070 ,1525 ,466 ,257 ,74 ,2
경기도 안산시 단원구 호수동(4127353500),42915 ,42915 ,2999 ,4781 ,6832 ,5214 ,6628 ,8636 ,5552 ,1415 ,716 ,139 ,3 ,21634 ,21634 ,1531 ,2479 ,3580 ,2664 ,3172 ,4114 ,3085 ,729 ,250 ,30 ,0 ,21281 ,21281 ,1468 ,2302 ,3252 ,2550 ,3456 ,4522 ,2467 ,686 ,466 ,109 ,3
경기도 안산시 단원구 원곡동(4127354500),5828 ,5828 ,239 ,299 ,421 ,552 ,770 ,1461 ,1160 ,589 ,309 ,28 ,0 ,3317 ,3317 ,120 ,160 ,259 ,328 ,456 ,906 ,676 ,276 ,129 ,7 ,0 ,2511 ,2511 ,119 ,139 ,162 ,224 ,314 ,555 ,484 ,313 ,180 ,21 ,0
경기도 안산시 단원구 백운동(4127355500),22712 ,22712 ,1740 ,1872 ,2961 ,3764 ,3227 ,4191 ,3335 ,1135 ,426 ,60 ,1 ,11406 ,11406 ,901 ,939 ,1559 ,1959 ,1642 ,1990 ,1678 ,563 ,160 ,15 ,0 ,11306 ,11306 ,839 ,933 ,1402 ,1805 ,1585 ,2201 ,1657 ,572 ,266 ,45 ,1
경기도 안산시 단원구 신길동(4127356500),21756 ,21756 ,1262 ,2319 ,2767 ,2526 ,3681 ,4330 ,3152 ,1137 ,504 ,77 ,1 ,11711 ,11711 ,639 ,1196 ,1594 ,1486 ,2049 ,2341 ,1653 ,544 ,191 ,18 ,0 ,10045 ,10045 ,623 ,1123 ,1173 ,1040 ,1632 ,1989 ,1499 ,593 ,313 ,59 ,1
경기도 안산시 단원구 초지동(4127357000),46109 ,46109 ,3313 ,4302 ,6706 ,7170 ,7512 ,8342 ,5401 ,2066 ,1091 ,201 ,5 ,23599 ,23599 ,1709 ,2197 ,3656 ,3927 ,3879 ,4156 ,2736 ,949 ,355 ,34 ,1 ,22510 ,22510 ,1604 ,2105 ,3050 ,3243 ,3633 ,4186 ,2665 ,1117 ,736 ,167 ,4
경기도 안산시 단원구 선부1동(4127358000),17161 ,17161 ,1157 ,1250 ,2341 ,2794 ,2578 ,3198 ,2503 ,865 ,413 ,61 ,1 ,8722 ,8722 ,592 ,650 ,1231 ,1519 ,1411 ,1551 ,1251 ,383 ,125 ,9 ,0 ,8439 ,8439 ,565 ,600 ,1110 ,1275 ,1167 ,1647 ,1252 ,482 ,288 ,52 ,1
경기도 안산시 단원구 선부2동(4127359000),15367 ,15367 ,673 ,1354 ,2323 ,1794 ,2314 ,3340 ,2249 ,868 ,405 ,45 ,2 ,8273 ,8273 ,323 ,743 ,1221 ,1019 ,1304 ,1835 ,1261 ,419 ,133 ,13 ,2 ,7094 ,7094 ,350 ,611 ,1102 ,775 ,1010 ,1505 ,988 ,449 ,272 ,32 ,0
경기도 안산시 단원구 선부3동(4127360000),33703 ,33703 ,1981 ,3091 ,5215 ,4677 ,5436 ,6697 ,4495 ,1327 ,690 ,94 ,0 ,17352 ,17352 ,1009 ,1601 ,2796 ,2572 ,2836 ,3303 ,2428 ,585 ,208 ,14 ,0 ,16351 ,16351 ,972 ,1490 ,2419 ,2105 ,2600 ,3394 ,2067 ,742 ,482 ,80 ,0
경기도 안산시 단원구 대부동(4127361000),9238 ,9238 ,271 ,354 ,633 ,665 ,976 ,1880 ,2562 ,1179 ,611 ,103 ,4 ,4860 ,4860 ,150 ,189 ,375 ,385 ,578 ,969 ,1329 ,608 ,249 ,26 ,2 ,4378 ,4378 ,121 ,165 ,258 ,280 ,398 ,911 ,1233 ,571 ,362 ,77 ,2
경기도 고양시 (4128000000),1078025 ,1078025 ,72932 ,100332 ,138144 ,143532 ,171862 ,197719 ,145102 ,63876 ,38567 ,5808 ,151 ,526192 ,526192 ,37090 ,51139 ,70129 ,71613 ,83870 ,96143 ,72614 ,27995 ,14015 ,1543 ,41 ,551833 ,551833 ,35842 ,49193 ,68015 ,71919 ,87992 ,101576 ,72488 ,35881 ,24552 ,4265 ,110
경기도 고양시 덕양구 (4128100000),495916 ,495916 ,36842 ,41781 ,60215 ,72282 ,79471 ,85280 ,67755 ,31851 ,17863 ,2517 ,59 ,243932 ,243932 ,18672 ,21234 ,30650 ,36272 ,40093 ,42153 ,33603 ,14045 ,6571 ,624 ,15 ,251984 ,251984 ,18170 ,20547 ,29565 ,36010 ,39378 ,43127 ,34152 ,17806 ,11292 ,1893 ,44
경기도 고양시 덕양구 주교동(4128151000),11238 ,11238 ,380 ,782 ,1410 ,1144 ,1440 ,2413 ,2091 ,968 ,522 ,86 ,2 ,5778 ,5778 ,203 ,439 ,766 ,663 ,759 ,1250 ,1066 ,440 ,167 ,24 ,1 ,5460 ,5460 ,177 ,343 ,644 ,481 ,681 ,1163 ,1025 ,528 ,355 ,62 ,1
경기도 고양시 덕양구 원신동(4128152000),23116 ,23116 ,2441 ,2358 ,1903 ,3209 ,4508 ,3297 ,3197 ,1462 ,639 ,99 ,3 ,11038 ,11038 ,1196 ,1121 ,1018 ,1484 ,2240 ,1578 ,1461 ,670 ,249 ,20 ,1 ,12078 ,12078 ,1245 ,1237 ,885 ,1725 ,2268 ,1719 ,1736 ,792 ,390 ,79 ,2
경기도 고양시 덕양구 흥도동(4128153000),29793 ,29793 ,2929 ,3402 ,3129 ,4133 ,6447 ,4109 ,3307 ,1529 ,713 ,93 ,2 ,14634 ,14634 ,1490 ,1704 ,1522 ,1951 ,3265 ,2095 ,1580 ,717 ,287 ,23 ,0 ,15159 ,15159 ,1439 ,1698 ,1607 ,2182 ,3182 ,2014 ,1727 ,812 ,426 ,70 ,2
경기도 고양시 덕양구 성사1동(4128154000),21513 ,21513 ,1046 ,1706 ,2781 ,2541 ,3117 ,4187 ,3446 ,1641 ,903 ,144 ,1 ,10707 ,10707 ,521 ,916 ,1437 ,1359 ,1610 ,2153 ,1666 ,697 ,321 ,27 ,0 ,10806 ,10806 ,525 ,790 ,1344 ,1182 ,1507 ,2034 ,1780 ,944 ,582 ,117 ,1
경기도 고양시 덕양구 성사2동(4128155000),10840 ,10840 ,497 ,873 ,1269 ,1240 ,1474 ,2042 ,1811 ,909 ,643 ,80 ,2 ,5225 ,5225 ,250 ,456 ,664 ,668 ,691 ,973 ,859 ,400 ,241 ,23 ,0 ,5615 ,5615 ,247 ,417 ,605 ,572 ,783 ,1069 ,952 ,509 ,402 ,57 ,2
경기도 고양시 덕양구 효자동(4128156000),21660 ,21660 ,3064 ,1643 ,2205 ,4612 ,3924 ,2650 ,2034 ,991 ,463 ,72 ,2 ,10556 ,10556 ,1536 ,774 ,1009 ,2162 ,2089 ,1303 ,1044 ,465 ,160 ,14 ,0 ,11104 ,11104 ,1528 ,869 ,1196 ,2450 ,1835 ,1347 ,990 ,526 ,303 ,58 ,2
경기도 고양시 덕양구 삼송1동(4128157600),20441 ,20441 ,1879 ,1468 ,2646 ,4114 ,3554 ,2842 ,2312 ,1047 ,522 ,54 ,3 ,9823 ,9823 ,941 ,746 ,1173 ,1946 ,1835 ,1332 ,1120 ,506 ,214 ,9 ,1 ,10618 ,10618 ,938 ,722 ,1473 ,2168 ,1719 ,1510 ,1192 ,541 ,308 ,45 ,2
경기도 고양시 덕양구 삼송2동(4128157700),28647 ,28647 ,2480 ,1705 ,3801 ,5801 ,4363 ,4067 ,3406 ,2000 ,915 ,109 ,0 ,13302 ,13302 ,1219 ,879 ,1642 ,2799 ,2202 ,1808 ,1534 ,844 ,349 ,26 ,0 ,15345 ,15345 ,1261 ,826 ,2159 ,3002 ,2161 ,2259 ,1872 ,1156 ,566 ,83 ,0
경기도 고양시 덕양구 창릉동(4128158000),23483 ,23483 ,2623 ,1793 ,2315 ,5206 ,4262 ,3083 ,2459 ,1126 ,531 ,81 ,4 ,11557 ,11557 ,1306 ,953 ,1060 ,2547 ,2213 ,1535 ,1162 ,528 ,227 ,25 ,1 ,11926 ,11926 ,1317 ,840 ,1255 ,2659 ,2049 ,1548 ,1297 ,598 ,304 ,56 ,3
경기도 고양시 덕양구 고양동(4128159000),28864 ,28864 ,1641 ,2894 ,3303 ,2787 ,4607 ,5250 ,4392 ,2540 ,1287 ,158 ,5 ,14531 ,14531 ,814 ,1500 ,1809 ,1489 ,2307 ,2765 ,2161 ,1147 ,489 ,48 ,2 ,14333 ,14333 ,827 ,1394 ,1494 ,1298 ,2300 ,2485 ,2231 ,1393 ,798 ,110 ,3
경기도 고양시 덕양구 관산동(4128160000),35639 ,35639 ,1622 ,2608 ,3858 ,3634 ,5088 ,6925 ,6639 ,3331 ,1695 ,229 ,10 ,18042 ,18042 ,834 ,1337 ,2105 ,1996 ,2700 ,3574 ,3282 ,1508 ,662 ,43 ,1 ,17597 ,17597 ,788 ,1271 ,1753 ,1638 ,2388 ,3351 ,3357 ,1823 ,1033 ,186 ,9
경기도 고양시 덕양구 능곡동(4128161000),17777 ,17777 ,1124 ,1287 ,2232 ,2449 ,2500 ,3422 ,2817 ,1201 ,646 ,97 ,2 ,9120 ,9120 ,598 ,680 ,1219 ,1343 ,1254 ,1689 ,1499 ,555 ,261 ,21 ,1 ,8657 ,8657 ,526 ,607 ,1013 ,1106 ,1246 ,1733 ,1318 ,646 ,385 ,76 ,1
경기도 고양시 덕양구 화정1동(4128162100),36344 ,36344 ,1538 ,3201 ,5537 ,4315 ,4894 ,7197 ,5158 ,2446 ,1797 ,255 ,6 ,17601 ,17601 ,796 ,1639 ,2796 ,2200 ,2302 ,3459 ,2640 ,1003 ,683 ,82 ,1 ,18743 ,18743 ,742 ,1562 ,2741 ,2115 ,2592 ,3738 ,2518 ,1443 ,1114 ,173 ,5
경기도 고양시 덕양구 화정2동(4128162200),31628 ,31628 ,2025 ,3347 ,4123 ,4084 ,5268 ,6019 ,3676 ,1706 ,1211 ,167 ,2 ,15245 ,15245 ,1009 ,1725 ,2105 ,2045 ,2406 ,2936 ,1866 ,677 ,420 ,56 ,0 ,16383 ,16383 ,1016 ,1622 ,2018 ,2039 ,2862 ,3083 ,1810 ,1029 ,791 ,111 ,2
경기도 고양시 덕양구 행주동(4128163000),17879 ,17879 ,561 ,998 ,2533 ,2262 ,2244 ,3636 ,3231 ,1457 ,841 ,115 ,1 ,9429 ,9429 ,293 ,517 ,1412 ,1288 ,1270 ,1973 ,1712 ,651 ,291 ,22 ,0 ,8450 ,8450 ,268 ,481 ,1121 ,974 ,974 ,1663 ,1519 ,806 ,550 ,93 ,1
경기도 고양시 덕양구 행신1동(4128164000),20918 ,20918 ,1051 ,1780 ,2648 ,2708 ,3001 ,4046 ,3367 ,1357 ,831 ,126 ,3 ,10192 ,10192 ,566 ,882 ,1360 ,1419 ,1452 ,1941 ,1686 ,564 ,289 ,32 ,1 ,10726 ,10726 ,485 ,898 ,1288 ,1289 ,1549 ,2105 ,1681 ,793 ,542 ,94 ,2
경기도 고양시 덕양구 행신2동(4128165000),30650 ,30650 ,1917 ,2365 ,4313 ,4841 ,4366 ,5652 ,4092 ,1774 ,1159 ,168 ,3 ,14955 ,14955 ,966 ,1163 ,2273 ,2469 ,2148 ,2664 ,2091 ,739 ,397 ,44 ,1 ,15695 ,15695 ,951 ,1202 ,2040 ,2372 ,2218 ,2988 ,2001 ,1035 ,762 ,124 ,2
경기도 고양시 덕양구 행신3동(4128165500),23197 ,23197 ,1192 ,2231 ,3347 ,2761 ,3233 ,4966 ,3096 ,1317 ,926 ,128 ,0 ,10993 ,10993 ,619 ,1107 ,1697 ,1318 ,1478 ,2272 ,1581 ,563 ,323 ,35 ,0 ,12204 ,12204 ,573 ,1124 ,1650 ,1443 ,1755 ,2694 ,1515 ,754 ,603 ,93 ,0
경기도 고양시 덕양구 행신4동(4128165600),20162 ,20162 ,793 ,1944 ,2761 ,2215 ,2894 ,4120 ,3179 ,1327 ,798 ,129 ,2 ,10065 ,10065 ,409 ,1001 ,1502 ,1212 ,1445 ,2110 ,1569 ,558 ,234 ,24 ,1 ,10097 ,10097 ,384 ,943 ,1259 ,1003 ,1449 ,2010 ,1610 ,769 ,564 ,105 ,1
경기도 고양시 덕양구 화전동(4128166000),27859 ,27859 ,3707 ,2086 ,2605 ,5287 ,5547 ,3664 ,2956 ,1289 ,616 ,96 ,6 ,13903 ,13903 ,1925 ,1040 ,1300 ,2545 ,2965 ,1826 ,1439 ,611 ,230 ,19 ,3 ,13956 ,13956 ,1782 ,1046 ,1305 ,2742 ,2582 ,1838 ,1517 ,678 ,386 ,77 ,3
경기도 고양시 덕양구 대덕동(4128167000),14268 ,14268 ,2332 ,1310 ,1496 ,2939 ,2740 ,1693 ,1089 ,433 ,205 ,31 ,0 ,7236 ,7236 ,1181 ,655 ,781 ,1369 ,1462 ,917 ,585 ,202 ,77 ,7 ,0 ,7032 ,7032 ,1151 ,655 ,715 ,1570 ,1278 ,776 ,504 ,231 ,128 ,24 ,0
경기도 고양시 일산동구 (4128500000),293429 ,293429 ,17785 ,27827 ,40158 ,37307 ,46720 ,56238 ,39559 ,16047 ,10049 ,1692 ,47 ,142368 ,142368 ,9083 ,14223 ,20112 ,18464 ,22257 ,27095 ,19995 ,7086 ,3593 ,444 ,16 ,151061 ,151061 ,8702 ,13604 ,20046 ,18843 ,24463 ,29143 ,19564 ,8961 ,6456 ,1248 ,31
경기도 고양시 일산동구 식사동(4128551000),40534 ,40534 ,3780 ,5358 ,5091 ,4513 ,7716 ,7452 ,4157 ,1481 ,852 ,132 ,2 ,19713 ,19713 ,1958 ,2716 ,2534 ,2097 ,3585 ,3683 ,2163 ,641 ,303 ,32 ,1 ,20821 ,20821 ,1822 ,2642 ,2557 ,2416 ,4131 ,3769 ,1994 ,840 ,549 ,100 ,1
경기도 고양시 일산동구 중산1동(4128552500),20989 ,20989 ,903 ,1653 ,2886 ,2351 ,2615 ,4226 ,3668 ,1438 ,1044 ,201 ,4 ,10180 ,10180 ,432 ,882 ,1531 ,1212 ,1271 ,1951 ,1849 ,644 ,351 ,55 ,2 ,10809 ,10809 ,471 ,771 ,1355 ,1139 ,1344 ,2275 ,1819 ,794 ,693 ,146 ,2
경기도 고양시 일산동구 중산2동(4128552600),24038 ,24038 ,1839 ,2364 ,3030 ,2768 ,3854 ,4627 ,3269 ,1335 ,822 ,127 ,3 ,11510 ,11510 ,963 ,1187 ,1596 ,1351 ,1847 ,2120 ,1551 ,587 ,281 ,27 ,0 ,12528 ,12528 ,876 ,1177 ,1434 ,1417 ,2007 ,2507 ,1718 ,748 ,541 ,100 ,3
경기도 고양시 일산동구 정발산동(4128553000),22280 ,22280 ,1011 ,1870 ,3326 ,2875 ,3030 ,4322 ,3358 ,1517 ,835 ,132 ,4 ,10727 ,10727 ,524 ,954 ,1697 ,1494 ,1418 ,2001 ,1614 ,681 ,314 ,28 ,2 ,11553 ,11553 ,487 ,916 ,1629 ,1381 ,1612 ,2321 ,1744 ,836 ,521 ,104 ,2
경기도 고양시 일산동구 풍산동(4128554000),37443 ,37443 ,2585 ,4105 ,4876 ,4269 ,6025 ,6965 ,5092 ,2113 ,1208 ,199 ,6 ,17974 ,17974 ,1301 ,2112 ,2481 ,2068 ,2808 ,3306 ,2500 ,888 ,447 ,61 ,2 ,19469 ,19469 ,1284 ,1993 ,2395 ,2201 ,3217 ,3659 ,2592 ,1225 ,761 ,138 ,4
경기도 고양시 일산동구 백석1동(4128555100),29241 ,29241 ,1697 ,2447 ,4218 ,4353 ,4405 ,5625 ,3944 ,1543 ,884 ,123 ,2 ,13878 ,13878 ,853 ,1250 ,2022 ,2131 ,2128 ,2546 ,1941 ,641 ,330 ,36 ,0 ,15363 ,15363 ,844 ,1197 ,2196 ,2222 ,2277 ,3079 ,2003 ,902 ,554 ,87 ,2
경기도 고양시 일산동구 백석2동(4128555200),20225 ,20225 ,694 ,1141 ,3135 ,3311 ,3195 ,3969 ,2677 ,1223 ,760 ,115 ,5 ,9683 ,9683 ,345 ,578 ,1422 ,1618 ,1547 ,1985 ,1382 ,532 ,248 ,25 ,1 ,10542 ,10542 ,349 ,563 ,1713 ,1693 ,1648 ,1984 ,1295 ,691 ,512 ,90 ,4
경기도 고양시 일산동구 마두1동(4128556000),23154 ,23154 ,1126 ,3009 ,3377 ,2222 ,3514 ,4681 ,3138 ,1169 ,773 ,144 ,1 ,11118 ,11118 ,574 ,1532 ,1703 ,1077 ,1518 ,2269 ,1615 ,513 ,281 ,36 ,0 ,12036 ,12036 ,552 ,1477 ,1674 ,1145 ,1996 ,2412 ,1523 ,656 ,492 ,108 ,1
경기도 고양시 일산동구 마두2동(4128557000),15572 ,15572 ,927 ,2099 ,1956 ,1408 ,2647 ,3043 ,1865 ,778 ,722 ,125 ,2 ,7303 ,7303 ,463 ,1073 ,961 ,645 ,1155 ,1458 ,930 ,329 ,239 ,49 ,1 ,8269 ,8269 ,464 ,1026 ,995 ,763 ,1492 ,1585 ,935 ,449 ,483 ,76 ,1
경기도 고양시 일산동구 장항1동(4128558000),11001 ,11001 ,1214 ,1003 ,1175 ,1584 ,2183 ,1866 ,1292 ,472 ,186 ,24 ,2 ,5544 ,5544 ,632 ,515 ,595 ,725 ,1107 ,937 ,701 ,252 ,75 ,5 ,0 ,5457 ,5457 ,582 ,488 ,580 ,859 ,1076 ,929 ,591 ,220 ,111 ,19 ,2
경기도 고양시 일산동구 장항2동(4128559000),26559 ,26559 ,833 ,1401 ,4561 ,4904 ,4398 ,5026 ,3048 ,1295 ,941 ,146 ,6 ,13015 ,13015 ,441 ,681 ,2092 ,2525 ,2173 ,2519 ,1600 ,571 ,355 ,54 ,4 ,13544 ,13544 ,392 ,720 ,2469 ,2379 ,2225 ,2507 ,1448 ,724 ,586 ,92 ,2
경기도 고양시 일산동구 고봉동(4128560000),22393 ,22393 ,1176 ,1377 ,2527 ,2749 ,3138 ,4436 ,4051 ,1683 ,1022 ,224 ,10 ,11723 ,11723 ,597 ,743 ,1478 ,1521 ,1700 ,2320 ,2149 ,807 ,369 ,36 ,3 ,10670 ,10670 ,579 ,634 ,1049 ,1228 ,1438 ,2116 ,1902 ,876 ,653 ,188 ,7
경기도 고양시 일산서구 (4128700000),288680 ,288680 ,18305 ,30724 ,37771 ,33943 ,45671 ,56201 ,37788 ,15978 ,10655 ,1599 ,45 ,139892 ,139892 ,9335 ,15682 ,19367 ,16877 ,21520 ,26895 ,19016 ,6864 ,3851 ,475 ,10 ,148788 ,148788 ,8970 ,15042 ,18404 ,17066 ,24151 ,29306 ,18772 ,9114 ,6804 ,1124 ,35
경기도 고양시 일산서구 일산1동(4128751000),25954 ,25954 ,1536 ,2368 ,3499 ,2997 ,3738 ,4993 ,3844 ,1734 ,1095 ,145 ,5 ,12499 ,12499 ,789 ,1195 ,1809 ,1506 ,1791 ,2319 ,1886 ,739 ,419 ,45 ,1 ,13455 ,13455 ,747 ,1173 ,1690 ,1491 ,1947 ,2674 ,1958 ,995 ,676 ,100 ,4
경기도 고양시 일산서구 일산2동(4128752000),19037 ,19037 ,946 ,1319 ,2518 ,2218 ,2385 ,4092 ,3392 ,1250 ,798 ,118 ,1 ,9454 ,9454 ,468 ,688 ,1349 ,1140 ,1182 ,2027 ,1746 ,538 ,284 ,31 ,1 ,9583 ,9583 ,478 ,631 ,1169 ,1078 ,1203 ,2065 ,1646 ,712 ,514 ,87 ,0
경기도 고양시 일산서구 일산3동(4128753000),33881 ,33881 ,2215 ,5259 ,4054 ,3366 ,6287 ,6459 ,3787 ,1404 ,880 ,166 ,4 ,16381 ,16381 ,1166 ,2695 ,2109 ,1629 ,2767 ,3087 ,1973 ,591 ,318 ,45 ,1 ,17500 ,17500 ,1049 ,2564 ,1945 ,1737 ,3520 ,3372 ,1814 ,813 ,562 ,121 ,3
경기도 고양시 일산서구 탄현1동(4128754500),30285 ,30285 ,2068 ,2932 ,4426 ,3847 ,4691 ,6297 ,3530 ,1315 ,1001 ,173 ,5 ,14901 ,14901 ,1079 ,1506 ,2253 ,1963 ,2277 ,3031 ,1872 ,535 ,337 ,47 ,1 ,15384 ,15384 ,989 ,1426 ,2173 ,1884 ,2414 ,3266 ,1658 ,780 ,664 ,126 ,4
경기도 고양시 일산서구 탄현2동(4128754600),19340 ,19340 ,1693 ,2224 ,2219 ,2456 ,3447 ,3389 ,2223 ,995 ,614 ,77 ,3 ,9309 ,9309 ,863 ,1139 ,1109 ,1194 ,1654 ,1600 ,1074 ,417 ,234 ,24 ,1 ,10031 ,10031 ,830 ,1085 ,1110 ,1262 ,1793 ,1789 ,1149 ,578 ,380 ,53 ,2
경기도 고양시 일산서구 주엽1동(4128755000),27069 ,27069 ,1455 ,2921 ,3394 ,3199 ,4064 ,5065 ,3592 ,1680 ,1475 ,217 ,7 ,12679 ,12679 ,744 ,1494 ,1728 ,1536 ,1847 ,2319 ,1725 ,694 ,509 ,83 ,0 ,14390 ,14390 ,711 ,1427 ,1666 ,1663 ,2217 ,2746 ,1867 ,986 ,966 ,134 ,7
경기도 고양시 일산서구 주엽2동(4128756000),27550 ,27550 ,1615 ,2936 ,3219 ,3147 ,4184 ,5076 ,3735 ,1853 ,1540 ,240 ,5 ,12868 ,12868 ,823 ,1482 ,1602 ,1540 ,1917 ,2352 ,1817 ,718 ,533 ,83 ,1 ,14682 ,14682 ,792 ,1454 ,1617 ,1607 ,2267 ,2724 ,1918 ,1135 ,1007 ,157 ,4
경기도 고양시 일산서구 대화동(4128757000),34882 ,34882 ,1902 ,2677 ,5513 ,5159 ,5055 ,6635 ,4708 ,1959 ,1118 ,153 ,3 ,16989 ,16989 ,967 ,1376 ,2765 ,2658 ,2463 ,3116 ,2339 ,889 ,373 ,42 ,1 ,17893 ,17893 ,935 ,1301 ,2748 ,2501 ,2592 ,3519 ,2369 ,1070 ,745 ,111 ,2
경기도 고양시 일산서구 송포동(4128758000),20741 ,20741 ,1384 ,2016 ,2706 ,2659 ,3240 ,4094 ,2717 ,1138 ,671 ,110 ,6 ,10218 ,10218 ,681 ,1055 ,1442 ,1300 ,1531 ,1967 ,1388 ,541 ,283 ,28 ,2 ,10523 ,10523 ,703 ,961 ,1264 ,1359 ,1709 ,2127 ,1329 ,597 ,388 ,82 ,4
경기도 고양시 일산서구 덕이동(4128760000),30972 ,30972 ,2392 ,3733 ,3764 ,3275 ,5465 ,6069 ,3818 ,1499 ,833 ,119 ,5 ,15191 ,15191 ,1222 ,1878 ,1878 ,1622 ,2630 ,2997 ,1933 ,693 ,316 ,22 ,0 ,15781 ,15781 ,1170 ,1855 ,1886 ,1653 ,2835 ,3072 ,1885 ,806 ,517 ,97 ,5
경기도 고양시 일산서구 가좌동(4128761000),18969 ,18969 ,1099 ,2339 ,2459 ,1620 ,3115 ,4032 ,2442 ,1151 ,630 ,81 ,1 ,9403 ,9403 ,533 ,1174 ,1323 ,789 ,1461 ,2080 ,1263 ,509 ,245 ,25 ,1 ,9566 ,9566 ,566 ,1165 ,1136 ,831 ,1654 ,1952 ,1179 ,642 ,385 ,56 ,0
경기도 과천시 (4129000000),78929 ,78929 ,7458 ,7617 ,9583 ,11701 ,12114 ,13017 ,10303 ,4362 ,2344 ,421 ,9 ,38755 ,38755 ,3864 ,3867 ,4920 ,5788 ,5928 ,6280 ,5059 ,2012 ,922 ,112 ,3 ,40174 ,40174 ,3594 ,3750 ,4663 ,5913 ,6186 ,6737 ,5244 ,2350 ,1422 ,309 ,6
경기도 과천시 중앙동(4129051000),11352 ,11352 ,871 ,964 ,1467 ,1564 ,1489 ,1976 ,1830 ,691 ,420 ,76 ,4 ,5496 ,5496 ,454 ,488 ,749 ,783 ,691 ,895 ,911 ,344 ,164 ,15 ,2 ,5856 ,5856 ,417 ,476 ,718 ,781 ,798 ,1081 ,919 ,347 ,256 ,61 ,2
경기도 과천시 원문동(4129051500),15488 ,15488 ,1731 ,1860 ,1694 ,1955 ,2823 ,2512 ,1730 ,698 ,421 ,63 ,1 ,7511 ,7511 ,914 ,919 ,866 ,863 ,1372 ,1231 ,858 ,293 ,173 ,22 ,0 ,7977 ,7977 ,817 ,941 ,828 ,1092 ,1451 ,1281 ,872 ,405 ,248 ,41 ,1
경기도 과천시 갈현동(4129052000),6736 ,6736 ,1166 ,883 ,701 ,1169 ,1201 ,984 ,381 ,148 ,82 ,21 ,0 ,3327 ,3327 ,594 ,433 ,349 ,540 ,593 ,518 ,207 ,65 ,21 ,7 ,0 ,3409 ,3409 ,572 ,450 ,352 ,629 ,608 ,466 ,174 ,83 ,61 ,14 ,0
경기도 과천시 별양동(4129053000),14699 ,14699 ,1316 ,1452 ,1811 ,2125 ,2284 ,2399 ,2021 ,788 ,420 ,81 ,2 ,7153 ,7153 ,661 ,742 ,915 ,1030 ,1106 ,1118 ,1004 ,393 ,155 ,28 ,1 ,7546 ,7546 ,655 ,710 ,896 ,1095 ,1178 ,1281 ,1017 ,395 ,265 ,53 ,1
경기도 과천시 부림동(4129054000),14709 ,14709 ,1400 ,1272 ,1852 ,2426 ,2080 ,2492 ,1907 ,780 ,416 ,83 ,1 ,7243 ,7243 ,754 ,655 ,959 ,1211 ,1004 ,1208 ,932 ,339 ,159 ,22 ,0 ,7466 ,7466 ,646 ,617 ,893 ,1215 ,1076 ,1284 ,975 ,441 ,257 ,61 ,1
경기도 과천시 과천동(4129055000),8792 ,8792 ,554 ,497 ,1060 ,1548 ,1232 ,1389 ,1457 ,689 ,311 ,55 ,0 ,4559 ,4559 ,275 ,264 ,570 ,870 ,681 ,697 ,709 ,329 ,154 ,10 ,0 ,4233 ,4233 ,279 ,233 ,490 ,678 ,551 ,692 ,748 ,360 ,157 ,45 ,0
경기도 과천시 문원동(4129056000),7153 ,7153 ,420 ,689 ,998 ,914 ,1005 ,1265 ,977 ,568 ,274 ,42 ,1 ,3466 ,3466 ,212 ,366 ,512 ,491 ,481 ,613 ,438 ,249 ,96 ,8 ,0 ,3687 ,3687 ,208 ,323 ,486 ,423 ,524 ,652 ,539 ,319 ,178 ,34 ,1
경기도 구리시 (4131000000),188671 ,188671 ,12455 ,17030 ,23953 ,24273 ,30369 ,34335 ,27568 ,12198 ,5755 ,716 ,19 ,93379 ,93379 ,6437 ,8748 ,12215 ,12318 ,15267 ,16771 ,13707 ,5512 ,2212 ,186 ,6 ,95292 ,95292 ,6018 ,8282 ,11738 ,11955 ,15102 ,17564 ,13861 ,6686 ,3543 ,530 ,13
경기도 구리시 갈매동(4131051000),30133 ,30133 ,3812 ,2746 ,2789 ,4563 ,6446 ,3997 ,3602 ,1578 ,517 ,80 ,3 ,14834 ,14834 ,1983 ,1358 ,1368 ,2122 ,3388 ,1917 ,1704 ,770 ,206 ,18 ,0 ,15299 ,15299 ,1829 ,1388 ,1421 ,2441 ,3058 ,2080 ,1898 ,808 ,311 ,62 ,3
경기도 구리시 동구동(4131052000),36226 ,36226 ,2169 ,3519 ,5015 ,4312 ,5447 ,7144 ,5109 ,2167 ,1183 ,159 ,2 ,17774 ,17774 ,1101 ,1882 ,2593 ,2197 ,2596 ,3376 ,2568 ,953 ,463 ,44 ,1 ,18452 ,18452 ,1068 ,1637 ,2422 ,2115 ,2851 ,3768 ,2541 ,1214 ,720 ,115 ,1
경기도 구리시 인창동(4131053000),23573 ,23573 ,1583 ,2315 ,3099 ,3112 ,3788 ,4358 ,3121 ,1446 ,683 ,68 ,0 ,11514 ,11514 ,788 ,1207 ,1551 ,1581 ,1804 ,2140 ,1513 ,649 ,257 ,24 ,0 ,12059 ,12059 ,795 ,1108 ,1548 ,1531 ,1984 ,2218 ,1608 ,797 ,426 ,44 ,0
경기도 구리시 교문1동(4131054100),15704 ,15704 ,592 ,999 ,1977 ,1998 ,2191 ,3031 ,2863 ,1334 ,649 ,67 ,3 ,8087 ,8087 ,300 ,498 ,1062 ,1095 ,1209 ,1559 ,1477 ,623 ,246 ,17 ,1 ,7617 ,7617 ,292 ,501 ,915 ,903 ,982 ,1472 ,1386 ,711 ,403 ,50 ,2
경기도 구리시 교문2동(4131054200),21259 ,21259 ,1339 ,2482 ,2704 ,2332 ,3449 ,3901 ,3074 ,1266 ,632 ,78 ,2 ,10300 ,10300 ,716 ,1237 ,1392 ,1123 ,1622 ,1850 ,1490 ,590 ,256 ,24 ,0 ,10959 ,10959 ,623 ,1245 ,1312 ,1209 ,1827 ,2051 ,1584 ,676 ,376 ,54 ,2
경기도 구리시 수택1동(4131057000),15425 ,15425 ,698 ,1020 ,2167 ,2144 ,2126 ,2964 ,2634 ,1108 ,504 ,59 ,1 ,7701 ,7701 ,375 ,543 ,1035 ,1163 ,1117 ,1430 ,1321 ,515 ,192 ,9 ,1 ,7724 ,7724 ,323 ,477 ,1132 ,981 ,1009 ,1534 ,1313 ,593 ,312 ,50 ,0
경기도 구리시 수택2동(4131058000),24930 ,24930 ,1076 ,1850 ,3405 ,3093 ,3410 ,4820 ,4313 ,1944 ,904 ,109 ,6 ,12335 ,12335 ,532 ,957 ,1746 ,1608 ,1785 ,2372 ,2176 ,807 ,323 ,27 ,2 ,12595 ,12595 ,544 ,893 ,1659 ,1485 ,1625 ,2448 ,2137 ,1137 ,581 ,82 ,4
경기도 구리시 수택3동(4131059000),21421 ,21421 ,1186 ,2099 ,2797 ,2719 ,3512 ,4120 ,2852 ,1355 ,683 ,96 ,2 ,10834 ,10834 ,642 ,1066 ,1468 ,1429 ,1746 ,2127 ,1458 ,605 ,269 ,23 ,1 ,10587 ,10587 ,544 ,1033 ,1329 ,1290 ,1766 ,1993 ,1394 ,750 ,414 ,73 ,1
경기도 남양주시 (4136000000),735521 ,735521 ,57553 ,79319 ,83150 ,86952 ,130826 ,125477 ,96607 ,49034 ,23254 ,3211 ,138 ,365250 ,365250 ,29589 ,40770 ,43121 ,43313 ,65026 ,63703 ,47454 ,22399 ,9106 ,742 ,27 ,370271 ,370271 ,27964 ,38549 ,40029 ,43639 ,65800 ,61774 ,49153 ,26635 ,14148 ,2469 ,111
경기도 남양주시 와부읍(4136025000),57809 ,57809 ,2995 ,6773 ,6984 ,5145 ,9482 ,10977 ,8106 ,4688 ,2327 ,316 ,16 ,28456 ,28456 ,1572 ,3451 ,3710 ,2610 ,4410 ,5480 ,3980 ,2162 ,990 ,85 ,6 ,29353 ,29353 ,1423 ,3322 ,3274 ,2535 ,5072 ,5497 ,4126 ,2526 ,1337 ,231 ,10
경기도 남양주시 진접읍(4136025300),96105 ,96105 ,6897 ,11580 ,10810 ,9972 ,16969 ,16854 ,12922 ,6485 ,3196 ,402 ,18 ,48340 ,48340 ,3565 ,6011 ,5731 ,5094 ,8380 ,8824 ,6470 ,2939 ,1218 ,106 ,2 ,47765 ,47765 ,3332 ,5569 ,5079 ,4878 ,8589 ,8030 ,6452 ,3546 ,1978 ,296 ,16
경기도 남양주시 화도읍(4136025600),65530 ,65530 ,4077 ,6831 ,7592 ,6656 ,11620 ,12133 ,9177 ,4825 ,2305 ,304 ,10 ,32659 ,32659 ,2071 ,3554 ,3991 ,3448 ,5786 ,6244 ,4493 ,2094 ,900 ,77 ,1 ,32871 ,32871 ,2006 ,3277 ,3601 ,3208 ,5834 ,5889 ,4684 ,2731 ,1405 ,227 ,9
경기도 남양주시 화도읍동부출장소(4136025700),14064 ,14064 ,1267 ,1434 ,1359 ,1725 ,2513 ,2307 ,2032 ,898 ,423 ,102 ,4 ,7072 ,7072 ,661 ,729 ,735 ,838 ,1300 ,1167 ,1012 ,435 ,177 ,16 ,2 ,6992 ,6992 ,606 ,705 ,624 ,887 ,1213 ,1140 ,1020 ,463 ,246 ,86 ,2
경기도 남양주시 화도읍남부출장소(4136025800),36350 ,36350 ,2993 ,4346 ,3769 ,3981 ,6902 ,6362 ,4504 ,2277 ,1085 ,127 ,4 ,18217 ,18217 ,1567 ,2298 ,1978 ,1985 ,3376 ,3319 ,2236 ,1002 ,429 ,27 ,0 ,18133 ,18133 ,1426 ,2048 ,1791 ,1996 ,3526 ,3043 ,2268 ,1275 ,656 ,100 ,4
경기도 남양주시 진건읍(4136025900),21798 ,21798 ,743 ,1563 ,2631 ,2138 ,2731 ,4511 ,4327 ,1963 ,1051 ,134 ,6 ,11350 ,11350 ,422 ,826 ,1464 ,1198 ,1444 ,2395 ,2270 ,911 ,396 ,23 ,1 ,10448 ,10448 ,321 ,737 ,1167 ,940 ,1287 ,2116 ,2057 ,1052 ,655 ,111 ,5
경기도 남양주시 오남읍(4136026200),52310 ,52310 ,3008 ,6032 ,6597 ,4982 ,9033 ,10402 ,6553 ,3598 ,1858 ,240 ,7 ,26253 ,26253 ,1552 ,3137 ,3480 ,2565 ,4499 ,5445 ,3260 ,1558 ,699 ,56 ,2 ,26057 ,26057 ,1456 ,2895 ,3117 ,2417 ,4534 ,4957 ,3293 ,2040 ,1159 ,184 ,5
경기도 남양주시 퇴계원읍(4136026500),27937 ,27937 ,1342 ,2332 ,3487 ,3067 ,3829 ,5261 ,5054 ,2333 ,1097 ,132 ,3 ,13885 ,13885 ,671 ,1206 ,1845 ,1638 ,1934 ,2558 ,2471 ,1112 ,421 ,28 ,1 ,14052 ,14052 ,671 ,1126 ,1642 ,1429 ,1895 ,2703 ,2583 ,1221 ,676 ,104 ,2
경기도 남양주시 별내면(4136031000),18841 ,18841 ,907 ,1761 ,2283 ,1622 ,2793 ,3699 ,3016 ,1667 ,962 ,127 ,4 ,9416 ,9416 ,461 ,936 ,1177 ,838 ,1423 ,1904 ,1489 ,745 ,409 ,33 ,1 ,9425 ,9425 ,446 ,825 ,1106 ,784 ,1370 ,1795 ,1527 ,922 ,553 ,94 ,3
경기도 남양주시 수동면(4136034000),8814 ,8814 ,263 ,523 ,693 ,697 ,965 ,1701 ,2081 ,1167 ,564 ,153 ,7 ,4619 ,4619 ,140 ,292 ,410 ,396 ,522 ,943 ,1072 ,569 ,235 ,39 ,1 ,4195 ,4195 ,123 ,231 ,283 ,301 ,443 ,758 ,1009 ,598 ,329 ,114 ,6
경기도 남양주시 조안면(4136036000),3933 ,3933 ,149 ,224 ,344 ,344 ,466 ,721 ,915 ,489 ,246 ,34 ,1 ,2036 ,2036 ,85 ,107 ,185 ,186 ,248 ,370 ,484 ,254 ,109 ,8 ,0 ,1897 ,1897 ,64 ,117 ,159 ,158 ,218 ,351 ,431 ,235 ,137 ,26 ,1
경기도 남양주시 호평동(4136051000),56500 ,56500 ,5204 ,7129 ,6097 ,6431 ,11510 ,9262 ,5835 ,3333 ,1487 ,202 ,10 ,27534 ,27534 ,2704 ,3614 ,3230 ,3037 ,5536 ,4649 ,2706 ,1401 ,609 ,46 ,2 ,28966 ,28966 ,2500 ,3515 ,2867 ,3394 ,5974 ,4613 ,3129 ,1932 ,878 ,156 ,8
경기도 남양주시 평내동(4136052000),37911 ,37911 ,2939 ,4821 ,4613 ,4519 ,7099 ,6705 ,3989 ,2065 ,1018 ,134 ,9 ,18622 ,18622 ,1525 ,2462 ,2349 ,2255 ,3426 ,3331 ,1940 ,924 ,376 ,32 ,2 ,19289 ,19289 ,1414 ,2359 ,2264 ,2264 ,3673 ,3374 ,2049 ,1141 ,642 ,102 ,7
경기도 남양주시 금곡동(4136053000),17947 ,17947 ,509 ,988 ,2129 ,2023 ,1991 ,3466 ,3964 ,1753 ,980 ,137 ,7 ,9206 ,9206 ,260 ,524 ,1176 ,1151 ,1083 ,1749 ,2025 ,839 ,372 ,27 ,0 ,8741 ,8741 ,249 ,464 ,953 ,872 ,908 ,1717 ,1939 ,914 ,608 ,110 ,7
경기도 남양주시 양정동(4136054000),3583 ,3583 ,107 ,128 ,395 ,392 ,342 ,700 ,893 ,407 ,200 ,18 ,1 ,2089 ,2089 ,52 ,68 ,252 ,234 ,222 ,412 ,547 ,210 ,84 ,8 ,0 ,1494 ,1494 ,55 ,60 ,143 ,158 ,120 ,288 ,346 ,197 ,116 ,10 ,1
경기도 남양주시 다산1동(4136054500),100627 ,100627 ,12659 ,11014 ,10595 ,16442 ,20419 ,12822 ,9489 ,4938 ,1978 ,259 ,12 ,49362 ,49362 ,6495 ,5581 ,5085 ,7815 ,10429 ,6376 ,4435 ,2333 ,768 ,42 ,3 ,51265 ,51265 ,6164 ,5433 ,5510 ,8627 ,9990 ,6446 ,5054 ,2605 ,1210 ,217 ,9
경기도 남양주시 다산2동(4136056500),35680 ,35680 ,3920 ,4208 ,3655 ,4396 ,7703 ,5587 ,3795 ,1647 ,662 ,105 ,2 ,17429 ,17429 ,1961 ,2163 ,1894 ,1992 ,3828 ,2766 ,1785 ,768 ,245 ,27 ,0 ,18251 ,18251 ,1959 ,2045 ,1761 ,2404 ,3875 ,2821 ,2010 ,879 ,417 ,78 ,2
경기도 남양주시 별내동(4136057000),79782 ,79782 ,7574 ,7632 ,9117 ,12420 ,14459 ,12007 ,9955 ,4501 ,1815 ,285 ,17 ,38705 ,38705 ,3825 ,3811 ,4429 ,6033 ,7180 ,5771 ,4779 ,2143 ,669 ,62 ,3 ,41077 ,41077 ,3749 ,3821 ,4688 ,6387 ,7279 ,6236 ,5176 ,2358 ,1146 ,223 ,14
경기도 풍양출장소 (4136200000),0 ,0 ,0 ,0 ,0 ,0 ,0 ,0 ,0 ,0 ,0 ,0 ,0 ,0 ,0 ,0 ,0 ,0 ,0 ,0 ,0 ,0 ,0 ,0 ,0 ,0 ,0 ,0 ,0 ,0 ,0 ,0 ,0 ,0 ,0 ,0 ,0 ,0 ,0
경기도 오산시 (4137000000),229121 ,229121 ,19034 ,25304 ,29572 ,35344 ,44459 ,35288 ,23961 ,10509 ,5022 ,619 ,9 ,119352 ,119352 ,9664 ,13066 ,16121 ,19581 ,23750 ,18486 ,11912 ,4741 ,1889 ,141 ,1 ,109769 ,109769 ,9370 ,12238 ,13451 ,15763 ,20709 ,16802 ,12049 ,5768 ,3133 ,478 ,8
경기도 오산시 중앙동(4137051000),35027 ,35027 ,3233 ,4113 ,4112 ,4819 ,6576 ,5733 ,3783 ,1660 ,905 ,93 ,0 ,17568 ,17568 ,1648 ,2046 ,2176 ,2483 ,3345 ,2915 ,1869 ,711 ,350 ,25 ,0 ,17459 ,17459 ,1585 ,2067 ,1936 ,2336 ,3231 ,2818 ,1914 ,949 ,555 ,68 ,0
경기도 오산시 남촌동(4137053000),20641 ,20641 ,785 ,1088 ,3460 ,4891 ,4093 ,3084 ,1971 ,837 ,390 ,42 ,0 ,12466 ,12466 ,379 ,562 ,2074 ,3208 ,2610 ,1930 ,1134 ,403 ,159 ,7 ,0 ,8175 ,8175 ,406 ,526 ,1386 ,1683 ,1483 ,1154 ,837 ,434 ,231 ,35 ,0
경기도 오산시 신장동(4137054000),60336 ,60336 ,5564 ,7567 ,6599 ,8439 ,12301 ,8704 ,6614 ,2952 ,1406 ,188 ,2 ,30551 ,30551 ,2811 ,3896 ,3445 ,4426 ,6504 ,4446 ,3150 ,1327 ,509 ,37 ,0 ,29785 ,29785 ,2753 ,3671 ,3154 ,4013 ,5797 ,4258 ,3464 ,1625 ,897 ,151 ,2
경기도 오산시 세마동(4137055000),31856 ,31856 ,3400 ,3532 ,3814 ,5213 ,6391 ,4499 ,3136 ,1249 ,539 ,80 ,3 ,16380 ,16380 ,1752 ,1820 ,2021 ,2738 ,3329 ,2327 ,1553 ,632 ,196 ,12 ,0 ,15476 ,15476 ,1648 ,1712 ,1793 ,2475 ,3062 ,2172 ,1583 ,617 ,343 ,68 ,3
경기도 오산시 초평동(4137056000),16694 ,16694 ,1109 ,1864 ,2241 ,2360 ,3108 ,2738 ,1931 ,870 ,424 ,49 ,0 ,8658 ,8658 ,561 ,984 ,1239 ,1318 ,1633 ,1387 ,989 ,384 ,149 ,14 ,0 ,8036 ,8036 ,548 ,880 ,1002 ,1042 ,1475 ,1351 ,942 ,486 ,275 ,35 ,0
경기도 오산시 대원동(4137057000),64567 ,64567 ,4943 ,7140 ,9346 ,9622 ,11990 ,10530 ,6526 ,2941 ,1358 ,167 ,4 ,33729 ,33729 ,2513 ,3758 ,5166 ,5408 ,6329 ,5481 ,3217 ,1284 ,526 ,46 ,1 ,30838 ,30838 ,2430 ,3382 ,4180 ,4214 ,5661 ,5049 ,3309 ,1657 ,832 ,121 ,3
경기도 시흥시 (4139000000),518072 ,518072 ,45233 ,51608 ,65865 ,76406 ,93676 ,91009 ,60120 ,21655 ,10846 ,1600 ,54 ,270537 ,270537 ,22910 ,26478 ,35862 ,41028 ,50632 ,47539 ,31913 ,10137 ,3708 ,322 ,8 ,247535 ,247535 ,22323 ,25130 ,30003 ,35378 ,43044 ,43470 ,28207 ,11518 ,7138 ,1278 ,46
경기도 시흥시 대야동(4139051000),43061 ,43061 ,3231 ,3290 ,5835 ,6393 ,6383 ,8050 ,6382 ,2196 ,1119 ,182 ,0 ,21780 ,21780 ,1672 ,1676 ,3083 ,3314 ,3352 ,3916 ,3323 ,1059 ,357 ,28 ,0 ,21281 ,21281 ,1559 ,1614 ,2752 ,3079 ,3031 ,4134 ,3059 ,1137 ,762 ,154 ,0
경기도 시흥시 신천동(4139052000),34640 ,34640 ,1299 ,2619 ,5197 ,3910 ,4349 ,7664 ,6148 ,2206 ,1105 ,137 ,6 ,17837 ,17837 ,656 ,1349 ,2843 ,2194 ,2274 ,3876 ,3266 ,998 ,355 ,25 ,1 ,16803 ,16803 ,643 ,1270 ,2354 ,1716 ,2075 ,3788 ,2882 ,1208 ,750 ,112 ,5
경기도 시흥시 신현동(4139053100),9471 ,9471 ,358 ,624 ,1174 ,995 ,1087 ,2055 ,1968 ,771 ,368 ,66 ,5 ,4985 ,4985 ,165 ,325 ,662 ,583 ,581 ,1087 ,1056 ,377 ,124 ,21 ,4 ,4486 ,4486 ,193 ,299 ,512 ,412 ,506 ,968 ,912 ,394 ,244 ,45 ,1
경기도 시흥시 은행동(4139054000),55366 ,55366 ,6506 ,5975 ,6042 ,8431 ,10490 ,8642 ,6050 ,2107 ,977 ,145 ,1 ,27562 ,27562 ,3241 ,3081 ,3105 ,4102 ,5416 ,4209 ,3067 ,1013 ,304 ,24 ,0 ,27804 ,27804 ,3265 ,2894 ,2937 ,4329 ,5074 ,4433 ,2983 ,1094 ,673 ,121 ,1
경기도 시흥시 매화동(4139055000),11767 ,11767 ,549 ,1036 ,1495 ,1124 ,1646 ,2500 ,1934 ,892 ,501 ,87 ,3 ,6186 ,6186 ,269 ,529 ,861 ,648 ,880 ,1345 ,1044 ,404 ,187 ,19 ,0 ,5581 ,5581 ,280 ,507 ,634 ,476 ,766 ,1155 ,890 ,488 ,314 ,68 ,3
경기도 시흥시 목감동(4139057000),41469 ,41469 ,4980 ,3785 ,3677 ,6879 ,8249 ,5771 ,5062 ,2049 ,880 ,130 ,7 ,20972 ,20972 ,2523 ,1871 ,1941 ,3403 ,4426 ,2943 ,2516 ,1021 ,299 ,29 ,0 ,20497 ,20497 ,2457 ,1914 ,1736 ,3476 ,3823 ,2828 ,2546 ,1028 ,581 ,101 ,7
경기도 시흥시 군자동(4139058100),20662 ,20662 ,1122 ,2051 ,2485 ,2273 ,3551 ,3909 ,3132 ,1348 ,690 ,99 ,2 ,10794 ,10794 ,594 ,1041 ,1393 ,1288 ,1970 ,2065 ,1595 ,598 ,236 ,14 ,0 ,9868 ,9868 ,528 ,1010 ,1092 ,985 ,1581 ,1844 ,1537 ,750 ,454 ,85 ,2
경기도 시흥시 월곶동(4139058200),17217 ,17217 ,1281 ,1547 ,1942 ,2570 ,3166 ,3094 ,2136 ,927 ,496 ,57 ,1 ,8952 ,8952 ,636 ,816 ,1034 ,1398 ,1743 ,1636 ,1062 ,428 ,186 ,13 ,0 ,8265 ,8265 ,645 ,731 ,908 ,1172 ,1423 ,1458 ,1074 ,499 ,310 ,44 ,1
경기도 시흥시 정왕본동(4139058900),19387 ,19387 ,901 ,1101 ,2875 ,3578 ,3991 ,3693 ,2243 ,655 ,300 ,47 ,3 ,12254 ,12254 ,435 ,574 ,1893 ,2433 ,2714 ,2382 ,1357 ,341 ,114 ,10 ,1 ,7133 ,7133 ,466 ,527 ,982 ,1145 ,1277 ,1311 ,886 ,314 ,186 ,37 ,2
경기도 시흥시 정왕1동(4139059100),22769 ,22769 ,1083 ,2171 ,4246 ,3091 ,4200 ,4296 ,2444 ,789 ,391 ,56 ,2 ,13729 ,13729 ,541 ,1195 ,2799 ,1963 ,2670 ,2604 ,1439 ,377 ,132 ,9 ,0 ,9040 ,9040 ,542 ,976 ,1447 ,1128 ,1530 ,1692 ,1005 ,412 ,259 ,47 ,2
경기도 시흥시 정왕2동(4139059200),37128 ,37128 ,3068 ,3730 ,5067 ,6082 ,7023 ,6805 ,3510 ,1083 ,662 ,96 ,2 ,20130 ,20130 ,1513 ,1898 ,2902 ,3572 ,3974 ,3603 ,1943 ,467 ,233 ,25 ,0 ,16998 ,16998 ,1555 ,1832 ,2165 ,2510 ,3049 ,3202 ,1567 ,616 ,429 ,71 ,2
경기도 시흥시 정왕3동(4139059300),22173 ,22173 ,1310 ,1997 ,2735 ,2800 ,4375 ,4574 ,2888 ,945 ,467 ,79 ,3 ,12608 ,12608 ,648 ,1048 ,1589 ,1680 ,2700 ,2642 ,1668 ,447 ,169 ,16 ,1 ,9565 ,9565 ,662 ,949 ,1146 ,1120 ,1675 ,1932 ,1220 ,498 ,298 ,63 ,2
경기도 시흥시 정왕4동(4139059400),20179 ,20179 ,1318 ,2386 ,3193 ,2212 ,3378 ,4377 ,2076 ,702 ,469 ,67 ,1 ,10016 ,10016 ,700 ,1216 ,1652 ,1130 ,1607 ,2126 ,1124 ,276 ,170 ,15 ,0 ,10163 ,10163 ,618 ,1170 ,1541 ,1082 ,1771 ,2251 ,952 ,426 ,299 ,52 ,1
경기도 시흥시 배곧1동(4139059600),35243 ,35243 ,5080 ,4816 ,3165 ,5833 ,8114 ,4703 ,2550 ,690 ,260 ,30 ,2 ,17593 ,17593 ,2568 ,2478 ,1568 ,2746 ,4202 ,2319 ,1295 ,328 ,84 ,5 ,0 ,17650 ,17650 ,2512 ,2338 ,1597 ,3087 ,3912 ,2384 ,1255 ,362 ,176 ,25 ,2
경기도 시흥시 배곧2동(4139059700),35354 ,35354 ,4092 ,4315 ,5157 ,6698 ,7603 ,4688 ,2060 ,507 ,205 ,28 ,1 ,18498 ,18498 ,2112 ,2118 ,2721 ,3664 ,4035 ,2466 ,1058 ,245 ,76 ,3 ,0 ,16856 ,16856 ,1980 ,2197 ,2436 ,3034 ,3568 ,2222 ,1002 ,262 ,129 ,25 ,1
경기도 시흥시 과림동(4139062100),1851 ,1851 ,47 ,47 ,141 ,167 ,155 ,331 ,594 ,254 ,100 ,15 ,0 ,1136 ,1136 ,20 ,25 ,83 ,114 ,104 ,219 ,380 ,141 ,46 ,4 ,0 ,715 ,715 ,27 ,22 ,58 ,53 ,51 ,112 ,214 ,113 ,54 ,11 ,0
경기도 시흥시 연성동(4139063000),24350 ,24350 ,1864 ,2430 ,3490 ,3243 ,3769 ,4989 ,2680 ,1121 ,673 ,89 ,2 ,12464 ,12464 ,959 ,1263 ,1828 ,1722 ,1915 ,2583 ,1421 ,514 ,243 ,16 ,0 ,11886 ,11886 ,905 ,1167 ,1662 ,1521 ,1854 ,2406 ,1259 ,607 ,430 ,73 ,2
경기도 시흥시 장곡동(4139063100),40962 ,40962 ,4772 ,4950 ,4757 ,6471 ,7867 ,6452 ,3647 ,1336 ,608 ,95 ,7 ,20626 ,20626 ,2431 ,2588 ,2344 ,3214 ,3954 ,3302 ,1953 ,617 ,197 ,26 ,0 ,20336 ,20336 ,2341 ,2362 ,2413 ,3257 ,3913 ,3150 ,1694 ,719 ,411 ,69 ,7
경기도 시흥시 능곡동(4139064000),25023 ,25023 ,2372 ,2738 ,3192 ,3656 ,4280 ,4416 ,2616 ,1077 ,575 ,95 ,6 ,12415 ,12415 ,1227 ,1387 ,1561 ,1860 ,2115 ,2216 ,1346 ,486 ,196 ,20 ,1 ,12608 ,12608 ,1145 ,1351 ,1631 ,1796 ,2165 ,2200 ,1270 ,591 ,379 ,75 ,5
경기도 군포시 (4141000000),264857 ,264857 ,16604 ,24502 ,34579 ,36737 ,40553 ,46896 ,38919 ,15977 ,8635 ,1406 ,49 ,131406 ,131406 ,8515 ,12638 ,18050 ,19402 ,20073 ,22887 ,18950 ,7376 ,3131 ,374 ,10 ,133451 ,133451 ,8089 ,11864 ,16529 ,17335 ,20480 ,24009 ,19969 ,8601 ,5504 ,1032 ,39
경기도 군포시 군포1동(4141051000),32629 ,32629 ,1647 ,2388 ,4897 ,4558 ,4580 ,6257 ,5190 ,2059 ,909 ,135 ,9 ,17226 ,17226 ,840 ,1241 ,2681 ,2606 ,2500 ,3282 ,2703 ,974 ,363 ,35 ,1 ,15403 ,15403 ,807 ,1147 ,2216 ,1952 ,2080 ,2975 ,2487 ,1085 ,546 ,100 ,8
경기도 군포시 군포2동(4141052000),42678 ,42678 ,2913 ,4702 ,5598 ,5383 ,6826 ,7738 ,6098 ,2210 ,1042 ,162 ,6 ,21187 ,21187 ,1480 ,2460 ,2928 ,2769 ,3305 ,3700 ,3043 ,1072 ,387 ,42 ,1 ,21491 ,21491 ,1433 ,2242 ,2670 ,2614 ,3521 ,4038 ,3055 ,1138 ,655 ,120 ,5
경기도 군포시 산본1동(4141054000),15330 ,15330 ,509 ,695 ,2268 ,2266 ,1784 ,2700 ,2943 ,1382 ,682 ,99 ,2 ,7784 ,7784 ,259 ,362 ,1262 ,1341 ,987 ,1278 ,1398 ,639 ,240 ,18 ,0 ,7546 ,7546 ,250 ,333 ,1006 ,925 ,797 ,1422 ,1545 ,743 ,442 ,81 ,2
경기도 군포시 산본2동(4141055000),25833 ,25833 ,1761 ,2611 ,3155 ,3255 ,4015 ,4495 ,4082 ,1533 ,774 ,147 ,5 ,12466 ,12466 ,895 ,1303 ,1635 ,1614 ,1871 ,2108 ,1988 ,721 ,290 ,40 ,1 ,13367 ,13367 ,866 ,1308 ,1520 ,1641 ,2144 ,2387 ,2094 ,812 ,484 ,107 ,4
경기도 군포시 금정동(4141056000),19770 ,19770 ,940 ,1227 ,3053 ,3060 ,2728 ,3644 ,3276 ,1217 ,535 ,84 ,6 ,10295 ,10295 ,512 ,643 ,1585 ,1728 ,1500 ,1874 ,1629 ,619 ,187 ,16 ,2 ,9475 ,9475 ,428 ,584 ,1468 ,1332 ,1228 ,1770 ,1647 ,598 ,348 ,68 ,4
경기도 군포시 재궁동(4141057000),17942 ,17942 ,876 ,1252 ,2400 ,2919 ,2449 ,3034 ,2786 ,1299 ,799 ,126 ,2 ,8476 ,8476 ,451 ,625 ,1210 ,1534 ,1154 ,1423 ,1257 ,545 ,249 ,28 ,0 ,9466 ,9466 ,425 ,627 ,1190 ,1385 ,1295 ,1611 ,1529 ,754 ,550 ,98 ,2
경기도 군포시 오금동(4141058000),20843 ,20843 ,1476 ,1902 ,2508 ,3498 ,3374 ,3430 ,2705 ,1132 ,706 ,111 ,1 ,10081 ,10081 ,752 ,991 ,1280 ,1768 ,1608 ,1634 ,1250 ,484 ,277 ,37 ,0 ,10762 ,10762 ,724 ,911 ,1228 ,1730 ,1766 ,1796 ,1455 ,648 ,429 ,74 ,1
경기도 군포시 수리동(4141059000),15731 ,15731 ,801 ,1367 ,1859 ,2049 ,2331 ,2805 ,2361 ,1188 ,834 ,133 ,3 ,7488 ,7488 ,403 ,710 ,931 ,1054 ,1110 ,1360 ,1086 ,486 ,301 ,45 ,2 ,8243 ,8243 ,398 ,657 ,928 ,995 ,1221 ,1445 ,1275 ,702 ,533 ,88 ,1
경기도 군포시 궁내동(4141060000),20002 ,20002 ,1436 ,2845 ,2410 ,1963 ,3570 ,3779 ,2280 ,942 ,662 ,111 ,4 ,9796 ,9796 ,763 ,1454 ,1298 ,973 ,1634 ,1842 ,1125 ,424 ,243 ,39 ,1 ,10206 ,10206 ,673 ,1391 ,1112 ,990 ,1936 ,1937 ,1155 ,518 ,419 ,72 ,3
경기도 군포시 대야동(4141061000),9431 ,9431 ,552 ,898 ,1029 ,1157 ,1428 ,1744 ,1521 ,722 ,323 ,55 ,2 ,4721 ,4721 ,278 ,462 ,533 ,613 ,744 ,834 ,777 ,350 ,120 ,10 ,0 ,4710 ,4710 ,274 ,436 ,496 ,544 ,684 ,910 ,744 ,372 ,203 ,45 ,2
경기도 군포시 광정동(4141062000),24009 ,24009 ,1355 ,2458 ,3280 ,3128 ,3605 ,4392 ,3211 ,1382 ,1006 ,185 ,7 ,11690 ,11690 ,679 ,1291 ,1674 ,1636 ,1680 ,2197 ,1544 ,609 ,329 ,50 ,1 ,12319 ,12319 ,676 ,1167 ,1606 ,1492 ,1925 ,2195 ,1667 ,773 ,677 ,135 ,6
경기도 군포시 송부동(4141063000),20659 ,20659 ,2338 ,2157 ,2122 ,3501 ,3863 ,2878 ,2466 ,911 ,363 ,58 ,2 ,10196 ,10196 ,1203 ,1096 ,1033 ,1766 ,1980 ,1355 ,1150 ,453 ,145 ,14 ,1 ,10463 ,10463 ,1135 ,1061 ,1089 ,1735 ,1883 ,1523 ,1316 ,458 ,218 ,44 ,1
경기도 의왕시 (4143000000),158882 ,158882 ,11715 ,13613 ,20433 ,22038 ,23084 ,28185 ,24538 ,9667 ,4778 ,808 ,23 ,78785 ,78785 ,6016 ,7025 ,10747 ,11260 ,11634 ,13492 ,12009 ,4665 ,1750 ,184 ,3 ,80097 ,80097 ,5699 ,6588 ,9686 ,10778 ,11450 ,14693 ,12529 ,5002 ,3028 ,624 ,20
경기도 의왕시 고천동(4143051000),12760 ,12760 ,825 ,819 ,1678 ,2743 ,1495 ,1662 ,2049 ,959 ,421 ,105 ,4 ,6456 ,6456 ,442 ,441 ,853 ,1470 ,795 ,805 ,980 ,472 ,173 ,25 ,0 ,6304 ,6304 ,383 ,378 ,825 ,1273 ,700 ,857 ,1069 ,487 ,248 ,80 ,4
경기도 의왕시 부곡동(4143052000),27888 ,27888 ,1940 ,2213 ,3549 ,3855 ,4074 ,4848 ,4161 ,1940 ,1146 ,158 ,4 ,14098 ,14098 ,999 ,1170 ,1930 ,2033 ,2190 ,2396 ,2056 ,866 ,415 ,40 ,3 ,13790 ,13790 ,941 ,1043 ,1619 ,1822 ,1884 ,2452 ,2105 ,1074 ,731 ,118 ,1
경기도 의왕시 오전동(4143053000),38492 ,38492 ,2632 ,3680 ,4793 ,4710 ,5766 ,6938 ,6283 ,2483 ,1039 ,165 ,3 ,19143 ,19143 ,1305 ,1922 ,2566 ,2393 ,2842 ,3367 ,3057 ,1246 ,411 ,34 ,0 ,19349 ,19349 ,1327 ,1758 ,2227 ,2317 ,2924 ,3571 ,3226 ,1237 ,628 ,131 ,3
경기도 의왕시 내손1동(4143054000),20353 ,20353 ,1301 ,1823 ,3009 ,2303 ,2820 ,3938 ,3268 ,1153 ,615 ,119 ,4 ,9971 ,9971 ,670 ,952 ,1559 ,1127 ,1383 ,1852 ,1625 ,555 ,217 ,31 ,0 ,10382 ,10382 ,631 ,871 ,1450 ,1176 ,1437 ,2086 ,1643 ,598 ,398 ,88 ,4
경기도 의왕시 내손2동(4143055000),21870 ,21870 ,2052 ,2024 ,2691 ,3193 ,3347 ,3883 ,2960 ,1028 ,599 ,93 ,0 ,10705 ,10705 ,1050 ,1032 ,1396 ,1560 ,1674 ,1822 ,1459 ,478 ,214 ,20 ,0 ,11165 ,11165 ,1002 ,992 ,1295 ,1633 ,1673 ,2061 ,1501 ,550 ,385 ,73 ,0
경기도 의왕시 청계동(4143056000),37519 ,37519 ,2965 ,3054 ,4713 ,5234 ,5582 ,6916 ,5817 ,2104 ,958 ,168 ,8 ,18412 ,18412 ,1550 ,1508 ,2443 ,2677 ,2750 ,3250 ,2832 ,1048 ,320 ,34 ,0 ,19107 ,19107 ,1415 ,1546 ,2270 ,2557 ,2832 ,3666 ,2985 ,1056 ,638 ,134 ,8
경기도 하남시 (4145000000),326913 ,326913 ,31517 ,30776 ,36388 ,51937 ,60346 ,47215 ,41060 ,19267 ,7226 ,1142 ,39 ,163015 ,163015 ,16120 ,15564 ,18176 ,25827 ,31085 ,23880 ,19774 ,9569 ,2787 ,228 ,5 ,163898 ,163898 ,15397 ,15212 ,18212 ,26110 ,29261 ,23335 ,21286 ,9698 ,4439 ,914 ,34
경기도 하남시 천현동(4145051000),6768 ,6768 ,235 ,371 ,695 ,881 ,862 ,1246 ,1490 ,655 ,275 ,57 ,1 ,3733 ,3733 ,115 ,188 ,408 ,520 ,541 ,712 ,808 ,327 ,109 ,5 ,0 ,3035 ,3035 ,120 ,183 ,287 ,361 ,321 ,534 ,682 ,328 ,166 ,52 ,1
경기도 하남시 신장1동(4145052000),6855 ,6855 ,273 ,334 ,978 ,1189 ,922 ,1192 ,1134 ,563 ,238 ,32 ,0 ,3576 ,3576 ,140 ,173 ,516 ,718 ,519 ,610 ,551 ,258 ,85 ,6 ,0 ,3279 ,3279 ,133 ,161 ,462 ,471 ,403 ,582 ,583 ,305 ,153 ,26 ,0
경기도 하남시 신장2동(4145053000),46051 ,46051 ,3623 ,3885 ,4694 ,6531 ,7441 ,6883 ,7528 ,3810 ,1450 ,200 ,6 ,22744 ,22744 ,1860 ,1981 ,2412 ,3335 ,3830 ,3290 ,3496 ,1883 ,604 ,53 ,0 ,23307 ,23307 ,1763 ,1904 ,2282 ,3196 ,3611 ,3593 ,4032 ,1927 ,846 ,147 ,6
경기도 하남시 덕풍1동(4145054000),14710 ,14710 ,766 ,909 ,1737 ,1975 ,1949 ,2582 ,2847 ,1347 ,532 ,62 ,4 ,7451 ,7451 ,398 ,484 ,971 ,1062 ,1040 ,1253 ,1347 ,653 ,224 ,19 ,0 ,7259 ,7259 ,368 ,425 ,766 ,913 ,909 ,1329 ,1500 ,694 ,308 ,43 ,4
경기도 하남시 덕풍2동(4145055000),18245 ,18245 ,956 ,993 ,2142 ,2697 ,2420 ,3053 ,3507 ,1709 ,667 ,99 ,2 ,9176 ,9176 ,489 ,505 ,1164 ,1468 ,1317 ,1489 ,1660 ,834 ,239 ,10 ,1 ,9069 ,9069 ,467 ,488 ,978 ,1229 ,1103 ,1564 ,1847 ,875 ,428 ,89 ,1
경기도 하남시 덕풍3동(4145056000),25227 ,25227 ,1721 ,2407 ,2889 ,3269 ,4081 ,4263 ,3770 ,1939 ,755 ,131 ,2 ,12506 ,12506 ,930 ,1228 ,1506 ,1690 ,2048 ,2104 ,1757 ,912 ,310 ,21 ,0 ,12721 ,12721 ,791 ,1179 ,1383 ,1579 ,2033 ,2159 ,2013 ,1027 ,445 ,110 ,2
경기도 하남시 풍산동(4145057000),29847 ,29847 ,3879 ,3329 ,2960 ,4438 ,6564 ,4035 ,2930 ,1203 ,421 ,82 ,6 ,14736 ,14736 ,1942 ,1675 ,1462 ,2055 ,3374 ,2000 ,1422 ,632 ,157 ,16 ,1 ,15111 ,15111 ,1937 ,1654 ,1498 ,2383 ,3190 ,2035 ,1508 ,571 ,264 ,66 ,5
경기도 하남시 감북동(4145058000),2702 ,2702 ,83 ,119 ,310 ,396 ,349 ,527 ,537 ,236 ,125 ,20 ,0 ,1512 ,1512 ,47 ,65 ,189 ,239 ,201 ,301 ,300 ,112 ,52 ,6 ,0 ,1190 ,1190 ,36 ,54 ,121 ,157 ,148 ,226 ,237 ,124 ,73 ,14 ,0
경기도 하남시 감일동(4145058200),36147 ,36147 ,5816 ,3573 ,3298 ,6819 ,7157 ,4349 ,3156 ,1383 ,493 ,99 ,4 ,18056 ,18056 ,3001 ,1811 ,1679 ,3164 ,3705 ,2216 ,1564 ,716 ,179 ,20 ,1 ,18091 ,18091 ,2815 ,1762 ,1619 ,3655 ,3452 ,2133 ,1592 ,667 ,314 ,79 ,3
경기도 하남시 위례동(4145058500),33371 ,33371 ,4450 ,3882 ,3448 ,5000 ,6882 ,5015 ,3229 ,1061 ,344 ,56 ,4 ,16389 ,16389 ,2218 ,1965 ,1731 ,2241 ,3413 ,2496 ,1640 ,554 ,116 ,13 ,2 ,16982 ,16982 ,2232 ,1917 ,1717 ,2759 ,3469 ,2519 ,1589 ,507 ,228 ,43 ,2
경기도 하남시 춘궁동(4145059000),2700 ,2700 ,68 ,99 ,263 ,318 ,299 ,538 ,630 ,301 ,166 ,18 ,0 ,1581 ,1581 ,35 ,63 ,163 ,184 ,194 ,348 ,365 ,156 ,69 ,4 ,0 ,1119 ,1119 ,33 ,36 ,100 ,134 ,105 ,190 ,265 ,145 ,97 ,14 ,0
경기도 하남시 초이동(4145060000),3317 ,3317 ,137 ,151 ,376 ,426 ,411 ,617 ,708 ,297 ,168 ,24 ,2 ,1885 ,1885 ,63 ,78 ,220 ,262 ,249 ,384 ,405 ,155 ,61 ,8 ,0 ,1432 ,1432 ,74 ,73 ,156 ,164 ,162 ,233 ,303 ,142 ,107 ,16 ,2
경기도 하남시 미사1동(4145061000),53761 ,53761 ,4363 ,4728 ,8781 ,11818 ,10258 ,6518 ,4369 ,2131 ,665 ,125 ,5 ,26501 ,26501 ,2256 ,2330 ,3805 ,6091 ,5284 ,3336 ,2075 ,1048 ,250 ,26 ,0 ,27260 ,27260 ,2107 ,2398 ,4976 ,5727 ,4974 ,3182 ,2294 ,1083 ,415 ,99 ,5
경기도 하남시 미사2동(4145062000),47212 ,47212 ,5147 ,5996 ,3817 ,6180 ,10751 ,6397 ,5225 ,2632 ,927 ,137 ,3 ,23169 ,23169 ,2626 ,3018 ,1950 ,2798 ,5370 ,3341 ,2384 ,1329 ,332 ,21 ,0 ,24043 ,24043 ,2521 ,2978 ,1867 ,3382 ,5381 ,3056 ,2841 ,1303 ,595 ,116 ,3
경기도 용인시 (4146000000),1074744 ,1074744 ,85100 ,121337 ,133718 ,134166 ,192997 ,178460 ,120364 ,69098 ,34525 ,4830 ,149 ,533308 ,533308 ,43490 ,62139 ,70049 ,67190 ,94750 ,90101 ,58597 ,30846 ,14778 ,1337 ,31 ,541436 ,541436 ,41610 ,59198 ,63669 ,66976 ,98247 ,88359 ,61767 ,38252 ,19747 ,3493 ,118
경기도 용인시 처인구 (4146100000),260187 ,260187 ,18004 ,25171 ,33166 ,32082 ,42858 ,44800 ,36586 ,17464 ,8702 ,1321 ,33 ,133742 ,133742 ,9267 ,13085 ,18182 ,17258 ,22513 ,23119 ,18565 ,8198 ,3261 ,290 ,4 ,126445 ,126445 ,8737 ,12086 ,14984 ,14824 ,20345 ,21681 ,18021 ,9266 ,5441 ,1031 ,29
경기도 용인시 처인구 포곡읍(4146125000),33354 ,33354 ,1844 ,3678 ,4696 ,3675 ,5670 ,6146 ,4349 ,2053 ,1082 ,160 ,1 ,17239 ,17239 ,951 ,1950 ,2615 ,2062 ,2909 ,3217 ,2221 ,897 ,389 ,28 ,0 ,16115 ,16115 ,893 ,1728 ,2081 ,1613 ,2761 ,2929 ,2128 ,1156 ,693 ,132 ,1
경기도 용인시 처인구 모현읍(4146125300),26607 ,26607 ,1575 ,2407 ,3281 ,2797 ,4405 ,4874 ,4147 ,2033 ,941 ,142 ,5 ,13910 ,13910 ,830 ,1266 ,1801 ,1485 ,2345 ,2620 ,2179 ,988 ,367 ,29 ,0 ,12697 ,12697 ,745 ,1141 ,1480 ,1312 ,2060 ,2254 ,1968 ,1045 ,574 ,113 ,5
경기도 용인시 처인구 이동읍(4146125600),20465 ,20465 ,1262 ,1739 ,2111 ,2290 ,3191 ,3805 ,3451 ,1575 ,892 ,144 ,5 ,10519 ,10519 ,622 ,910 ,1211 ,1289 ,1753 ,1958 ,1745 ,702 ,304 ,25 ,0 ,9946 ,9946 ,640 ,829 ,900 ,1001 ,1438 ,1847 ,1706 ,873 ,588 ,119 ,5
경기도 용인시 처인구 남사읍(4146125900),23866 ,23866 ,2802 ,2460 ,1608 ,3560 ,4659 ,3143 ,3107 ,1721 ,707 ,97 ,2 ,12075 ,12075 ,1428 ,1226 ,874 ,1785 ,2459 ,1615 ,1529 ,868 ,272 ,18 ,1 ,11791 ,11791 ,1374 ,1234 ,734 ,1775 ,2200 ,1528 ,1578 ,853 ,435 ,79 ,1
경기도 용인시 처인구 원삼면(4146134000),8020 ,8020 ,286 ,583 ,657 ,626 ,949 ,1499 ,1840 ,978 ,519 ,82 ,1 ,4201 ,4201 ,144 ,297 ,401 ,353 ,524 ,814 ,933 ,517 ,201 ,17 ,0 ,3819 ,3819 ,142 ,286 ,256 ,273 ,425 ,685 ,907 ,461 ,318 ,65 ,1
경기도 용인시 처인구 백암면(4146135000),8210 ,8210 ,209 ,394 ,768 ,690 ,946 ,1462 ,1974 ,984 ,688 ,93 ,2 ,4460 ,4460 ,109 ,221 ,484 ,398 ,596 ,846 ,1047 ,492 ,246 ,20 ,1 ,3750 ,3750 ,100 ,173 ,284 ,292 ,350 ,616 ,927 ,492 ,442 ,73 ,1
경기도 용인시 처인구 양지면(4146136000),19799 ,19799 ,1067 ,2146 ,2263 ,2432 ,3013 ,3539 ,3201 ,1306 ,694 ,131 ,7 ,10631 ,10631 ,568 ,1228 ,1278 ,1412 ,1660 ,1852 ,1691 ,663 ,253 ,25 ,1 ,9168 ,9168 ,499 ,918 ,985 ,1020 ,1353 ,1687 ,1510 ,643 ,441 ,106 ,6
경기도 용인시 처인구 중앙동(4146151000),24845 ,24845 ,1346 ,2056 ,4227 ,3190 ,3702 ,4275 ,3464 ,1643 ,800 ,138 ,4 ,12641 ,12641 ,675 ,1032 ,2274 ,1807 ,1930 ,2158 ,1725 ,716 ,289 ,35 ,0 ,12204 ,12204 ,671 ,1024 ,1953 ,1383 ,1772 ,2117 ,1739 ,927 ,511 ,103 ,4
경기도 용인시 처인구 역북동(4146152500),32821 ,32821 ,3267 ,3329 ,5357 ,5378 ,5877 ,4456 ,3066 ,1425 ,595 ,70 ,1 ,16610 ,16610 ,1704 ,1671 ,2802 ,2756 ,3058 ,2182 ,1515 ,656 ,253 ,12 ,1 ,16211 ,16211 ,1563 ,1658 ,2555 ,2622 ,2819 ,2274 ,1551 ,769 ,342 ,58 ,0
경기도 용인시 처인구 삼가동(4146152600),12394 ,12394 ,882 ,1201 ,1788 ,1534 ,1950 ,2346 ,1538 ,729 ,367 ,58 ,1 ,6123 ,6123 ,462 ,618 ,946 ,788 ,934 ,1127 ,747 ,343 ,140 ,18 ,0 ,6271 ,6271 ,420 ,583 ,842 ,746 ,1016 ,1219 ,791 ,386 ,227 ,40 ,1
경기도 용인시 처인구 유림동(4146153000),36806 ,36806 ,2874 ,4145 ,4760 ,4515 ,6645 ,6693 ,4157 ,1926 ,966 ,123 ,2 ,18617 ,18617 ,1460 ,2117 ,2594 ,2323 ,3366 ,3437 ,2072 ,841 ,371 ,36 ,0 ,18189 ,18189 ,1414 ,2028 ,2166 ,2192 ,3279 ,3256 ,2085 ,1085 ,595 ,87 ,2
경기도 용인시 처인구 동부동(4146154000),13000 ,13000 ,590 ,1033 ,1650 ,1395 ,1851 ,2562 ,2292 ,1091 ,451 ,83 ,2 ,6716 ,6716 ,314 ,549 ,902 ,800 ,979 ,1293 ,1161 ,515 ,176 ,27 ,0 ,6284 ,6284 ,276 ,484 ,748 ,595 ,872 ,1269 ,1131 ,576 ,275 ,56 ,2
경기도 용인시 기흥구 (4146300000),436636 ,436636 ,34510 ,50490 ,55499 ,53090 ,79368 ,73246 ,46607 ,27711 ,14066 ,1977 ,72 ,215384 ,215384 ,17675 ,25790 ,29109 ,26493 ,38451 ,36790 ,22256 ,12131 ,6102 ,569 ,18 ,221252 ,221252 ,16835 ,24700 ,26390 ,26597 ,40917 ,36456 ,24351 ,15580 ,7964 ,1408 ,54
경기도 용인시 기흥구 신갈동(4146351000),37721 ,37721 ,2863 ,3453 ,4734 ,5731 ,6239 ,6357 ,4487 ,2377 ,1322 ,150 ,8 ,18824 ,18824 ,1447 ,1782 ,2403 ,2992 ,3146 ,3210 ,2253 ,1005 ,540 ,43 ,3 ,18897 ,18897 ,1416 ,1671 ,2331 ,2739 ,3093 ,3147 ,2234 ,1372 ,782 ,107 ,5
경기도 용인시 기흥구 영덕1동(4146351600),30048 ,30048 ,2615 ,3639 ,3683 ,4044 ,5617 ,5393 ,3090 ,1300 ,562 ,99 ,6 ,14923 ,14923 ,1339 ,1900 ,1915 ,2052 ,2738 ,2695 ,1476 ,583 ,206 ,17 ,2 ,15125 ,15125 ,1276 ,1739 ,1768 ,1992 ,2879 ,2698 ,1614 ,717 ,356 ,82 ,4
경기도 용인시 기흥구 영덕2동(4146351700),17428 ,17428 ,1715 ,1211 ,2199 ,3001 ,2791 ,2820 ,2049 ,830 ,625 ,181 ,6 ,8605 ,8605 ,854 ,610 ,1199 ,1518 ,1423 ,1344 ,971 ,395 ,223 ,66 ,2 ,8823 ,8823 ,861 ,601 ,1000 ,1483 ,1368 ,1476 ,1078 ,435 ,402 ,115 ,4
경기도 용인시 기흥구 구갈동(4146352000),41351 ,41351 ,3610 ,3382 ,6390 ,6878 ,7139 ,6855 ,4084 ,2031 ,843 ,133 ,6 ,20761 ,20761 ,1859 ,1758 ,3211 ,3475 ,3671 ,3427 ,2051 ,927 ,350 ,31 ,1 ,20590 ,20590 ,1751 ,1624 ,3179 ,3403 ,3468 ,3428 ,2033 ,1104 ,493 ,102 ,5
경기도 용인시 기흥구 상갈동(4146353000),13076 ,13076 ,784 ,1117 ,1887 ,1896 ,2104 ,2373 ,1470 ,888 ,512 ,44 ,1 ,6795 ,6795 ,422 ,563 ,1062 ,1017 ,1095 ,1274 ,735 ,389 ,228 ,10 ,0 ,6281 ,6281 ,362 ,554 ,825 ,879 ,1009 ,1099 ,735 ,499 ,284 ,34 ,1
경기도 용인시 기흥구 보라동(4146353500),32954 ,32954 ,2375 ,4264 ,3963 ,3312 ,6021 ,5743 ,3676 ,2330 ,1125 ,137 ,8 ,16241 ,16241 ,1208 ,2176 ,2066 ,1613 ,2929 ,2882 ,1779 ,1047 ,494 ,45 ,2 ,16713 ,16713 ,1167 ,2088 ,1897 ,1699 ,3092 ,2861 ,1897 ,1283 ,631 ,92 ,6
경기도 용인시 기흥구 기흥동(4146354000),21415 ,21415 ,1463 ,2101 ,2521 ,2618 ,3723 ,3535 ,3017 ,1587 ,751 ,97 ,2 ,10642 ,10642 ,728 ,1075 ,1387 ,1380 ,1836 ,1728 ,1453 ,695 ,337 ,22 ,1 ,10773 ,10773 ,735 ,1026 ,1134 ,1238 ,1887 ,1807 ,1564 ,892 ,414 ,75 ,1
경기도 용인시 기흥구 서농동(4146355000),25837 ,25837 ,2559 ,2790 ,4951 ,3906 ,4654 ,3349 ,2245 ,954 ,379 ,49 ,1 ,13326 ,13326 ,1294 ,1373 ,2952 ,2031 ,2371 ,1642 ,1074 ,428 ,148 ,13 ,0 ,12511 ,12511 ,1265 ,1417 ,1999 ,1875 ,2283 ,1707 ,1171 ,526 ,231 ,36 ,1
경기도 용인시 기흥구 구성동(4146356000),39756 ,39756 ,2730 ,4796 ,4338 ,3890 ,7149 ,6766 ,4679 ,3425 ,1729 ,247 ,7 ,19125 ,19125 ,1409 ,2440 ,2251 ,1930 ,3348 ,3370 ,2080 ,1442 ,798 ,56 ,1 ,20631 ,20631 ,1321 ,2356 ,2087 ,1960 ,3801 ,3396 ,2599 ,1983 ,931 ,191 ,6
경기도 용인시 기흥구 마북동(4146357000),31550 ,31550 ,2156 ,3024 ,3911 ,3645 ,5068 ,5405 ,3881 ,2775 ,1482 ,195 ,8 ,15403 ,15403 ,1113 ,1538 ,2057 ,1858 ,2403 ,2626 ,1805 ,1233 ,696 ,71 ,3 ,16147 ,16147 ,1043 ,1486 ,1854 ,1787 ,2665 ,2779 ,2076 ,1542 ,786 ,124 ,5
경기도 용인시 기흥구 동백1동(4146357200),32185 ,32185 ,2579 ,5497 ,3699 ,2730 ,7162 ,5556 ,2470 ,1603 ,787 ,100 ,2 ,15396 ,15396 ,1265 ,2767 ,1841 ,1248 ,3290 ,2896 ,1137 ,630 ,296 ,26 ,0 ,16789 ,16789 ,1314 ,2730 ,1858 ,1482 ,3872 ,2660 ,1333 ,973 ,491 ,74 ,2
경기도 용인시 기흥구 동백2동(4146357500),26959 ,26959 ,1989 ,4561 ,3417 ,2082 ,5589 ,4898 ,2299 ,1366 ,671 ,83 ,4 ,13260 ,13260 ,1028 ,2355 ,1756 ,956 ,2531 ,2599 ,1112 ,585 ,313 ,23 ,2 ,13699 ,13699 ,961 ,2206 ,1661 ,1126 ,3058 ,2299 ,1187 ,781 ,358 ,60 ,2
경기도 용인시 기흥구 동백3동(4146357700),26865 ,26865 ,2889 ,3579 ,2551 ,3306 ,5590 ,3605 ,2299 ,1843 ,1067 ,134 ,2 ,13040 ,13040 ,1514 ,1831 ,1260 ,1534 ,2699 ,1825 ,1045 ,792 ,488 ,51 ,1 ,13825 ,13825 ,1375 ,1748 ,1291 ,1772 ,2891 ,1780 ,1254 ,1051 ,579 ,83 ,1
경기도 용인시 기흥구 상하동(4146358600),23876 ,23876 ,1490 ,2572 ,3150 ,2533 ,3758 ,4650 ,3137 ,1618 ,832 ,129 ,7 ,11593 ,11593 ,806 ,1316 ,1643 ,1230 ,1800 ,2232 ,1514 ,704 ,321 ,27 ,0 ,12283 ,12283 ,684 ,1256 ,1507 ,1303 ,1958 ,2418 ,1623 ,914 ,511 ,102 ,7
경기도 용인시 기흥구 보정동(4146359000),35615 ,35615 ,2693 ,4504 ,4105 ,3518 ,6764 ,5941 ,3724 ,2784 ,1379 ,199 ,4 ,17450 ,17450 ,1389 ,2306 ,2106 ,1659 ,3171 ,3040 ,1771 ,1276 ,664 ,68 ,0 ,18165 ,18165 ,1304 ,2198 ,1999 ,1859 ,3593 ,2901 ,1953 ,1508 ,715 ,131 ,4
경기도 용인시 수지구 (4146500000),377921 ,377921 ,32586 ,45676 ,45053 ,48994 ,70771 ,60414 ,37171 ,23923 ,11757 ,1532 ,44 ,184182 ,184182 ,16548 ,23264 ,22758 ,23439 ,33786 ,30192 ,17776 ,10517 ,5415 ,478 ,9 ,193739 ,193739 ,16038 ,22412 ,22295 ,25555 ,36985 ,30222 ,19395 ,13406 ,6342 ,1054 ,35
경기도 용인시 수지구 풍덕천1동(4146551000),35608 ,35608 ,2405 ,3377 ,4899 ,6169 ,5604 ,5546 ,3973 ,2258 ,1213 ,155 ,9 ,17807 ,17807 ,1239 ,1775 ,2560 ,3326 ,2757 ,2749 ,1891 ,967 ,497 ,45 ,1 ,17801 ,17801 ,1166 ,1602 ,2339 ,2843 ,2847 ,2797 ,2082 ,1291 ,716 ,110 ,8
경기도 용인시 수지구 풍덕천2동(4146552000),41669 ,41669 ,4108 ,5797 ,4825 ,5923 ,8868 ,6340 ,2863 ,1699 ,1112 ,134 ,0 ,20451 ,20451 ,2061 ,2972 ,2390 ,2819 ,4297 ,3275 ,1457 ,697 ,439 ,44 ,0 ,21218 ,21218 ,2047 ,2825 ,2435 ,3104 ,4571 ,3065 ,1406 ,1002 ,673 ,90 ,0
경기도 용인시 수지구 신봉동(4146553000),41162 ,41162 ,3501 ,5514 ,4310 ,4594 ,8063 ,6855 ,3910 ,2826 ,1399 ,188 ,2 ,19892 ,19892 ,1738 ,2807 ,2193 ,2173 ,3694 ,3448 ,1878 ,1212 ,687 ,61 ,1 ,21270 ,21270 ,1763 ,2707 ,2117 ,2421 ,4369 ,3407 ,2032 ,1614 ,712 ,127 ,1
경기도 용인시 수지구 죽전1동(4146554000),28537 ,28537 ,2043 ,3472 ,3632 ,3073 ,5092 ,4916 ,3187 ,1898 ,1088 ,132 ,4 ,13811 ,13811 ,1008 ,1783 ,1865 ,1461 ,2394 ,2380 ,1568 ,809 ,498 ,45 ,0 ,14726 ,14726 ,1035 ,1689 ,1767 ,1612 ,2698 ,2536 ,1619 ,1089 ,590 ,87 ,4
경기도 용인시 수지구 죽전2동(4146555000),18197 ,18197 ,1331 ,1456 ,2661 ,3142 ,2868 ,2991 ,1963 ,1113 ,575 ,93 ,4 ,9040 ,9040 ,691 ,743 ,1386 ,1598 ,1411 ,1471 ,953 ,512 ,241 ,34 ,0 ,9157 ,9157 ,640 ,713 ,1275 ,1544 ,1457 ,1520 ,1010 ,601 ,334 ,59 ,4
경기도 용인시 수지구 죽전3동(4146555500),26624 ,26624 ,1975 ,3230 ,3974 ,3275 ,4746 ,4360 ,2621 ,1549 ,786 ,103 ,5 ,12905 ,12905 ,999 ,1639 ,2039 ,1550 ,2269 ,2158 ,1226 ,666 ,321 ,37 ,1 ,13719 ,13719 ,976 ,1591 ,1935 ,1725 ,2477 ,2202 ,1395 ,883 ,465 ,66 ,4
경기도 용인시 수지구 동천동(4146556000),50701 ,50701 ,5274 ,5608 ,5500 ,7344 ,9875 ,7736 ,5135 ,2902 ,1162 ,158 ,7 ,24927 ,24927 ,2741 ,2851 ,2747 ,3397 ,4876 ,3903 ,2470 ,1344 ,551 ,45 ,2 ,25774 ,25774 ,2533 ,2757 ,2753 ,3947 ,4999 ,3833 ,2665 ,1558 ,611 ,113 ,5
경기도 용인시 수지구 상현1동(4146557000),20095 ,20095 ,1757 ,2768 ,2228 ,2202 ,3869 ,3253 ,1873 ,1366 ,662 ,114 ,3 ,9654 ,9654 ,898 ,1377 ,1095 ,1003 ,1831 ,1623 ,888 ,594 ,315 ,29 ,1 ,10441 ,10441 ,859 ,1391 ,1133 ,1199 ,2038 ,1630 ,985 ,772 ,347 ,85 ,2
경기도 용인시 수지구 상현2동(4146558000),33026 ,33026 ,2864 ,4186 ,3599 ,3845 ,6253 ,5310 ,3282 ,2357 ,1199 ,128 ,3 ,16018 ,16018 ,1463 ,2163 ,1836 ,1818 ,2975 ,2614 ,1516 ,1036 ,556 ,39 ,2 ,17008 ,17008 ,1401 ,2023 ,1763 ,2027 ,3278 ,2696 ,1766 ,1321 ,643 ,89 ,1
경기도 용인시 수지구 상현3동(4146558500),27722 ,27722 ,2396 ,3296 ,3858 ,4024 ,5137 ,4304 ,2488 ,1443 ,687 ,88 ,1 ,13380 ,13380 ,1192 ,1702 ,1814 ,1920 ,2474 ,2121 ,1166 ,634 ,335 ,22 ,0 ,14342 ,14342 ,1204 ,1594 ,2044 ,2104 ,2663 ,2183 ,1322 ,809 ,352 ,66 ,1
경기도 용인시 수지구 성복동(4146559000),54580 ,54580 ,4932 ,6972 ,5567 ,5403 ,10396 ,8803 ,5876 ,4512 ,1874 ,239 ,6 ,26297 ,26297 ,2518 ,3452 ,2833 ,2374 ,4808 ,4450 ,2763 ,2046 ,975 ,77 ,1 ,28283 ,28283 ,2414 ,3520 ,2734 ,3029 ,5588 ,4353 ,3113 ,2466 ,899 ,162 ,5
경기도 파주시 (4148000000),496870 ,496870 ,41655 ,51557 ,58087 ,69536 ,84727 ,80934 ,60402 ,30155 ,17233 ,2510 ,74 ,252022 ,252022 ,21330 ,26256 ,31507 ,36295 ,43591 ,42109 ,30374 ,13459 ,6465 ,614 ,22 ,244848 ,244848 ,20325 ,25301 ,26580 ,33241 ,41136 ,38825 ,30028 ,16696 ,10768 ,1896 ,52
경기도 파주시 문산읍(4148025000),47385 ,47385 ,4034 ,4882 ,5215 ,6925 ,7594 ,6975 ,6046 ,3347 ,2103 ,254 ,10 ,24427 ,24427 ,2030 ,2484 ,3044 ,3806 ,4110 ,3668 ,2973 ,1478 ,752 ,79 ,3 ,22958 ,22958 ,2004 ,2398 ,2171 ,3119 ,3484 ,3307 ,3073 ,1869 ,1351 ,175 ,7
경기도 파주시 파주읍(4148025300),14154 ,14154 ,566 ,864 ,1501 ,1491 ,1837 ,2684 ,2717 ,1441 ,905 ,143 ,5 ,7530 ,7530 ,290 ,437 ,915 ,860 ,1045 ,1530 ,1444 ,666 ,308 ,32 ,3 ,6624 ,6624 ,276 ,427 ,586 ,631 ,792 ,1154 ,1273 ,775 ,597 ,111 ,2
경기도 파주시 법원읍(4148025600),10073 ,10073 ,256 ,565 ,1161 ,854 ,985 ,1916 ,2271 ,1214 ,732 ,116 ,3 ,5388 ,5388 ,141 ,302 ,717 ,510 ,563 ,1053 ,1217 ,587 ,265 ,32 ,1 ,4685 ,4685 ,115 ,263 ,444 ,344 ,422 ,863 ,1054 ,627 ,467 ,84 ,2
경기도 파주시 조리읍(4148026200),28772 ,28772 ,1394 ,2529 ,3211 ,2693 ,4066 ,5635 ,5143 ,2460 ,1451 ,186 ,4 ,14580 ,14580 ,697 ,1252 ,1761 ,1460 ,2093 ,2934 ,2626 ,1144 ,566 ,47 ,0 ,14192 ,14192 ,697 ,1277 ,1450 ,1233 ,1973 ,2701 ,2517 ,1316 ,885 ,139 ,4
경기도 파주시 월롱면(4148031000),9164 ,9164 ,122 ,230 ,2490 ,1545 ,1070 ,1339 ,1326 ,618 ,360 ,62 ,2 ,6087 ,6087 ,63 ,126 ,1851 ,1209 ,782 ,860 ,746 ,312 ,124 ,14 ,0 ,3077 ,3077 ,59 ,104 ,639 ,336 ,288 ,479 ,580 ,306 ,236 ,48 ,2
경기도 파주시 탄현면(4148032000),13222 ,13222 ,537 ,899 ,1387 ,1378 ,1962 ,2599 ,2399 ,1176 ,750 ,130 ,5 ,7268 ,7268 ,280 ,475 ,819 ,855 ,1127 ,1511 ,1313 ,567 ,297 ,23 ,1 ,5954 ,5954 ,257 ,424 ,568 ,523 ,835 ,1088 ,1086 ,609 ,453 ,107 ,4
경기도 파주시 광탄면(4148035000),10803 ,10803 ,358 ,586 ,1033 ,949 ,1160 ,2120 ,2462 ,1235 ,753 ,142 ,5 ,5894 ,5894 ,188 ,314 ,637 ,576 ,689 ,1212 ,1355 ,616 ,276 ,28 ,3 ,4909 ,4909 ,170 ,272 ,396 ,373 ,471 ,908 ,1107 ,619 ,477 ,114 ,2
경기도 파주시 파평면(4148036000),3734 ,3734 ,75 ,154 ,396 ,214 ,289 ,690 ,912 ,530 ,406 ,66 ,2 ,1978 ,1978 ,44 ,82 ,261 ,133 ,153 ,396 ,491 ,253 ,152 ,13 ,0 ,1756 ,1756 ,31 ,72 ,135 ,81 ,136 ,294 ,421 ,277 ,254 ,53 ,2
경기도 파주시 적성면(4148037000),7091 ,7091 ,446 ,454 ,819 ,847 ,725 ,1066 ,1359 ,826 ,484 ,62 ,3 ,3855 ,3855 ,222 ,250 ,564 ,501 ,408 ,567 ,754 ,384 ,187 ,17 ,1 ,3236 ,3236 ,224 ,204 ,255 ,346 ,317 ,499 ,605 ,442 ,297 ,45 ,2
경기도 파주시 장단면(4148039000),736 ,736 ,20 ,45 ,50 ,58 ,76 ,147 ,139 ,118 ,73 ,10 ,0 ,394 ,394 ,12 ,17 ,32 ,31 ,49 ,86 ,73 ,55 ,34 ,5 ,0 ,342 ,342 ,8 ,28 ,18 ,27 ,27 ,61 ,66 ,63 ,39 ,5 ,0
경기도 파주시 금촌1동(4148051000),22095 ,22095 ,866 ,1381 ,3278 ,2949 ,3039 ,4126 ,3566 ,1769 ,960 ,155 ,6 ,11873 ,11873 ,451 ,722 ,1872 ,1767 ,1690 ,2342 ,1857 ,779 ,358 ,32 ,3 ,10222 ,10222 ,415 ,659 ,1406 ,1182 ,1349 ,1784 ,1709 ,990 ,602 ,123 ,3
경기도 파주시 금촌2동(4148052000),31822 ,31822 ,2510 ,4018 ,3846 ,3907 ,5496 ,5486 ,3522 ,1803 ,1090 ,142 ,2 ,15588 ,15588 ,1294 ,2093 ,2003 ,1958 ,2612 ,2778 ,1672 ,764 ,387 ,27 ,0 ,16234 ,16234 ,1216 ,1925 ,1843 ,1949 ,2884 ,2708 ,1850 ,1039 ,703 ,115 ,2
경기도 파주시 금촌3동(4148053000),26184 ,26184 ,1791 ,2566 ,3393 ,3316 ,3983 ,4780 ,3530 ,1743 ,936 ,144 ,2 ,13363 ,13363 ,914 ,1351 ,1883 ,1746 ,2089 ,2416 ,1749 ,803 ,375 ,37 ,0 ,12821 ,12821 ,877 ,1215 ,1510 ,1570 ,1894 ,2364 ,1781 ,940 ,561 ,107 ,2
경기도 파주시 교하동(4148054000),7657 ,7657 ,320 ,445 ,783 ,841 ,1024 ,1541 ,1481 ,752 ,399 ,68 ,3 ,4076 ,4076 ,165 ,223 ,433 ,465 ,545 ,876 ,835 ,356 ,166 ,12 ,0 ,3581 ,3581 ,155 ,222 ,350 ,376 ,479 ,665 ,646 ,396 ,233 ,56 ,3
경기도 파주시 운정1동(4148055000),46675 ,46675 ,4161 ,5930 ,5535 ,6587 ,8819 ,7583 ,4629 ,2133 ,1129 ,165 ,4 ,22902 ,22902 ,2115 ,2958 ,2772 ,3312 ,4333 ,3762 ,2245 ,920 ,438 ,47 ,0 ,23773 ,23773 ,2046 ,2972 ,2763 ,3275 ,4486 ,3821 ,2384 ,1213 ,691 ,118 ,4
경기도 파주시 운정2동(4148056000),63065 ,63065 ,7689 ,8349 ,6140 ,10067 ,13009 ,8661 ,4997 ,2619 ,1342 ,186 ,6 ,30707 ,30707 ,3927 ,4191 ,3026 ,4765 ,6557 ,4333 ,2302 ,1056 ,499 ,47 ,4 ,32358 ,32358 ,3762 ,4158 ,3114 ,5302 ,6452 ,4328 ,2695 ,1563 ,843 ,139 ,2
경기도 파주시 운정3동(4148057000),69682 ,69682 ,7241 ,9124 ,7701 ,9711 ,14203 ,10727 ,6296 ,2919 ,1558 ,197 ,5 ,34034 ,34034 ,3724 ,4599 ,3827 ,4671 ,6973 ,5378 ,2981 ,1226 ,595 ,58 ,2 ,35648 ,35648 ,3517 ,4525 ,3874 ,5040 ,7230 ,5349 ,3315 ,1693 ,963 ,139 ,3
경기도 파주시 운정4동(4148058000),22867 ,22867 ,1646 ,1699 ,3202 ,3446 ,4113 ,4145 ,2672 ,1207 ,647 ,86 ,4 ,11234 ,11234 ,837 ,884 ,1607 ,1739 ,2076 ,1995 ,1298 ,507 ,268 ,23 ,0 ,11633 ,11633 ,809 ,815 ,1595 ,1707 ,2037 ,2150 ,1374 ,700 ,379 ,63 ,4
경기도 파주시 운정5동(4148059000),42832 ,42832 ,4494 ,5477 ,4893 ,6453 ,8054 ,6990 ,3728 ,1637 ,939 ,164 ,3 ,21374 ,21374 ,2302 ,2824 ,2519 ,3269 ,3975 ,3552 ,1851 ,697 ,349 ,35 ,1 ,21458 ,21458 ,2192 ,2653 ,2374 ,3184 ,4079 ,3438 ,1877 ,940 ,590 ,129 ,2
경기도 파주시 운정6동(4148060000),18857 ,18857 ,3129 ,1360 ,2053 ,5305 ,3223 ,1724 ,1207 ,608 ,216 ,32 ,0 ,9470 ,9470 ,1634 ,672 ,964 ,2662 ,1722 ,860 ,592 ,289 ,69 ,6 ,0 ,9387 ,9387 ,1495 ,688 ,1089 ,2643 ,1501 ,864 ,615 ,319 ,147 ,26 ,0
경기도 이천시 (4150000000),222348 ,222348 ,16233 ,21869 ,29748 ,30327 ,34828 ,35889 ,30607 ,14063 ,7706 ,1048 ,30 ,115806 ,115806 ,8350 ,11324 ,17144 ,16611 ,18192 ,18617 ,15771 ,6645 ,2875 ,270 ,7 ,106542 ,106542 ,7883 ,10545 ,12604 ,13716 ,16636 ,17272 ,14836 ,7418 ,4831 ,778 ,23
경기도 이천시 장호원읍(4150025000),14199 ,14199 ,786 ,1262 ,1421 ,1315 ,1889 ,2345 ,2700 ,1496 ,858 ,124 ,3 ,7185 ,7185 ,405 ,642 ,818 ,738 ,948 ,1240 ,1333 ,710 ,321 ,30 ,0 ,7014 ,7014 ,381 ,620 ,603 ,577 ,941 ,1105 ,1367 ,786 ,537 ,94 ,3
경기도 이천시 부발읍(4150025300),36482 ,36482 ,2633 ,4306 ,5341 ,5004 ,6462 ,5904 ,4032 ,1783 ,915 ,98 ,4 ,19472 ,19472 ,1378 ,2221 ,3325 ,2774 ,3292 ,3165 ,2108 ,844 ,337 ,27 ,1 ,17010 ,17010 ,1255 ,2085 ,2016 ,2230 ,3170 ,2739 ,1924 ,939 ,578 ,71 ,3
경기도 이천시 신둔면(4150031000),14251 ,14251 ,944 ,1157 ,1521 ,1720 ,1995 ,2675 ,2557 ,1070 ,534 ,76 ,2 ,7469 ,7469 ,472 ,633 ,830 ,938 ,1089 ,1369 ,1395 ,527 ,196 ,19 ,1 ,6782 ,6782 ,472 ,524 ,691 ,782 ,906 ,1306 ,1162 ,543 ,338 ,57 ,1
경기도 이천시 백사면(4150032000),11460 ,11460 ,641 ,861 ,1224 ,1244 ,1567 ,2174 ,2065 ,997 ,600 ,86 ,1 ,5850 ,5850 ,347 ,467 ,676 ,627 ,843 ,1074 ,1075 ,460 ,256 ,24 ,1 ,5610 ,5610 ,294 ,394 ,548 ,617 ,724 ,1100 ,990 ,537 ,344 ,62 ,0
경기도 이천시 호법면(4150033000),5841 ,5841 ,256 ,326 ,621 ,688 ,690 ,1045 ,1205 ,594 ,359 ,57 ,0 ,3145 ,3145 ,136 ,168 ,360 ,405 ,399 ,611 ,637 ,282 ,134 ,13 ,0 ,2696 ,2696 ,120 ,158 ,261 ,283 ,291 ,434 ,568 ,312 ,225 ,44 ,0
경기도 이천시 마장면(4150034000),15683 ,15683 ,1587 ,1262 ,2211 ,2857 ,2351 ,2054 ,1870 ,933 ,480 ,76 ,2 ,8552 ,8552 ,828 ,637 ,1321 ,1625 ,1374 ,1123 ,983 ,456 ,187 ,17 ,1 ,7131 ,7131 ,759 ,625 ,890 ,1232 ,977 ,931 ,887 ,477 ,293 ,59 ,1
경기도 이천시 대월면(4150035000),14479 ,14479 ,975 ,1135 ,2565 ,2498 ,2160 ,2003 ,1714 ,860 ,496 ,73 ,0 ,7423 ,7423 ,496 ,568 ,1274 ,1354 ,1215 ,1048 ,870 ,415 ,167 ,16 ,0 ,7056 ,7056 ,479 ,567 ,1291 ,1144 ,945 ,955 ,844 ,445 ,329 ,57 ,0
경기도 이천시 모가면(4150036000),4237 ,4237 ,95 ,217 ,325 ,332 ,451 ,743 ,1052 ,567 ,406 ,49 ,0 ,2290 ,2290 ,52 ,132 ,205 ,213 ,269 ,410 ,572 ,270 ,156 ,11 ,0 ,1947 ,1947 ,43 ,85 ,120 ,119 ,182 ,333 ,480 ,297 ,250 ,38 ,0
경기도 이천시 설성면(4150037000),4569 ,4569 ,134 ,193 ,343 ,356 ,426 ,754 ,1159 ,673 ,467 ,61 ,3 ,2446 ,2446 ,62 ,96 ,213 ,222 ,272 ,430 ,631 ,331 ,174 ,15 ,0 ,2123 ,2123 ,72 ,97 ,130 ,134 ,154 ,324 ,528 ,342 ,293 ,46 ,3
경기도 이천시 율면(4150038000),2612 ,2612 ,51 ,98 ,157 ,150 ,192 ,412 ,740 ,403 ,343 ,63 ,3 ,1361 ,1361 ,25 ,52 ,96 ,100 ,121 ,223 ,405 ,186 ,133 ,20 ,0 ,1251 ,1251 ,26 ,46 ,61 ,50 ,71 ,189 ,335 ,217 ,210 ,43 ,3
경기도 이천시 창전동(4150051000),16538 ,16538 ,765 ,1373 ,2521 ,2178 ,2336 ,2779 ,2660 ,1285 ,570 ,69 ,2 ,8376 ,8376 ,387 ,708 ,1394 ,1279 ,1198 ,1349 ,1223 ,612 ,203 ,23 ,0 ,8162 ,8162 ,378 ,665 ,1127 ,899 ,1138 ,1430 ,1437 ,673 ,367 ,46 ,2
경기도 이천시 증포동(4150051500),57092 ,57092 ,6024 ,8137 ,7194 ,8124 ,11059 ,8976 ,4968 ,1661 ,831 ,113 ,5 ,28490 ,28490 ,3083 ,4230 ,3858 ,3879 ,5387 ,4494 ,2542 ,721 ,270 ,25 ,1 ,28602 ,28602 ,2941 ,3907 ,3336 ,4245 ,5672 ,4482 ,2426 ,940 ,561 ,88 ,4
경기도 이천시 중리동(4150052000),15032 ,15032 ,847 ,845 ,2953 ,2602 ,1881 ,2187 ,2171 ,999 ,478 ,66 ,3 ,8660 ,8660 ,427 ,439 ,2057 ,1717 ,1059 ,1142 ,1109 ,482 ,207 ,19 ,2 ,6372 ,6372 ,420 ,406 ,896 ,885 ,822 ,1045 ,1062 ,517 ,271 ,47 ,1
경기도 이천시 관고동(4150053000),9873 ,9873 ,495 ,697 ,1351 ,1259 ,1369 ,1838 ,1714 ,742 ,369 ,37 ,2 ,5087 ,5087 ,252 ,331 ,717 ,740 ,726 ,939 ,888 ,349 ,134 ,11 ,0 ,4786 ,4786 ,243 ,366 ,634 ,519 ,643 ,899 ,826 ,393 ,235 ,26 ,2
경기도 안성시 (4155000000),188637 ,188637 ,11786 ,17428 ,22347 ,21812 ,29477 ,32221 ,29168 ,14743 ,8328 ,1287 ,40 ,97607 ,97607 ,6130 ,9026 ,12356 ,12106 ,15813 ,17073 ,14828 ,6979 ,3002 ,286 ,8 ,91030 ,91030 ,5656 ,8402 ,9991 ,9706 ,13664 ,15148 ,14340 ,7764 ,5326 ,1001 ,32
경기도 안성시 공도읍(4155025000),60129 ,60129 ,4847 ,7519 ,6930 ,7863 ,11654 ,9876 ,6448 ,3174 ,1591 ,222 ,5 ,30425 ,30425 ,2512 ,3877 ,3702 ,4170 ,5939 ,5142 ,3083 ,1399 ,547 ,51 ,3 ,29704 ,29704 ,2335 ,3642 ,3228 ,3693 ,5715 ,4734 ,3365 ,1775 ,1044 ,171 ,2
경기도 안성시 보개면(4155031000),5196 ,5196 ,148 ,277 ,417 ,394 ,511 ,925 ,1289 ,691 ,459 ,83 ,2 ,2738 ,2738 ,84 ,160 ,258 ,224 ,298 ,513 ,692 ,337 ,159 ,13 ,0 ,2458 ,2458 ,64 ,117 ,159 ,170 ,213 ,412 ,597 ,354 ,300 ,70 ,2
경기도 안성시 금광면(4155032000),7323 ,7323 ,318 ,576 ,689 ,570 ,925 ,1335 ,1546 ,792 ,484 ,87 ,1 ,3626 ,3626 ,168 ,294 ,377 ,301 ,471 ,705 ,778 ,348 ,169 ,15 ,0 ,3697 ,3697 ,150 ,282 ,312 ,269 ,454 ,630 ,768 ,444 ,315 ,72 ,1
경기도 안성시 서운면(4155033000),3147 ,3147 ,62 ,115 ,242 ,214 ,286 ,577 ,805 ,450 ,344 ,48 ,4 ,1666 ,1666 ,34 ,62 ,151 ,131 ,170 ,332 ,428 ,228 ,123 ,6 ,1 ,1481 ,1481 ,28 ,53 ,91 ,83 ,116 ,245 ,377 ,222 ,221 ,42 ,3
경기도 안성시 미양면(4155034000),5647 ,5647 ,164 ,249 ,464 ,496 ,680 ,1024 ,1304 ,742 ,440 ,82 ,2 ,3096 ,3096 ,89 ,129 ,279 ,323 ,416 ,584 ,705 ,388 ,159 ,23 ,1 ,2551 ,2551 ,75 ,120 ,185 ,173 ,264 ,440 ,599 ,354 ,281 ,59 ,1
경기도 안성시 대덕면(4155035000),15391 ,15391 ,1077 ,1118 ,2156 ,2228 ,2675 ,2381 ,2208 ,998 ,472 ,76 ,2 ,8723 ,8723 ,583 ,594 ,1228 ,1343 ,1651 ,1405 ,1202 ,501 ,197 ,19 ,0 ,6668 ,6668 ,494 ,524 ,928 ,885 ,1024 ,976 ,1006 ,497 ,275 ,57 ,2
경기도 안성시 양성면(4155036000),5147 ,5147 ,104 ,248 ,383 ,378 ,511 ,933 ,1315 ,669 ,478 ,122 ,6 ,2694 ,2694 ,57 ,119 ,216 ,220 ,314 ,514 ,715 ,341 ,166 ,32 ,0 ,2453 ,2453 ,47 ,129 ,167 ,158 ,197 ,419 ,600 ,328 ,312 ,90 ,6
경기도 안성시 원곡면(4155038000),6563 ,6563 ,354 ,348 ,731 ,889 ,959 ,1225 ,1208 ,519 ,280 ,50 ,0 ,3672 ,3672 ,197 ,181 ,436 ,542 ,587 ,680 ,664 ,269 ,102 ,14 ,0 ,2891 ,2891 ,157 ,167 ,295 ,347 ,372 ,545 ,544 ,250 ,178 ,36 ,0
경기도 안성시 일죽면(4155039000),7344 ,7344 ,245 ,384 ,592 ,539 ,780 ,1265 ,1805 ,1029 ,606 ,95 ,4 ,3859 ,3859 ,128 ,217 ,320 ,332 ,461 ,703 ,913 ,540 ,225 ,18 ,2 ,3485 ,3485 ,117 ,167 ,272 ,207 ,319 ,562 ,892 ,489 ,381 ,77 ,2
경기도 안성시 죽산면(4155040000),6822 ,6822 ,183 ,358 ,633 ,522 ,735 ,1310 ,1604 ,847 ,561 ,67 ,2 ,3648 ,3648 ,95 ,177 ,364 ,319 ,419 ,768 ,864 ,409 ,216 ,17 ,0 ,3174 ,3174 ,88 ,181 ,269 ,203 ,316 ,542 ,740 ,438 ,345 ,50 ,2
경기도 안성시 삼죽면(4155041000),3756 ,3756 ,69 ,236 ,564 ,237 ,324 ,630 ,834 ,490 ,324 ,47 ,1 ,1919 ,1919 ,33 ,110 ,278 ,156 ,193 ,336 ,434 ,244 ,123 ,12 ,0 ,1837 ,1837 ,36 ,126 ,286 ,81 ,131 ,294 ,400 ,246 ,201 ,35 ,1
경기도 안성시 고삼면(4155042000),1891 ,1891 ,48 ,71 ,160 ,134 ,173 ,343 ,495 ,257 ,172 ,35 ,3 ,998 ,998 ,25 ,36 ,96 ,84 ,104 ,185 ,262 ,126 ,72 ,8 ,0 ,893 ,893 ,23 ,35 ,64 ,50 ,69 ,158 ,233 ,131 ,100 ,27 ,3
경기도 안성시 안성1동(4155051000),11986 ,11986 ,590 ,936 ,1421 ,1241 ,1574 ,2117 ,2158 ,1194 ,670 ,81 ,4 ,6017 ,6017 ,275 ,466 ,771 ,684 ,850 ,1078 ,1076 ,546 ,258 ,13 ,0 ,5969 ,5969 ,315 ,470 ,650 ,557 ,724 ,1039 ,1082 ,648 ,412 ,68 ,4
경기도 안성시 안성2동(4155052000),26230 ,26230 ,2017 ,2633 ,3872 ,3652 ,4331 ,4280 ,3185 ,1476 ,691 ,92 ,1 ,13406 ,13406 ,1061 ,1374 ,2096 ,1986 ,2252 ,2152 ,1579 ,671 ,215 ,20 ,0 ,12824 ,12824 ,956 ,1259 ,1776 ,1666 ,2079 ,2128 ,1606 ,805 ,476 ,72 ,1
경기도 안성시 안성3동(4155053000),22065 ,22065 ,1560 ,2360 ,3093 ,2455 ,3359 ,4000 ,2964 ,1415 ,756 ,100 ,3 ,11120 ,11120 ,789 ,1230 ,1784 ,1291 ,1688 ,1976 ,1433 ,632 ,271 ,25 ,1 ,10945 ,10945 ,771 ,1130 ,1309 ,1164 ,1671 ,2024 ,1531 ,783 ,485 ,75 ,2
경기도 김포시 (4157000000),484474 ,484474 ,47968 ,52123 ,49883 ,68663 ,93806 ,71140 ,57258 ,28714 ,13008 ,1853 ,58 ,242029 ,242029 ,24612 ,26501 ,25514 ,33661 ,48210 ,36357 ,28135 ,13491 ,5077 ,453 ,18 ,242445 ,242445 ,23356 ,25622 ,24369 ,35002 ,45596 ,34783 ,29123 ,15223 ,7931 ,1400 ,40
경기도 김포시 통진읍(4157025000),31861 ,31861 ,1804 ,2484 ,3619 ,3703 ,4579 ,5826 ,5635 ,2625 ,1367 ,213 ,6 ,16925 ,16925 ,891 ,1349 ,2109 ,2073 ,2544 ,3210 ,2974 ,1232 ,502 ,41 ,0 ,14936 ,14936 ,913 ,1135 ,1510 ,1630 ,2035 ,2616 ,2661 ,1393 ,865 ,172 ,6
경기도 김포시 고촌읍(4157025300),48058 ,48058 ,5883 ,5255 ,4068 ,7395 ,10162 ,6225 ,5453 ,2506 ,954 ,152 ,5 ,23865 ,23865 ,3089 ,2693 ,2027 ,3447 ,5190 ,3120 ,2579 ,1295 ,389 ,33 ,3 ,24193 ,24193 ,2794 ,2562 ,2041 ,3948 ,4972 ,3105 ,2874 ,1211 ,565 ,119 ,2
경기도 김포시 양촌읍(4157025600),29848 ,29848 ,2025 ,2577 ,3026 ,3898 ,4859 ,4927 ,4885 ,2324 ,1160 ,160 ,7 ,15697 ,15697 ,1063 ,1339 ,1644 ,2115 ,2701 ,2692 ,2551 ,1122 ,432 ,34 ,4 ,14151 ,14151 ,962 ,1238 ,1382 ,1783 ,2158 ,2235 ,2334 ,1202 ,728 ,126 ,3
경기도 김포시 대곶면(4157034000),9779 ,9779 ,300 ,475 ,802 ,840 ,1178 ,2066 ,2298 ,1099 ,621 ,97 ,3 ,5703 ,5703 ,159 ,255 ,488 ,531 ,739 ,1314 ,1369 ,562 ,258 ,27 ,1 ,4076 ,4076 ,141 ,220 ,314 ,309 ,439 ,752 ,929 ,537 ,363 ,70 ,2
경기도 김포시 월곶면(4157035000),5291 ,5291 ,114 ,213 ,404 ,406 ,532 ,1028 ,1406 ,728 ,374 ,84 ,2 ,2914 ,2914 ,55 ,95 ,244 ,246 ,324 ,598 ,783 ,392 ,162 ,15 ,0 ,2377 ,2377 ,59 ,118 ,160 ,160 ,208 ,430 ,623 ,336 ,212 ,69 ,2
경기도 김포시 하성면(4157036000),7998 ,7998 ,230 ,403 ,653 ,650 ,826 ,1497 ,1985 ,1050 ,597 ,101 ,6 ,4349 ,4349 ,108 ,239 ,405 ,368 ,501 ,849 ,1109 ,506 ,236 ,26 ,2 ,3649 ,3649 ,122 ,164 ,248 ,282 ,325 ,648 ,876 ,544 ,361 ,75 ,4
경기도 김포시 김포본동(4157051500),59221 ,59221 ,5104 ,6111 ,7027 ,7395 ,10074 ,10294 ,7594 ,3547 ,1822 ,245 ,8 ,29093 ,29093 ,2613 ,3090 ,3698 ,3611 ,4981 ,4938 ,3768 ,1616 ,699 ,76 ,3 ,30128 ,30128 ,2491 ,3021 ,3329 ,3784 ,5093 ,5356 ,3826 ,1931 ,1123 ,169 ,5
경기도 김포시 장기본동(4157052500),39079 ,39079 ,3964 ,5910 ,3845 ,4699 ,8615 ,5650 ,3526 ,1945 ,813 ,110 ,2 ,19033 ,19033 ,2013 ,2996 ,1930 ,2174 ,4156 ,2886 ,1626 ,901 ,318 ,32 ,1 ,20046 ,20046 ,1951 ,2914 ,1915 ,2525 ,4459 ,2764 ,1900 ,1044 ,495 ,78 ,1
경기도 김포시 사우동(4157054000),21751 ,21751 ,1246 ,2005 ,2706 ,2659 ,3469 ,4058 ,3174 ,1571 ,770 ,90 ,3 ,10905 ,10905 ,672 ,1053 ,1436 ,1389 ,1756 ,2011 ,1587 ,695 ,284 ,22 ,0 ,10846 ,10846 ,574 ,952 ,1270 ,1270 ,1713 ,2047 ,1587 ,876 ,486 ,68 ,3
경기도 김포시 풍무동(4157055000),60450 ,60450 ,5555 ,6914 ,7309 ,8270 ,11260 ,9318 ,6565 ,3513 ,1547 ,191 ,8 ,29333 ,29333 ,2884 ,3507 ,3494 ,3920 ,5533 ,4542 ,3129 ,1648 ,627 ,47 ,2 ,31117 ,31117 ,2671 ,3407 ,3815 ,4350 ,5727 ,4776 ,3436 ,1865 ,920 ,144 ,6
경기도 김포시 장기동(4157056000),41024 ,41024 ,4697 ,5533 ,3772 ,5545 ,9324 ,5496 ,3716 ,1991 ,843 ,107 ,0 ,20055 ,20055 ,2358 ,2745 ,1917 ,2601 ,4699 ,2812 ,1697 ,880 ,321 ,25 ,0 ,20969 ,20969 ,2339 ,2788 ,1855 ,2944 ,4625 ,2684 ,2019 ,1111 ,522 ,82 ,0
경기도 김포시 구래동(4157057000),45233 ,45233 ,5696 ,4564 ,5705 ,9255 ,9605 ,4610 ,3426 ,1709 ,580 ,79 ,4 ,22516 ,22516 ,2880 ,2242 ,2743 ,4706 ,5036 ,2332 ,1557 ,780 ,221 ,18 ,1 ,22717 ,22717 ,2816 ,2322 ,2962 ,4549 ,4569 ,2278 ,1869 ,929 ,359 ,61 ,3
경기도 김포시 마산동(4157057500),35690 ,35690 ,5038 ,3609 ,2731 ,6598 ,7813 ,3861 ,3306 ,1932 ,702 ,96 ,4 ,17667 ,17667 ,2602 ,1791 ,1348 ,3201 ,4205 ,1916 ,1451 ,857 ,272 ,23 ,1 ,18023 ,18023 ,2436 ,1818 ,1383 ,3397 ,3608 ,1945 ,1855 ,1075 ,430 ,73 ,3
경기도 김포시 운양동(4157058000),49191 ,49191 ,6312 ,6070 ,4216 ,7350 ,11510 ,6284 ,4289 ,2174 ,858 ,128 ,0 ,23974 ,23974 ,3225 ,3107 ,2031 ,3279 ,5845 ,3137 ,1955 ,1005 ,356 ,34 ,0 ,25217 ,25217 ,3087 ,2963 ,2185 ,4071 ,5665 ,3147 ,2334 ,1169 ,502 ,94 ,0
경기도 화성시 (4159000000),925186 ,925186 ,96793 ,107640 ,110518 ,152265 ,180984 ,132479 ,87479 ,36906 ,17451 ,2583 ,88 ,480653 ,480653 ,49427 ,54790 ,59864 ,80371 ,95403 ,71141 ,45031 ,17538 ,6532 ,537 ,19 ,444533 ,444533 ,47366 ,52850 ,50654 ,71894 ,85581 ,61338 ,42448 ,19368 ,10919 ,2046 ,69
경기도 화성시 봉담읍(4159025300),88095 ,88095 ,7664 ,10408 ,11106 ,12208 ,16411 ,13959 ,9804 ,4306 ,1960 ,254 ,15 ,44590 ,44590 ,3878 ,5128 ,5713 ,6364 ,8421 ,7371 ,4920 ,2023 ,716 ,54 ,2 ,43505 ,43505 ,3786 ,5280 ,5393 ,5844 ,7990 ,6588 ,4884 ,2283 ,1244 ,200 ,13
경기도 화성시 우정읍(4159025600),17490 ,17490 ,698 ,1364 ,1762 ,1581 ,2525 ,3588 ,3245 ,1659 ,916 ,150 ,2 ,9605 ,9605 ,355 ,711 ,1066 ,964 ,1494 ,2118 ,1720 ,799 ,337 ,40 ,1 ,7885 ,7885 ,343 ,653 ,696 ,617 ,1031 ,1470 ,1525 ,860 ,579 ,110 ,1
경기도 화성시 향남읍(4159025900),86195 ,86195 ,8662 ,10748 ,9922 ,13654 ,17985 ,12418 ,7650 ,3303 ,1614 ,235 ,4 ,46248 ,46248 ,4438 ,5527 ,5488 ,7701 ,10004 ,7021 ,3911 ,1555 ,559 ,41 ,3 ,39947 ,39947 ,4224 ,5221 ,4434 ,5953 ,7981 ,5397 ,3739 ,1748 ,1055 ,194 ,1
경기도 화성시 남양읍(4159026200),52228 ,52228 ,4692 ,4343 ,6806 ,9195 ,8617 ,8064 ,6507 ,2586 ,1203 ,205 ,10 ,28359 ,28359 ,2447 ,2280 ,3915 ,5341 ,4872 ,4345 ,3378 ,1291 ,447 ,40 ,3 ,23869 ,23869 ,2245 ,2063 ,2891 ,3854 ,3745 ,3719 ,3129 ,1295 ,756 ,165 ,7
경기도 화성시 매송면(4159031000),6801 ,6801 ,192 ,416 ,711 ,588 ,805 ,1350 ,1502 ,740 ,437 ,59 ,1 ,3625 ,3625 ,97 ,224 ,410 ,356 ,460 ,746 ,820 ,349 ,150 ,12 ,1 ,3176 ,3176 ,95 ,192 ,301 ,232 ,345 ,604 ,682 ,391 ,287 ,47 ,0
경기도 화성시 비봉면(4159032000),6972 ,6972 ,236 ,322 ,768 ,780 ,774 ,1235 ,1553 ,745 ,457 ,100 ,2 ,3969 ,3969 ,134 ,167 ,467 ,498 ,466 ,748 ,908 ,381 ,183 ,17 ,0 ,3003 ,3003 ,102 ,155 ,301 ,282 ,308 ,487 ,645 ,364 ,274 ,83 ,2
경기도 화성시 마도면(4159033000),6918 ,6918 ,184 ,341 ,642 ,745 ,917 ,1430 ,1480 ,697 ,417 ,63 ,2 ,4156 ,4156 ,99 ,190 ,416 ,518 ,636 ,897 ,866 ,353 ,172 ,9 ,0 ,2762 ,2762 ,85 ,151 ,226 ,227 ,281 ,533 ,614 ,344 ,245 ,54 ,2
경기도 화성시 송산면(4159034000),10929 ,10929 ,367 ,719 ,911 ,887 ,1293 ,2111 ,2385 ,1290 ,799 ,163 ,4 ,5987 ,5987 ,179 ,404 ,537 ,549 ,780 ,1211 ,1328 ,637 ,319 ,42 ,1 ,4942 ,4942 ,188 ,315 ,374 ,338 ,513 ,900 ,1057 ,653 ,480 ,121 ,3
경기도 화성시 서신면(4159035000),7205 ,7205 ,137 ,288 ,513 ,539 ,713 ,1481 ,1943 ,924 ,555 ,110 ,2 ,4018 ,4018 ,77 ,147 ,333 ,326 ,456 ,874 ,1072 ,494 ,208 ,31 ,0 ,3187 ,3187 ,60 ,141 ,180 ,213 ,257 ,607 ,871 ,430 ,347 ,79 ,2
경기도 화성시 팔탄면(4159036000),10015 ,10015 ,269 ,445 ,916 ,961 ,1366 ,2212 ,2290 ,908 ,558 ,88 ,2 ,6113 ,6113 ,135 ,229 ,635 ,665 ,939 ,1458 ,1348 ,481 ,206 ,16 ,1 ,3902 ,3902 ,134 ,216 ,281 ,296 ,427 ,754 ,942 ,427 ,352 ,72 ,1
경기도 화성시 장안면(4159037000),10136 ,10136 ,317 ,537 ,925 ,872 ,1247 ,2010 ,2282 ,1158 ,702 ,83 ,3 ,5882 ,5882 ,176 ,302 ,576 ,565 ,813 ,1257 ,1341 ,557 ,269 ,26 ,0 ,4254 ,4254 ,141 ,235 ,349 ,307 ,434 ,753 ,941 ,601 ,433 ,57 ,3
경기도 화성시 양감면(4159040000),4023 ,4023 ,80 ,137 ,375 ,395 ,475 ,837 ,993 ,419 ,271 ,39 ,2 ,2490 ,2490 ,43 ,69 ,260 ,281 ,341 ,550 ,610 ,226 ,100 ,10 ,0 ,1533 ,1533 ,37 ,68 ,115 ,114 ,134 ,287 ,383 ,193 ,171 ,29 ,2
경기도 화성시 정남면(4159041000),11224 ,11224 ,331 ,649 ,1217 ,1142 ,1430 ,2349 ,2309 ,1049 ,643 ,100 ,5 ,6544 ,6544 ,169 ,349 ,756 ,770 ,928 ,1448 ,1327 ,526 ,252 ,19 ,0 ,4680 ,4680 ,162 ,300 ,461 ,372 ,502 ,901 ,982 ,523 ,391 ,81 ,5
경기도 화성시 새솔동(4159051500),25451 ,25451 ,4217 ,3022 ,2307 ,4577 ,5493 ,3399 ,1869 ,373 ,164 ,29 ,1 ,12767 ,12767 ,2103 ,1479 ,1218 ,2180 ,2891 ,1649 ,992 ,195 ,55 ,5 ,0 ,12684 ,12684 ,2114 ,1543 ,1089 ,2397 ,2602 ,1750 ,877 ,178 ,109 ,24 ,1
경기도 화성시 진안동(4159052000),49152 ,49152 ,4944 ,4175 ,7384 ,10138 ,8925 ,6735 ,4221 ,1751 ,769 ,107 ,3 ,26794 ,26794 ,2534 ,2153 ,4440 ,5803 ,5017 ,3612 ,2112 ,788 ,311 ,22 ,2 ,22358 ,22358 ,2410 ,2022 ,2944 ,4335 ,3908 ,3123 ,2109 ,963 ,458 ,85 ,1
경기도 화성시 병점1동(4159053000),36732 ,36732 ,3433 ,3685 ,6265 ,6262 ,6429 ,5175 ,3276 ,1501 ,623 ,79 ,4 ,18872 ,18872 ,1781 ,1900 ,3417 ,3359 ,3301 ,2597 ,1595 ,652 ,251 ,18 ,1 ,17860 ,17860 ,1652 ,1785 ,2848 ,2903 ,3128 ,2578 ,1681 ,849 ,372 ,61 ,3
경기도 화성시 병점2동(4159054000),23108 ,23108 ,1699 ,3716 ,3078 ,2427 ,4795 ,3765 ,1969 ,1089 ,505 ,64 ,1 ,11275 ,11275 ,859 ,1837 ,1630 ,1211 ,2264 ,1946 ,900 ,432 ,187 ,9 ,0 ,11833 ,11833 ,840 ,1879 ,1448 ,1216 ,2531 ,1819 ,1069 ,657 ,318 ,55 ,1
경기도 화성시 반월동(4159055000),36545 ,36545 ,4754 ,4567 ,3943 ,6768 ,7355 ,4660 ,3130 ,943 ,370 ,52 ,3 ,18494 ,18494 ,2418 ,2336 ,2082 ,3386 ,3809 ,2272 ,1571 ,485 ,127 ,8 ,0 ,18051 ,18051 ,2336 ,2231 ,1861 ,3382 ,3546 ,2388 ,1559 ,458 ,243 ,44 ,3
경기도 화성시 기배동(4159056000),16224 ,16224 ,1358 ,1929 ,2107 ,1972 ,2984 ,2863 ,1793 ,852 ,319 ,45 ,2 ,8231 ,8231 ,667 ,985 ,1126 ,1081 ,1505 ,1456 ,884 ,393 ,130 ,4 ,0 ,7993 ,7993 ,691 ,944 ,981 ,891 ,1479 ,1407 ,909 ,459 ,189 ,41 ,2
경기도 화성시 화산동(4159057000),24829 ,24829 ,1591 ,2198 ,3364 ,3331 ,4056 ,4399 ,3564 ,1546 ,680 ,100 ,0 ,13120 ,13120 ,804 ,1154 ,1907 ,1882 ,2229 ,2315 ,1832 ,720 ,260 ,17 ,0 ,11709 ,11709 ,787 ,1044 ,1457 ,1449 ,1827 ,2084 ,1732 ,826 ,420 ,83 ,0
경기도 화성시 동탄1동(4159058500),50471 ,50471 ,5118 ,6698 ,8041 ,8927 ,9808 ,7362 ,2927 ,1092 ,446 ,49 ,3 ,26089 ,26089 ,2580 ,3407 ,4382 ,4691 ,4855 ,3921 ,1540 ,520 ,181 ,12 ,0 ,24382 ,24382 ,2538 ,3291 ,3659 ,4236 ,4953 ,3441 ,1387 ,572 ,265 ,37 ,3
경기도 화성시 동탄2동(4159058600),34401 ,34401 ,3071 ,6565 ,3789 ,3299 ,8172 ,5481 ,2396 ,1108 ,478 ,41 ,1 ,16900 ,16900 ,1552 ,3279 ,1955 ,1551 ,3804 ,2932 ,1149 ,486 ,181 ,10 ,1 ,17501 ,17501 ,1519 ,3286 ,1834 ,1748 ,4368 ,2549 ,1247 ,622 ,297 ,31 ,0
경기도 화성시 동탄3동(4159058700),41047 ,41047 ,4436 ,5491 ,6235 ,7290 ,8431 ,4882 ,2436 ,1267 ,507 ,71 ,1 ,21193 ,21193 ,2276 ,2863 ,3464 ,3956 ,4224 ,2569 ,1102 ,515 ,206 ,18 ,0 ,19854 ,19854 ,2160 ,2628 ,2771 ,3334 ,4207 ,2313 ,1334 ,752 ,301 ,53 ,1
경기도 화성시 동탄4동(4159058800),53024 ,53024 ,7287 ,9942 ,4336 ,7265 ,13831 ,6765 ,2429 ,827 ,300 ,37 ,5 ,26345 ,26345 ,3713 ,4990 ,2198 ,3199 ,6776 ,3694 ,1279 ,383 ,109 ,3 ,1 ,26679 ,26679 ,3574 ,4952 ,2138 ,4066 ,7055 ,3071 ,1150 ,444 ,191 ,34 ,4
경기도 화성시 동탄5동(4159059000),46229 ,46229 ,5608 ,4903 ,5347 ,10469 ,9343 ,5189 ,3330 ,1406 ,553 ,76 ,5 ,23185 ,23185 ,2875 ,2504 ,2608 ,5306 ,4851 ,2627 ,1553 ,638 ,204 ,19 ,0 ,23044 ,23044 ,2733 ,2399 ,2739 ,5163 ,4492 ,2562 ,1777 ,768 ,349 ,57 ,5
경기도 화성시 동탄6동(4159060000),42734 ,42734 ,5435 ,4829 ,6217 ,8783 ,8691 ,5187 ,2374 ,828 ,337 ,52 ,1 ,21988 ,21988 ,2781 ,2469 ,3157 ,4557 ,4520 ,2789 ,1181 ,408 ,118 ,8 ,0 ,20746 ,20746 ,2654 ,2360 ,3060 ,4226 ,4171 ,2398 ,1193 ,420 ,219 ,44 ,1
경기도 화성시 동탄7동(4159061000),93737 ,93737 ,14226 ,11733 ,8812 ,19374 ,20858 ,10351 ,5768 ,1888 ,633 ,91 ,3 ,47046 ,47046 ,7288 ,5965 ,4395 ,9461 ,10816 ,5143 ,2810 ,935 ,214 ,18 ,1 ,46691 ,46691 ,6938 ,5768 ,4417 ,9913 ,10042 ,5208 ,2958 ,953 ,419 ,73 ,2
경기도 화성시 동탄8동(4159062000),33271 ,33271 ,5787 ,3470 ,2719 ,7836 ,7255 ,3222 ,2054 ,651 ,235 ,41 ,1 ,16768 ,16768 ,2969 ,1742 ,1313 ,3850 ,3931 ,1575 ,982 ,316 ,80 ,9 ,1 ,16503 ,16503 ,2818 ,1728 ,1406 ,3986 ,3324 ,1647 ,1072 ,335 ,155 ,32 ,0
경기도 화성시동부출장소 (4159200000),0 ,0 ,0 ,0 ,0 ,0 ,0 ,0 ,0 ,0 ,0 ,0 ,0 ,0 ,0 ,0 ,0 ,0 ,0 ,0 ,0 ,0 ,0 ,0 ,0 ,0 ,0 ,0 ,0 ,0 ,0 ,0 ,0 ,0 ,0 ,0 ,0 ,0 ,0
경기도 화성시동탄출장소 (4159400000),0 ,0 ,0 ,0 ,0 ,0 ,0 ,0 ,0 ,0 ,0 ,0 ,0 ,0 ,0 ,0 ,0 ,0 ,0 ,0 ,0 ,0 ,0 ,0 ,0 ,0 ,0 ,0 ,0 ,0 ,0 ,0 ,0 ,0 ,0 ,0 ,0 ,0 ,0
경기도 광주시 (4161000000),390863 ,390863 ,30974 ,35010 ,42607 ,53300 ,68724 ,66847 ,56342 ,24945 ,10651 ,1401 ,62 ,199369 ,199369 ,15796 ,17941 ,22619 ,27794 ,36133 ,34311 ,28094 ,12129 ,4242 ,295 ,15 ,191494 ,191494 ,15178 ,17069 ,19988 ,25506 ,32591 ,32536 ,28248 ,12816 ,6409 ,1106 ,47
경기도 광주시 초월읍(4161025300),48323 ,48323 ,3290 ,4936 ,5544 ,6142 ,8168 ,8779 ,6894 ,2996 ,1398 ,169 ,7 ,25076 ,25076 ,1721 ,2533 ,2951 ,3197 ,4325 ,4687 ,3623 ,1472 ,535 ,30 ,2 ,23247 ,23247 ,1569 ,2403 ,2593 ,2945 ,3843 ,4092 ,3271 ,1524 ,863 ,139 ,5
경기도 광주시 곤지암읍(4161025900),22674 ,22674 ,1161 ,1668 ,2557 ,2562 ,3323 ,4488 ,4074 ,1765 ,930 ,142 ,4 ,12172 ,12172 ,612 ,899 ,1415 ,1443 ,1821 ,2484 ,2208 ,884 ,371 ,35 ,0 ,10502 ,10502 ,549 ,769 ,1142 ,1119 ,1502 ,2004 ,1866 ,881 ,559 ,107 ,4
경기도 광주시 도척면(4161033000),9421 ,9421 ,365 ,609 ,917 ,909 ,1286 ,1870 ,1984 ,911 ,479 ,88 ,3 ,5158 ,5158 ,191 ,312 ,524 ,545 ,752 ,1034 ,1107 ,475 ,194 ,22 ,2 ,4263 ,4263 ,174 ,297 ,393 ,364 ,534 ,836 ,877 ,436 ,285 ,66 ,1
경기도 광주시 퇴촌면(4161034000),15814 ,15814 ,879 ,1302 ,1164 ,1324 ,2460 ,2720 ,3244 ,1822 ,788 ,105 ,6 ,8025 ,8025 ,429 ,694 ,639 ,701 ,1308 ,1437 ,1559 ,907 ,323 ,26 ,2 ,7789 ,7789 ,450 ,608 ,525 ,623 ,1152 ,1283 ,1685 ,915 ,465 ,79 ,4
경기도 광주시 남종면(4161035000),1460 ,1460 ,18 ,59 ,89 ,86 ,127 ,263 ,422 ,229 ,142 ,24 ,1 ,777 ,777 ,12 ,30 ,51 ,48 ,69 ,156 ,228 ,118 ,58 ,7 ,0 ,683 ,683 ,6 ,29 ,38 ,38 ,58 ,107 ,194 ,111 ,84 ,17 ,1
경기도 광주시 남한산성면(4161037000),2353 ,2353 ,119 ,150 ,164 ,184 ,291 ,394 ,527 ,310 ,178 ,33 ,3 ,1220 ,1220 ,59 ,81 ,87 ,98 ,152 ,227 ,281 ,156 ,70 ,8 ,1 ,1133 ,1133 ,60 ,69 ,77 ,86 ,139 ,167 ,246 ,154 ,108 ,25 ,2
경기도 광주시 경안동(4161051000),29240 ,29240 ,2743 ,2536 ,3539 ,4561 ,4859 ,4612 ,3783 ,1758 ,759 ,88 ,2 ,14995 ,14995 ,1424 ,1332 ,1855 ,2360 ,2557 ,2465 ,1910 ,813 ,266 ,13 ,0 ,14245 ,14245 ,1319 ,1204 ,1684 ,2201 ,2302 ,2147 ,1873 ,945 ,493 ,75 ,2
경기도 광주시 송정동(4161052000),21465 ,21465 ,1272 ,1907 ,2537 ,2590 ,3488 ,4043 ,3417 ,1530 ,608 ,71 ,2 ,10891 ,10891 ,634 ,910 ,1352 ,1400 ,1841 ,2073 ,1687 ,743 ,236 ,15 ,0 ,10574 ,10574 ,638 ,997 ,1185 ,1190 ,1647 ,1970 ,1730 ,787 ,372 ,56 ,2
경기도 광주시 쌍령동(4161054000),18119 ,18119 ,1705 ,1585 ,2137 ,2542 ,3165 ,3130 ,2458 ,969 ,383 ,42 ,3 ,9051 ,9051 ,914 ,755 ,1125 ,1281 ,1632 ,1494 ,1203 ,470 ,167 ,10 ,0 ,9068 ,9068 ,791 ,830 ,1012 ,1261 ,1533 ,1636 ,1255 ,499 ,216 ,32 ,3
경기도 광주시 탄벌동(4161055000),38632 ,38632 ,2427 ,3489 ,4641 ,4642 ,6553 ,7423 ,6126 ,2337 ,901 ,88 ,5 ,19637 ,19637 ,1189 ,1758 ,2500 ,2554 ,3339 ,3732 ,3047 ,1142 ,353 ,21 ,2 ,18995 ,18995 ,1238 ,1731 ,2141 ,2088 ,3214 ,3691 ,3079 ,1195 ,548 ,67 ,3
경기도 광주시 광남1동(4161056000),34090 ,34090 ,2325 ,2670 ,4013 ,4635 ,5708 ,6215 ,5338 ,2251 ,824 ,106 ,5 ,17409 ,17409 ,1190 ,1393 ,2108 ,2442 ,3055 ,3109 ,2640 ,1106 ,347 ,19 ,0 ,16681 ,16681 ,1135 ,1277 ,1905 ,2193 ,2653 ,3106 ,2698 ,1145 ,477 ,87 ,5
경기도 광주시 광남2동(4161057000),33523 ,33523 ,4427 ,4430 ,2803 ,4878 ,7591 ,4436 ,3031 ,1385 ,473 ,65 ,4 ,16617 ,16617 ,2221 ,2266 ,1489 ,2258 ,3818 ,2273 ,1399 ,672 ,209 ,12 ,0 ,16906 ,16906 ,2206 ,2164 ,1314 ,2620 ,3773 ,2163 ,1632 ,713 ,264 ,53 ,4
경기도 광주시 오포1동(4161058000),21503 ,21503 ,2123 ,1685 ,2002 ,3230 ,3911 ,3500 ,3052 ,1361 ,560 ,76 ,3 ,11086 ,11086 ,1092 ,870 ,1070 ,1673 ,2133 ,1807 ,1533 ,652 ,235 ,20 ,1 ,10417 ,10417 ,1031 ,815 ,932 ,1557 ,1778 ,1693 ,1519 ,709 ,325 ,56 ,2
경기도 광주시 오포2동(4161059000),34000 ,34000 ,2938 ,3898 ,3789 ,4262 ,6397 ,5820 ,4028 ,1909 ,854 ,99 ,6 ,17267 ,17267 ,1512 ,1993 ,1937 ,2159 ,3346 ,3012 ,2072 ,878 ,330 ,24 ,4 ,16733 ,16733 ,1426 ,1905 ,1852 ,2103 ,3051 ,2808 ,1956 ,1031 ,524 ,75 ,2
경기도 광주시 신현동(4161060000),36804 ,36804 ,3152 ,2396 ,4242 ,6934 ,6996 ,5564 ,4695 ,1933 ,773 ,114 ,5 ,18305 ,18305 ,1570 ,1252 ,2196 ,3625 ,3692 ,2582 ,2135 ,915 ,319 ,18 ,1 ,18499 ,18499 ,1582 ,1144 ,2046 ,3309 ,3304 ,2982 ,2560 ,1018 ,454 ,96 ,4
경기도 광주시 능평동(4161061000),23442 ,23442 ,2030 ,1690 ,2469 ,3819 ,4401 ,3590 ,3269 ,1479 ,601 ,91 ,3 ,11683 ,11683 ,1026 ,863 ,1320 ,2010 ,2293 ,1739 ,1462 ,726 ,229 ,15 ,0 ,11759 ,11759 ,1004 ,827 ,1149 ,1809 ,2108 ,1851 ,1807 ,753 ,372 ,76 ,3
경기도 양주시 (4163000000),252218 ,252218 ,20241 ,25703 ,28320 ,30888 ,41746 ,42363 ,34823 ,17735 ,9091 ,1257 ,51 ,127440 ,127440 ,10277 ,12965 ,15141 ,16028 ,21303 ,22105 ,17546 ,8295 ,3476 ,290 ,14 ,124778 ,124778 ,9964 ,12738 ,13179 ,14860 ,20443 ,20258 ,17277 ,9440 ,5615 ,967 ,37
경기도 양주시 백석읍(4163025000),25605 ,25605 ,1032 ,2278 ,2908 ,2156 ,3436 ,5050 ,4840 ,2363 ,1337 ,201 ,4 ,12952 ,12952 ,487 ,1180 ,1614 ,1170 ,1760 ,2614 ,2475 ,1115 ,503 ,34 ,0 ,12653 ,12653 ,545 ,1098 ,1294 ,986 ,1676 ,2436 ,2365 ,1248 ,834 ,167 ,4
경기도 양주시 은현면(4163031000),5526 ,5526 ,120 ,260 ,554 ,430 ,565 ,1065 ,1443 ,658 ,373 ,57 ,1 ,3144 ,3144 ,62 ,143 ,340 ,277 ,347 ,656 ,815 ,360 ,133 ,11 ,0 ,2382 ,2382 ,58 ,117 ,214 ,153 ,218 ,409 ,628 ,298 ,240 ,46 ,1
경기도 양주시 남면(4163032000),6622 ,6622 ,280 ,344 ,731 ,699 ,723 ,1135 ,1515 ,709 ,399 ,84 ,3 ,3719 ,3719 ,127 ,167 ,486 ,430 ,448 ,675 ,856 ,361 ,147 ,21 ,1 ,2903 ,2903 ,153 ,177 ,245 ,269 ,275 ,460 ,659 ,348 ,252 ,63 ,2
경기도 양주시 광적면(4163033000),11495 ,11495 ,492 ,793 ,1101 ,1086 ,1449 ,2362 ,2451 ,1082 ,600 ,76 ,3 ,6243 ,6243 ,254 ,423 ,651 ,635 ,812 ,1332 ,1336 ,537 ,241 ,22 ,0 ,5252 ,5252 ,238 ,370 ,450 ,451 ,637 ,1030 ,1115 ,545 ,359 ,54 ,3
경기도 양주시 장흥면(4163034000),11682 ,11682 ,523 ,498 ,1133 ,1212 ,1292 ,2015 ,2571 ,1445 ,823 ,163 ,7 ,5983 ,5983 ,293 ,261 ,667 ,676 ,717 ,1036 ,1251 ,728 ,321 ,30 ,3 ,5699 ,5699 ,230 ,237 ,466 ,536 ,575 ,979 ,1320 ,717 ,502 ,133 ,4
경기도 양주시 양주1동(4163051000),4867 ,4867 ,144 ,264 ,432 ,420 ,487 ,886 ,1157 ,626 ,387 ,63 ,1 ,2538 ,2538 ,69 ,142 ,240 ,239 ,270 ,483 ,642 ,293 ,147 ,13 ,0 ,2329 ,2329 ,75 ,122 ,192 ,181 ,217 ,403 ,515 ,333 ,240 ,50 ,1
경기도 양주시 양주2동(4163052000),51015 ,51015 ,3944 ,6835 ,5723 ,4813 ,9711 ,8580 ,5888 ,3628 ,1673 ,208 ,12 ,24994 ,24994 ,1986 ,3452 ,2920 ,2438 ,4735 ,4433 ,2695 ,1609 ,667 ,57 ,2 ,26021 ,26021 ,1958 ,3383 ,2803 ,2375 ,4976 ,4147 ,3193 ,2019 ,1006 ,151 ,10
경기도 양주시 회천1동(4163053000),9376 ,9376 ,598 ,666 ,1348 ,1170 ,1240 ,1657 ,1534 ,730 ,395 ,35 ,3 ,4970 ,4970 ,314 ,356 ,779 ,656 ,654 ,883 ,823 ,341 ,157 ,6 ,1 ,4406 ,4406 ,284 ,310 ,569 ,514 ,586 ,774 ,711 ,389 ,238 ,29 ,2
경기도 양주시 회천2동(4163054000),31305 ,31305 ,2245 ,2708 ,3820 ,4178 ,4602 ,5717 ,4722 ,2143 ,1067 ,99 ,4 ,15748 ,15748 ,1163 ,1388 ,1960 ,2214 ,2351 ,2897 ,2385 ,955 ,409 ,24 ,2 ,15557 ,15557 ,1082 ,1320 ,1860 ,1964 ,2251 ,2820 ,2337 ,1188 ,658 ,75 ,2
경기도 양주시 회천3동(4163055000),26157 ,26157 ,1795 ,3037 ,3643 ,2780 ,4198 ,4926 ,2933 ,1674 ,1030 ,134 ,7 ,12960 ,12960 ,935 ,1525 ,1920 ,1451 ,2019 ,2537 ,1460 ,676 ,393 ,41 ,3 ,13197 ,13197 ,860 ,1512 ,1723 ,1329 ,2179 ,2389 ,1473 ,998 ,637 ,93 ,4
경기도 양주시 회천4동(4163056000),68568 ,68568 ,9068 ,8020 ,6927 ,11944 ,14043 ,8970 ,5769 ,2677 ,1007 ,137 ,6 ,34189 ,34189 ,4587 ,3928 ,3564 ,5842 ,7190 ,4559 ,2808 ,1320 ,358 ,31 ,2 ,34379 ,34379 ,4481 ,4092 ,3363 ,6102 ,6853 ,4411 ,2961 ,1357 ,649 ,106 ,4
경기도 포천시 (4165000000),145373 ,145373 ,7060 ,10942 ,16714 ,14061 ,18212 ,28184 ,28887 ,12704 ,7453 ,1117 ,39 ,77027 ,77027 ,3659 ,5735 ,9539 ,7985 ,9788 ,15440 ,15765 ,6108 ,2726 ,271 ,11 ,68346 ,68346 ,3401 ,5207 ,7175 ,6076 ,8424 ,12744 ,13122 ,6596 ,4727 ,846 ,28
경기도 포천시 소흘읍(4165025000),43947 ,43947 ,2399 ,4504 ,5639 ,4170 ,6417 ,9038 ,7304 ,2751 ,1461 ,251 ,13 ,22406 ,22406 ,1242 ,2350 ,3029 ,2147 ,3181 ,4721 ,3848 ,1315 ,523 ,49 ,1 ,21541 ,21541 ,1157 ,2154 ,2610 ,2023 ,3236 ,4317 ,3456 ,1436 ,938 ,202 ,12
경기도 포천시 군내면(4165031000),8380 ,8380 ,488 ,516 ,830 ,1028 ,1039 ,1495 ,1724 ,751 ,430 ,78 ,1 ,4545 ,4545 ,266 ,251 ,491 ,587 ,573 ,845 ,966 ,389 ,159 ,18 ,0 ,3835 ,3835 ,222 ,265 ,339 ,441 ,466 ,650 ,758 ,362 ,271 ,60 ,1
경기도 포천시 내촌면(4165032000),4457 ,4457 ,80 ,145 ,392 ,324 ,427 ,1012 ,1212 ,515 ,305 ,44 ,1 ,2608 ,2608 ,49 ,77 ,250 ,212 ,277 ,610 ,731 ,264 ,123 ,14 ,1 ,1849 ,1849 ,31 ,68 ,142 ,112 ,150 ,402 ,481 ,251 ,182 ,30 ,0
경기도 포천시 가산면(4165033000),7355 ,7355 ,165 ,344 ,648 ,559 ,764 ,1714 ,1912 ,712 ,465 ,71 ,1 ,4335 ,4335 ,81 ,182 ,401 ,320 ,512 ,1078 ,1172 ,382 ,190 ,16 ,1 ,3020 ,3020 ,84 ,162 ,247 ,239 ,252 ,636 ,740 ,330 ,275 ,55 ,0
경기도 포천시 신북면(4165034000),12083 ,12083 ,533 ,815 ,1290 ,1132 ,1444 ,2376 ,2699 ,1090 ,608 ,93 ,3 ,6673 ,6673 ,279 ,461 ,750 ,694 ,803 ,1368 ,1520 ,545 ,230 ,23 ,0 ,5410 ,5410 ,254 ,354 ,540 ,438 ,641 ,1008 ,1179 ,545 ,378 ,70 ,3
경기도 포천시 창수면(4165035000),2058 ,2058 ,33 ,64 ,160 ,94 ,157 ,366 ,604 ,321 ,236 ,23 ,0 ,1143 ,1143 ,19 ,40 ,110 ,63 ,86 ,229 ,337 ,160 ,89 ,10 ,0 ,915 ,915 ,14 ,24 ,50 ,31 ,71 ,137 ,267 ,161 ,147 ,13 ,0
경기도 포천시 영중면(4165036000),4697 ,4697 ,136 ,218 ,362 ,266 ,437 ,887 ,1240 ,665 ,434 ,51 ,1 ,2518 ,2518 ,73 ,112 ,201 ,154 ,265 ,519 ,698 ,306 ,170 ,20 ,0 ,2179 ,2179 ,63 ,106 ,161 ,112 ,172 ,368 ,542 ,359 ,264 ,31 ,1
경기도 포천시 일동면(4165037000),9262 ,9262 ,386 ,652 ,927 ,810 ,1115 ,1468 ,2016 ,1110 ,657 ,118 ,3 ,4884 ,4884 ,203 ,359 ,559 ,502 ,630 ,807 ,1046 ,519 ,232 ,27 ,0 ,4378 ,4378 ,183 ,293 ,368 ,308 ,485 ,661 ,970 ,591 ,425 ,91 ,3
경기도 포천시 이동면(4165038000),5827 ,5827 ,425 ,288 ,693 ,858 ,546 ,749 ,1171 ,679 ,376 ,41 ,1 ,3170 ,3170 ,201 ,142 ,472 ,533 ,332 ,405 ,612 ,321 ,140 ,12 ,0 ,2657 ,2657 ,224 ,146 ,221 ,325 ,214 ,344 ,559 ,358 ,236 ,29 ,1
경기도 포천시 영북면(4165039000),8003 ,8003 ,522 ,413 ,920 ,929 ,807 ,1131 ,1621 ,914 ,651 ,93 ,2 ,4317 ,4317 ,269 ,213 ,627 ,579 ,476 ,641 ,844 ,407 ,231 ,29 ,1 ,3686 ,3686 ,253 ,200 ,293 ,350 ,331 ,490 ,777 ,507 ,420 ,64 ,1
경기도 포천시 관인면(4165040000),2594 ,2594 ,30 ,108 ,191 ,120 ,194 ,467 ,707 ,465 ,276 ,32 ,4 ,1349 ,1349 ,14 ,46 ,121 ,81 ,116 ,256 ,379 ,226 ,103 ,5 ,2 ,1245 ,1245 ,16 ,62 ,70 ,39 ,78 ,211 ,328 ,239 ,173 ,27 ,2
경기도 포천시 화현면(4165041000),2622 ,2622 ,183 ,127 ,239 ,333 ,254 ,379 ,584 ,282 ,211 ,29 ,1 ,1391 ,1391 ,91 ,57 ,133 ,192 ,144 ,213 ,333 ,151 ,75 ,2 ,0 ,1231 ,1231 ,92 ,70 ,106 ,141 ,110 ,166 ,251 ,131 ,136 ,27 ,1
경기도 포천시 포천동(4165051000),19372 ,19372 ,1065 ,1727 ,2542 ,2051 ,2547 ,3819 ,3301 ,1430 ,782 ,104 ,4 ,9763 ,9763 ,552 ,904 ,1357 ,1135 ,1244 ,1937 ,1711 ,640 ,260 ,20 ,3 ,9609 ,9609 ,513 ,823 ,1185 ,916 ,1303 ,1882 ,1590 ,790 ,522 ,84 ,1
경기도 포천시 선단동(4165052000),14716 ,14716 ,615 ,1021 ,1881 ,1387 ,2064 ,3283 ,2792 ,1019 ,561 ,89 ,4 ,7925 ,7925 ,320 ,541 ,1038 ,786 ,1149 ,1811 ,1568 ,483 ,201 ,26 ,2 ,6791 ,6791 ,295 ,480 ,843 ,601 ,915 ,1472 ,1224 ,536 ,360 ,63 ,2
경기도 여주시 (4167000000),113375 ,113375 ,6426 ,9384 ,11394 ,11043 ,15632 ,19984 ,21286 ,11079 ,6151 ,968 ,28 ,57693 ,57693 ,3308 ,4871 ,6203 ,5895 ,8011 ,10483 ,10911 ,5408 ,2365 ,237 ,1 ,55682 ,55682 ,3118 ,4513 ,5191 ,5148 ,7621 ,9501 ,10375 ,5671 ,3786 ,731 ,27
경기도 여주시 가남읍(4167025000),14734 ,14734 ,748 ,1130 ,1486 ,1553 ,2053 ,2618 ,2806 ,1443 ,786 ,109 ,2 ,7694 ,7694 ,389 ,583 ,832 ,892 ,1094 ,1420 ,1434 ,704 ,315 ,31 ,0 ,7040 ,7040 ,359 ,547 ,654 ,661 ,959 ,1198 ,1372 ,739 ,471 ,78 ,2
경기도 여주시 점동면(4167031000),4796 ,4796 ,179 ,259 ,380 ,299 ,414 ,856 ,1185 ,721 ,418 ,80 ,5 ,2480 ,2480 ,108 ,140 ,220 ,177 ,224 ,455 ,611 ,375 ,148 ,22 ,0 ,2316 ,2316 ,71 ,119 ,160 ,122 ,190 ,401 ,574 ,346 ,270 ,58 ,5
경기도 여주시 흥천면(4167032000),5073 ,5073 ,154 ,252 ,370 ,323 ,492 ,858 ,1333 ,783 ,435 ,71 ,2 ,2683 ,2683 ,86 ,143 ,217 ,188 ,282 ,474 ,701 ,405 ,168 ,19 ,0 ,2390 ,2390 ,68 ,109 ,153 ,135 ,210 ,384 ,632 ,378 ,267 ,52 ,2
경기도 여주시 금사면(4167033000),2956 ,2956 ,75 ,135 ,173 ,183 ,246 ,515 ,843 ,473 ,263 ,50 ,0 ,1510 ,1510 ,35 ,62 ,102 ,98 ,129 ,280 ,453 ,237 ,103 ,11 ,0 ,1446 ,1446 ,40 ,73 ,71 ,85 ,117 ,235 ,390 ,236 ,160 ,39 ,0
경기도 여주시 세종대왕면(4167034500),6069 ,6069 ,205 ,370 ,461 ,433 ,644 ,998 ,1476 ,857 ,533 ,91 ,1 ,3152 ,3152 ,108 ,173 ,276 ,235 ,372 ,556 ,778 ,435 ,204 ,15 ,0 ,2917 ,2917 ,97 ,197 ,185 ,198 ,272 ,442 ,698 ,422 ,329 ,76 ,1
경기도 여주시 대신면(4167035000),6771 ,6771 ,154 ,360 ,531 ,401 ,557 ,1161 ,1792 ,1014 ,689 ,108 ,4 ,3521 ,3521 ,69 ,204 ,313 ,236 ,306 ,641 ,944 ,499 ,276 ,33 ,0 ,3250 ,3250 ,85 ,156 ,218 ,165 ,251 ,520 ,848 ,515 ,413 ,75 ,4
경기도 여주시 북내면(4167036000),4801 ,4801 ,117 ,305 ,373 ,282 ,497 ,931 ,1161 ,611 ,452 ,70 ,2 ,2522 ,2522 ,69 ,189 ,213 ,155 ,268 ,529 ,620 ,289 ,171 ,18 ,1 ,2279 ,2279 ,48 ,116 ,160 ,127 ,229 ,402 ,541 ,322 ,281 ,52 ,1
경기도 여주시 강천면(4167037000),4330 ,4330 ,92 ,254 ,329 ,273 ,423 ,911 ,1058 ,602 ,322 ,65 ,1 ,2253 ,2253 ,48 ,134 ,183 ,149 ,234 ,494 ,554 ,305 ,135 ,17 ,0 ,2077 ,2077 ,44 ,120 ,146 ,124 ,189 ,417 ,504 ,297 ,187 ,48 ,1
경기도 여주시 산북면(4167038000),2604 ,2604 ,95 ,238 ,166 ,172 ,240 ,405 ,651 ,375 ,226 ,34 ,2 ,1326 ,1326 ,39 ,111 ,93 ,99 ,126 ,222 ,339 ,188 ,96 ,13 ,0 ,1278 ,1278 ,56 ,127 ,73 ,73 ,114 ,183 ,312 ,187 ,130 ,21 ,2
경기도 여주시 여흥동(4167051000),21405 ,21405 ,1164 ,1838 ,2614 ,2261 ,3277 ,3860 ,3660 ,1728 ,879 ,121 ,3 ,10714 ,10714 ,604 ,945 ,1376 ,1193 ,1644 ,1932 ,1828 ,833 ,334 ,25 ,0 ,10691 ,10691 ,560 ,893 ,1238 ,1068 ,1633 ,1928 ,1832 ,895 ,545 ,96 ,3
경기도 여주시 중앙동(4167052000),21387 ,21387 ,1719 ,2353 ,2536 ,2493 ,3519 ,3763 ,2886 ,1382 ,640 ,95 ,1 ,10677 ,10677 ,874 ,1218 ,1352 ,1278 ,1712 ,1937 ,1416 ,629 ,243 ,18 ,0 ,10710 ,10710 ,845 ,1135 ,1184 ,1215 ,1807 ,1826 ,1470 ,753 ,397 ,77 ,1
경기도 여주시 오학동(4167053000),18449 ,18449 ,1724 ,1890 ,1975 ,2370 ,3270 ,3108 ,2435 ,1090 ,508 ,74 ,5 ,9161 ,9161 ,879 ,969 ,1026 ,1195 ,1620 ,1543 ,1233 ,509 ,172 ,15 ,0 ,9288 ,9288 ,845 ,921 ,949 ,1175 ,1650 ,1565 ,1202 ,581 ,336 ,59 ,5
경기도 연천군 (4180000000),41744 ,41744 ,2188 ,2853 ,4688 ,3960 ,4410 ,6650 ,8515 ,4833 ,3197 ,434 ,16 ,21929 ,21929 ,1120 ,1497 ,2988 ,2325 ,2382 ,3612 ,4457 ,2265 ,1161 ,116 ,6 ,19815 ,19815 ,1068 ,1356 ,1700 ,1635 ,2028 ,3038 ,4058 ,2568 ,2036 ,318 ,10
경기도 연천군 연천읍(4180025000),7325 ,7325 ,595 ,389 ,990 ,983 ,693 ,999 ,1212 ,798 ,584 ,76 ,6 ,3945 ,3945 ,300 ,215 ,679 ,591 ,384 ,567 ,640 ,347 ,198 ,21 ,3 ,3380 ,3380 ,295 ,174 ,311 ,392 ,309 ,432 ,572 ,451 ,386 ,55 ,3
경기도 연천군 전곡읍(4180025300),18444 ,18444 ,1208 ,1780 ,2115 ,2031 ,2435 ,3030 ,3164 ,1556 ,953 ,164 ,8 ,9431 ,9431 ,618 ,924 ,1205 ,1140 ,1228 ,1577 ,1616 ,742 ,327 ,51 ,3 ,9013 ,9013 ,590 ,856 ,910 ,891 ,1207 ,1453 ,1548 ,814 ,626 ,113 ,5
경기도 연천군 군남면(4180031000),3051 ,3051 ,69 ,142 ,293 ,169 ,251 ,499 ,782 ,468 ,349 ,28 ,1 ,1630 ,1630 ,36 ,71 ,204 ,111 ,143 ,280 ,430 ,226 ,120 ,9 ,0 ,1421 ,1421 ,33 ,71 ,89 ,58 ,108 ,219 ,352 ,242 ,229 ,19 ,1
경기도 연천군 청산면(4180032000),4232 ,4232 ,123 ,186 ,590 ,256 ,392 ,713 ,1053 ,538 ,338 ,42 ,1 ,2291 ,2291 ,58 ,101 ,426 ,166 ,239 ,388 ,546 ,239 ,116 ,12 ,0 ,1941 ,1941 ,65 ,85 ,164 ,90 ,153 ,325 ,507 ,299 ,222 ,30 ,1
경기도 연천군 백학면(4180033000),2517 ,2517 ,63 ,125 ,185 ,159 ,209 ,440 ,648 ,382 ,281 ,25 ,0 ,1338 ,1338 ,31 ,70 ,119 ,99 ,119 ,247 ,344 ,181 ,122 ,6 ,0 ,1179 ,1179 ,32 ,55 ,66 ,60 ,90 ,193 ,304 ,201 ,159 ,19 ,0
경기도 연천군 미산면(4180034000),1710 ,1710 ,43 ,56 ,103 ,125 ,105 ,298 ,524 ,271 ,155 ,30 ,0 ,936 ,936 ,25 ,31 ,60 ,75 ,70 ,170 ,296 ,135 ,69 ,5 ,0 ,774 ,774 ,18 ,25 ,43 ,50 ,35 ,128 ,228 ,136 ,86 ,25 ,0
경기도 연천군 왕징면(4180035000),1016 ,1016 ,20 ,49 ,65 ,59 ,74 ,150 ,244 ,206 ,134 ,15 ,0 ,547 ,547 ,11 ,30 ,42 ,38 ,49 ,86 ,124 ,102 ,63 ,2 ,0 ,469 ,469 ,9 ,19 ,23 ,21 ,25 ,64 ,120 ,104 ,71 ,13 ,0
경기도 연천군 신서면(4180036000),2557 ,2557 ,46 ,89 ,269 ,120 ,190 ,373 ,652 ,473 ,303 ,42 ,0 ,1347 ,1347 ,24 ,41 ,195 ,78 ,116 ,225 ,333 ,222 ,104 ,9 ,0 ,1210 ,1210 ,22 ,48 ,74 ,42 ,74 ,148 ,319 ,251 ,199 ,33 ,0
경기도 연천군 중면(4180037000),172 ,172 ,3 ,10 ,23 ,17 ,12 ,24 ,46 ,20 ,15 ,2 ,0 ,98 ,98 ,1 ,7 ,20 ,9 ,5 ,12 ,28 ,11 ,5 ,0 ,0 ,74 ,74 ,2 ,3 ,3 ,8 ,7 ,12 ,18 ,9 ,10 ,2 ,0
경기도 연천군 장남면(4180038000),720 ,720 ,18 ,27 ,55 ,41 ,49 ,124 ,190 ,121 ,85 ,10 ,0 ,366 ,366 ,16 ,7 ,38 ,18 ,29 ,60 ,100 ,60 ,37 ,1 ,0 ,354 ,354 ,2 ,20 ,17 ,23 ,20 ,64 ,90 ,61 ,48 ,9 ,0
경기도 가평군 (4182000000),61915 ,61915 ,2825 ,4395 ,5793 ,5325 ,7521 ,10730 ,13483 ,7187 ,4075 ,561 ,20 ,31961 ,31961 ,1432 ,2248 ,3370 ,2926 ,4010 ,5729 ,6961 ,3509 ,1613 ,157 ,6 ,29954 ,29954 ,1393 ,2147 ,2423 ,2399 ,3511 ,5001 ,6522 ,3678 ,2462 ,404 ,14
경기도 가평군 가평읍(4182025000),19547 ,19547 ,984 ,1678 ,2072 ,1773 ,2613 ,3395 ,3651 ,1981 ,1232 ,161 ,7 ,9933 ,9933 ,505 ,892 ,1165 ,928 ,1368 ,1804 ,1839 ,928 ,464 ,39 ,1 ,9614 ,9614 ,479 ,786 ,907 ,845 ,1245 ,1591 ,1812 ,1053 ,768 ,122 ,6
경기도 가평군 설악면(4182031000),9630 ,9630 ,456 ,755 ,827 ,794 ,1055 ,1582 ,2278 ,1139 ,628 ,114 ,2 ,4969 ,4969 ,222 ,355 ,461 ,456 ,549 ,845 ,1189 ,598 ,260 ,33 ,1 ,4661 ,4661 ,234 ,400 ,366 ,338 ,506 ,737 ,1089 ,541 ,368 ,81 ,1
경기도 가평군 청평면(4182032500),13825 ,13825 ,538 ,900 ,1221 ,1068 ,1765 ,2567 ,2956 ,1740 ,933 ,131 ,6 ,7076 ,7076 ,271 ,438 ,713 ,578 ,956 ,1382 ,1512 ,807 ,379 ,37 ,3 ,6749 ,6749 ,267 ,462 ,508 ,490 ,809 ,1185 ,1444 ,933 ,554 ,94 ,3
경기도 가평군 상면(4182033000),5586 ,5586 ,129 ,225 ,455 ,380 ,536 ,1031 ,1558 ,809 ,409 ,53 ,1 ,2966 ,2966 ,63 ,132 ,310 ,224 ,289 ,540 ,815 ,409 ,165 ,19 ,0 ,2620 ,2620 ,66 ,93 ,145 ,156 ,247 ,491 ,743 ,400 ,244 ,34 ,1
경기도 가평군 조종면(4182034500),9496 ,9496 ,607 ,657 ,990 ,1092 ,1169 ,1518 ,1957 ,938 ,513 ,52 ,3 ,5034 ,5034 ,316 ,349 ,578 ,623 ,626 ,793 ,1048 ,477 ,207 ,16 ,1 ,4462 ,4462 ,291 ,308 ,412 ,469 ,543 ,725 ,909 ,461 ,306 ,36 ,2
경기도 가평군 북면(4182035000),3831 ,3831 ,111 ,180 ,228 ,218 ,383 ,637 ,1083 ,580 ,360 ,50 ,1 ,1983 ,1983 ,55 ,82 ,143 ,117 ,222 ,365 ,558 ,290 ,138 ,13 ,0 ,1848 ,1848 ,56 ,98 ,85 ,101 ,161 ,272 ,525 ,290 ,222 ,37 ,1
경기도 양평군 (4183000000),122767 ,122767 ,6510 ,9822 ,9914 ,10324 ,16018 ,21055 ,26204 ,14345 ,7410 ,1134 ,31 ,61734 ,61734 ,3343 ,5184 ,5503 ,5394 ,8040 ,10759 ,13129 ,7122 ,2987 ,269 ,4 ,61033 ,61033 ,3167 ,4638 ,4411 ,4930 ,7978 ,10296 ,13075 ,7223 ,4423 ,865 ,27
경기도 양평군 양평읍(4183025000),32972 ,32972 ,2137 ,3365 ,3574 ,3314 ,5027 ,5735 ,5442 ,2741 ,1429 ,203 ,5 ,16484 ,16484 ,1072 ,1719 ,1952 ,1730 ,2400 ,2938 ,2732 ,1344 ,549 ,48 ,0 ,16488 ,16488 ,1065 ,1646 ,1622 ,1584 ,2627 ,2797 ,2710 ,1397 ,880 ,155 ,5
경기도 양평군 강상면(4183031000),10231 ,10231 ,799 ,914 ,745 ,993 ,1599 ,1572 ,1967 ,1071 ,496 ,74 ,1 ,5095 ,5095 ,390 ,495 ,383 ,505 ,785 ,795 ,962 ,553 ,205 ,22 ,0 ,5136 ,5136 ,409 ,419 ,362 ,488 ,814 ,777 ,1005 ,518 ,291 ,52 ,1
경기도 양평군 강하면(4183032000),4887 ,4887 ,157 ,232 ,314 ,340 ,461 ,855 ,1410 ,762 ,307 ,47 ,2 ,2460 ,2460 ,88 ,127 ,181 ,186 ,234 ,419 ,688 ,400 ,128 ,8 ,1 ,2427 ,2427 ,69 ,105 ,133 ,154 ,227 ,436 ,722 ,362 ,179 ,39 ,1
경기도 양평군 양서면(4183033000),13928 ,13928 ,667 ,1026 ,1140 ,1129 ,1721 ,2495 ,3062 ,1733 ,831 ,120 ,4 ,6926 ,6926 ,355 ,534 ,620 ,568 ,871 ,1222 ,1506 ,845 ,365 ,39 ,1 ,7002 ,7002 ,312 ,492 ,520 ,561 ,850 ,1273 ,1556 ,888 ,466 ,81 ,3
경기도 양평군 옥천면(4183034000),8274 ,8274 ,421 ,605 ,662 ,734 ,1039 ,1436 ,1847 ,984 ,476 ,68 ,2 ,4230 ,4230 ,209 ,322 ,410 ,399 ,551 ,728 ,923 ,484 ,188 ,16 ,0 ,4044 ,4044 ,212 ,283 ,252 ,335 ,488 ,708 ,924 ,500 ,288 ,52 ,2
경기도 양평군 서종면(4183035000),10064 ,10064 ,551 ,887 ,590 ,786 ,1465 ,1797 ,2283 ,1170 ,458 ,77 ,0 ,5019 ,5019 ,275 ,470 ,336 ,385 ,702 ,937 ,1101 ,602 ,194 ,17 ,0 ,5045 ,5045 ,276 ,417 ,254 ,401 ,763 ,860 ,1182 ,568 ,264 ,60 ,0
경기도 양평군 단월면(4183036000),3940 ,3940 ,108 ,234 ,215 ,243 ,386 ,667 ,1085 ,605 ,341 ,55 ,1 ,2030 ,2030 ,59 ,122 ,132 ,143 ,221 ,336 ,570 ,305 ,131 ,11 ,0 ,1910 ,1910 ,49 ,112 ,83 ,100 ,165 ,331 ,515 ,300 ,210 ,44 ,1
경기도 양평군 청운면(4183037000),3822 ,3822 ,86 ,150 ,201 ,193 ,338 ,638 ,1086 ,647 ,423 ,58 ,2 ,1971 ,1971 ,52 ,86 ,119 ,109 ,194 ,348 ,555 ,328 ,165 ,15 ,0 ,1851 ,1851 ,34 ,64 ,82 ,84 ,144 ,290 ,531 ,319 ,258 ,43 ,2
경기도 양평군 양동면(4183038000),4587 ,4587 ,118 ,198 ,255 ,254 ,383 ,812 ,1286 ,741 ,450 ,85 ,5 ,2328 ,2328 ,73 ,102 ,153 ,135 ,225 ,426 ,651 ,367 ,183 ,12 ,1 ,2259 ,2259 ,45 ,96 ,102 ,119 ,158 ,386 ,635 ,374 ,267 ,73 ,4
경기도 양평군 지평면(4183039500),6965 ,6965 ,206 ,364 ,418 ,394 ,645 ,1189 ,1895 ,1082 ,646 ,121 ,5 ,3542 ,3542 ,113 ,225 ,217 ,210 ,357 ,606 ,1000 ,541 ,241 ,31 ,1 ,3423 ,3423 ,93 ,139 ,201 ,184 ,288 ,583 ,895 ,541 ,405 ,90 ,4
경기도 양평군 용문면(4183040000),17864 ,17864 ,1067 ,1536 ,1445 ,1583 ,2360 ,2978 ,3536 ,2035 ,1146 ,175 ,3 ,9014 ,9014 ,569 ,815 ,802 ,838 ,1187 ,1531 ,1780 ,980 ,470 ,42 ,0 ,8850 ,8850 ,498 ,721 ,643 ,745 ,1173 ,1447 ,1756 ,1055 ,676 ,133 ,3
경기도 양평군 개군면(4183041000),5233 ,5233 ,193 ,311 ,355 ,361 ,594 ,881 ,1305 ,774 ,407 ,51 ,1 ,2635 ,2635 ,88 ,167 ,198 ,186 ,313 ,473 ,661 ,373 ,168 ,8 ,0 ,2598 ,2598 ,105 ,144 ,157 ,175 ,281 ,408 ,644 ,401 ,239 ,43 ,1
강원도  (4200000000),1533356 ,1533356 ,94214 ,130961 ,167320 ,159324 ,213609 ,260563 ,272371 ,139205 ,83111 ,12305 ,373 ,771382 ,771382 ,48316 ,68024 ,93753 ,84696 ,108880 ,134492 ,136451 ,63865 ,30133 ,2687 ,85 ,761974 ,761974 ,45898 ,62937 ,73567 ,74628 ,104729 ,126071 ,135920 ,75340 ,52978 ,9618 ,288
동해출장소  (4210500000),0 ,0 ,0 ,0 ,0 ,0 ,0 ,0 ,0 ,0 ,0 ,0 ,0 ,0 ,0 ,0 ,0 ,0 ,0 ,0 ,0 ,0 ,0 ,0 ,0 ,0 ,0 ,0 ,0 ,0 ,0 ,0 ,0 ,0 ,0 ,0 ,0 ,0 ,0
강원도 춘천시 (4211000000),286743 ,286743 ,19611 ,26255 ,37373 ,34251 ,41388 ,46609 ,43851 ,21579 ,13711 ,2050 ,65 ,141519 ,141519 ,10049 ,13572 ,19934 ,17752 ,20384 ,23415 ,21292 ,9602 ,4988 ,510 ,21 ,145224 ,145224 ,9562 ,12683 ,17439 ,16499 ,21004 ,23194 ,22559 ,11977 ,8723 ,1540 ,44
강원도 춘천시 신북읍(4211025000),7301 ,7301 ,254 ,389 ,629 ,613 ,786 ,1280 ,1620 ,899 ,711 ,115 ,5 ,3654 ,3654 ,115 ,200 ,373 ,335 ,428 ,676 ,832 ,401 ,258 ,35 ,1 ,3647 ,3647 ,139 ,189 ,256 ,278 ,358 ,604 ,788 ,498 ,453 ,80 ,4
강원도 춘천시 동면(4211031000),19282 ,19282 ,1652 ,2532 ,1899 ,1992 ,3451 ,3058 ,2850 ,1108 ,611 ,125 ,4 ,9531 ,9531 ,856 ,1324 ,1023 ,947 ,1674 ,1580 ,1393 ,508 ,204 ,21 ,1 ,9751 ,9751 ,796 ,1208 ,876 ,1045 ,1777 ,1478 ,1457 ,600 ,407 ,104 ,3
강원도 춘천시 동산면(4211032000),1442 ,1442 ,21 ,51 ,96 ,87 ,106 ,213 ,451 ,218 ,179 ,19 ,1 ,774 ,774 ,7 ,28 ,58 ,60 ,63 ,122 ,258 ,104 ,69 ,5 ,0 ,668 ,668 ,14 ,23 ,38 ,27 ,43 ,91 ,193 ,114 ,110 ,14 ,1
강원도 춘천시 신동면(4211033000),2587 ,2587 ,96 ,134 ,207 ,174 ,258 ,466 ,668 ,291 ,256 ,36 ,1 ,1343 ,1343 ,51 ,64 ,127 ,94 ,147 ,266 ,337 ,152 ,97 ,8 ,0 ,1244 ,1244 ,45 ,70 ,80 ,80 ,111 ,200 ,331 ,139 ,159 ,28 ,1
강원도 춘천시 남면(4211034000),1079 ,1079 ,18 ,27 ,43 ,58 ,81 ,186 ,316 ,191 ,130 ,29 ,0 ,586 ,586 ,13 ,20 ,23 ,34 ,46 ,116 ,164 ,106 ,55 ,9 ,0 ,493 ,493 ,5 ,7 ,20 ,24 ,35 ,70 ,152 ,85 ,75 ,20 ,0
강원도 춘천시 서면(4211035000),3699 ,3699 ,83 ,142 ,202 ,206 ,294 ,627 ,1062 ,588 ,410 ,82 ,3 ,1903 ,1903 ,37 ,89 ,115 ,108 ,171 ,355 ,563 ,297 ,149 ,19 ,0 ,1796 ,1796 ,46 ,53 ,87 ,98 ,123 ,272 ,499 ,291 ,261 ,63 ,3
강원도 춘천시 사북면(4211036000),2415 ,2415 ,54 ,119 ,148 ,104 ,173 ,391 ,754 ,364 ,267 ,40 ,1 ,1196 ,1196 ,27 ,60 ,97 ,56 ,83 ,192 ,390 ,195 ,88 ,7 ,1 ,1219 ,1219 ,27 ,59 ,51 ,48 ,90 ,199 ,364 ,169 ,179 ,33 ,0
강원도 춘천시 북산면(4211038000),975 ,975 ,10 ,16 ,29 ,33 ,57 ,182 ,314 ,201 ,120 ,13 ,0 ,545 ,545 ,6 ,8 ,15 ,26 ,35 ,106 ,188 ,107 ,52 ,2 ,0 ,430 ,430 ,4 ,8 ,14 ,7 ,22 ,76 ,126 ,94 ,68 ,11 ,0
강원도 춘천시 동내면(4211039000),16833 ,16833 ,1101 ,1603 ,2014 ,2096 ,2682 ,2801 ,2587 ,1132 ,693 ,121 ,3 ,8399 ,8399 ,583 ,797 ,1038 ,1118 ,1328 ,1442 ,1284 ,517 ,261 ,30 ,1 ,8434 ,8434 ,518 ,806 ,976 ,978 ,1354 ,1359 ,1303 ,615 ,432 ,91 ,2
강원도 춘천시 남산면(4211040000),3348 ,3348 ,69 ,118 ,187 ,211 ,323 ,588 ,952 ,530 ,317 ,52 ,1 ,1759 ,1759 ,42 ,67 ,106 ,127 ,190 ,321 ,503 ,269 ,120 ,14 ,0 ,1589 ,1589 ,27 ,51 ,81 ,84 ,133 ,267 ,449 ,261 ,197 ,38 ,1
강원도 춘천시 교동(4211052000),3633 ,3633 ,93 ,169 ,1024 ,411 ,341 ,466 ,532 ,363 ,206 ,28 ,0 ,1887 ,1887 ,53 ,91 ,575 ,235 ,176 ,250 ,252 ,175 ,70 ,10 ,0 ,1746 ,1746 ,40 ,78 ,449 ,176 ,165 ,216 ,280 ,188 ,136 ,18 ,0
강원도 춘천시 조운동(4211053000),2562 ,2562 ,62 ,110 ,340 ,263 ,298 ,399 ,527 ,302 ,224 ,36 ,1 ,1261 ,1261 ,35 ,57 ,178 ,141 ,167 ,216 ,261 ,128 ,74 ,3 ,1 ,1301 ,1301 ,27 ,53 ,162 ,122 ,131 ,183 ,266 ,174 ,150 ,33 ,0
강원도 춘천시 약사명동(4211054500),5414 ,5414 ,529 ,398 ,592 ,957 ,805 ,735 ,719 ,402 ,236 ,40 ,1 ,2632 ,2632 ,263 ,205 ,305 ,483 ,414 ,380 ,335 ,154 ,86 ,7 ,0 ,2782 ,2782 ,266 ,193 ,287 ,474 ,391 ,355 ,384 ,248 ,150 ,33 ,1
강원도 춘천시 근화동(4211057000),8563 ,8563 ,815 ,653 ,1023 ,1553 ,1078 ,1141 ,1168 ,610 ,462 ,57 ,3 ,4275 ,4275 ,414 ,363 ,493 ,826 ,561 ,621 ,590 ,232 ,155 ,17 ,3 ,4288 ,4288 ,401 ,290 ,530 ,727 ,517 ,520 ,578 ,378 ,307 ,40 ,0
강원도 춘천시 소양동(4211058000),8933 ,8933 ,606 ,741 ,1088 ,1071 ,1272 ,1503 ,1378 ,748 ,461 ,62 ,3 ,4389 ,4389 ,302 ,410 ,571 ,559 ,678 ,731 ,650 ,299 ,173 ,15 ,1 ,4544 ,4544 ,304 ,331 ,517 ,512 ,594 ,772 ,728 ,449 ,288 ,47 ,2
강원도 춘천시 후평1동(4211060000),11145 ,11145 ,404 ,758 ,1778 ,1232 ,1329 ,1799 ,2002 ,1040 ,712 ,87 ,4 ,5556 ,5556 ,210 ,392 ,943 ,701 ,668 ,929 ,975 ,467 ,253 ,16 ,2 ,5589 ,5589 ,194 ,366 ,835 ,531 ,661 ,870 ,1027 ,573 ,459 ,71 ,2
강원도 춘천시 후평2동(4211061000),14276 ,14276 ,1079 ,1373 ,2067 ,2025 ,2027 ,2252 ,1796 ,936 ,616 ,100 ,5 ,6771 ,6771 ,535 ,707 ,1034 ,1023 ,958 ,1078 ,812 ,380 ,213 ,30 ,1 ,7505 ,7505 ,544 ,666 ,1033 ,1002 ,1069 ,1174 ,984 ,556 ,403 ,70 ,4
강원도 춘천시 후평3동(4211061100),20154 ,20154 ,1498 ,1805 ,2418 ,2529 ,2865 ,3329 ,3096 ,1524 ,959 ,127 ,4 ,9577 ,9577 ,768 ,909 ,1239 ,1297 ,1358 ,1592 ,1432 ,638 ,313 ,28 ,3 ,10577 ,10577 ,730 ,896 ,1179 ,1232 ,1507 ,1737 ,1664 ,886 ,646 ,99 ,1
강원도 춘천시 효자1동(4211062000),4227 ,4227 ,266 ,364 ,477 ,410 ,634 ,688 ,717 ,376 ,259 ,36 ,0 ,2120 ,2120 ,128 ,200 ,257 ,226 ,323 ,357 ,358 ,149 ,109 ,13 ,0 ,2107 ,2107 ,138 ,164 ,220 ,184 ,311 ,331 ,359 ,227 ,150 ,23 ,0
강원도 춘천시 효자2동(4211063000),12041 ,12041 ,307 ,658 ,3201 ,1267 ,1252 ,1674 ,1737 ,1104 ,745 ,92 ,4 ,6393 ,6393 ,156 ,322 ,1865 ,783 ,703 ,940 ,849 ,468 ,282 ,24 ,1 ,5648 ,5648 ,151 ,336 ,1336 ,484 ,549 ,734 ,888 ,636 ,463 ,68 ,3
강원도 춘천시 효자3동(4211064000),4400 ,4400 ,122 ,231 ,1037 ,567 ,459 ,604 ,669 ,393 ,283 ,33 ,2 ,2207 ,2207 ,58 ,118 ,503 ,322 ,272 ,316 ,321 ,172 ,117 ,8 ,0 ,2193 ,2193 ,64 ,113 ,534 ,245 ,187 ,288 ,348 ,221 ,166 ,25 ,2
강원도 춘천시 석사동(4211065000),33777 ,33777 ,1920 ,3915 ,4912 ,3438 ,5229 ,6118 ,4529 ,2167 ,1351 ,195 ,3 ,16693 ,16693 ,986 ,1980 ,2663 ,1802 ,2508 ,3045 ,2203 ,960 ,488 ,57 ,1 ,17084 ,17084 ,934 ,1935 ,2249 ,1636 ,2721 ,3073 ,2326 ,1207 ,863 ,138 ,2
강원도 춘천시 퇴계동(4211066000),47914 ,47914 ,3771 ,5360 ,6071 ,5660 ,7825 ,8187 ,6341 ,2764 ,1674 ,257 ,4 ,23035 ,23035 ,1938 ,2718 ,3180 ,2828 ,3612 ,3910 ,2986 ,1184 ,606 ,71 ,2 ,24879 ,24879 ,1833 ,2642 ,2891 ,2832 ,4213 ,4277 ,3355 ,1580 ,1068 ,186 ,2
강원도 춘천시 강남동(4211067500),25731 ,25731 ,2313 ,2211 ,3031 ,3687 ,3966 ,4210 ,3695 ,1657 ,832 ,120 ,9 ,12543 ,12543 ,1175 ,1188 ,1554 ,1815 ,1923 ,2003 ,1732 ,790 ,334 ,27 ,2 ,13188 ,13188 ,1138 ,1023 ,1477 ,1872 ,2043 ,2207 ,1963 ,867 ,498 ,93 ,7
강원도 춘천시 신사우동(4211070500),25012 ,25012 ,2468 ,2378 ,2860 ,3607 ,3797 ,3712 ,3371 ,1671 ,997 ,148 ,3 ,12490 ,12490 ,1291 ,1255 ,1599 ,1806 ,1898 ,1871 ,1624 ,750 ,362 ,34 ,0 ,12522 ,12522 ,1177 ,1123 ,1261 ,1801 ,1899 ,1841 ,1747 ,921 ,635 ,114 ,3
강원도 원주시 (4213000000),360974 ,360974 ,26197 ,34908 ,43266 ,45431 ,56414 ,61583 ,53482 ,23411 ,14080 ,2147 ,55 ,178935 ,178935 ,13455 ,17946 ,23050 ,23190 ,27792 ,30767 ,26544 ,10668 ,5042 ,471 ,10 ,182039 ,182039 ,12742 ,16962 ,20216 ,22241 ,28622 ,30816 ,26938 ,12743 ,9038 ,1676 ,45
강원도 원주시 문막읍(4213025000),17889 ,17889 ,917 ,1542 ,1873 ,1746 ,2728 ,3401 ,3053 ,1536 ,937 ,151 ,5 ,9117 ,9117 ,478 ,775 ,1030 ,949 ,1418 ,1810 ,1546 ,738 ,339 ,33 ,1 ,8772 ,8772 ,439 ,767 ,843 ,797 ,1310 ,1591 ,1507 ,798 ,598 ,118 ,4
강원도 원주시 소초면(4213031000),8371 ,8371 ,297 ,426 ,892 ,685 ,814 ,1556 ,2081 ,921 ,587 ,106 ,6 ,4459 ,4459 ,159 ,212 ,583 ,408 ,451 ,824 ,1102 ,467 ,222 ,31 ,0 ,3912 ,3912 ,138 ,214 ,309 ,277 ,363 ,732 ,979 ,454 ,365 ,75 ,6
강원도 원주시 호저면(4213032000),3566 ,3566 ,90 ,125 ,254 ,216 ,313 ,626 ,981 ,482 ,414 ,64 ,1 ,1854 ,1854 ,46 ,74 ,158 ,119 ,180 ,350 ,517 ,252 ,147 ,10 ,1 ,1712 ,1712 ,44 ,51 ,96 ,97 ,133 ,276 ,464 ,230 ,267 ,54 ,0
강원도 원주시 지정면(4213033000),29731 ,29731 ,4762 ,2933 ,2362 ,6520 ,5779 ,3248 ,2661 ,898 ,485 ,81 ,2 ,14665 ,14665 ,2361 ,1487 ,1178 ,3179 ,2989 ,1544 ,1305 ,446 ,162 ,14 ,0 ,15066 ,15066 ,2401 ,1446 ,1184 ,3341 ,2790 ,1704 ,1356 ,452 ,323 ,67 ,2
강원도 원주시 부론면(4213035000),2184 ,2184 ,30 ,79 ,133 ,94 ,119 ,319 ,671 ,404 ,291 ,43 ,1 ,1114 ,1114 ,14 ,38 ,62 ,59 ,73 ,190 ,359 ,204 ,107 ,7 ,1 ,1070 ,1070 ,16 ,41 ,71 ,35 ,46 ,129 ,312 ,200 ,184 ,36 ,0
강원도 원주시 귀래면(4213036000),2150 ,2150 ,38 ,67 ,121 ,95 ,148 ,403 ,645 ,352 ,241 ,39 ,1 ,1110 ,1110 ,22 ,33 ,64 ,63 ,80 ,223 ,353 ,172 ,96 ,4 ,0 ,1040 ,1040 ,16 ,34 ,57 ,32 ,68 ,180 ,292 ,180 ,145 ,35 ,1
강원도 원주시 흥업면(4213037000),9524 ,9524 ,443 ,702 ,1503 ,914 ,1163 ,1618 ,1856 ,748 ,504 ,70 ,3 ,5064 ,5064 ,231 ,360 ,896 ,489 ,618 ,885 ,999 ,382 ,187 ,16 ,1 ,4460 ,4460 ,212 ,342 ,607 ,425 ,545 ,733 ,857 ,366 ,317 ,54 ,2
강원도 원주시 판부면(4213038000),7236 ,7236 ,358 ,594 ,931 ,870 ,1085 ,1390 ,1196 ,468 ,290 ,53 ,1 ,3860 ,3860 ,176 ,328 ,527 ,493 ,570 ,764 ,643 ,240 ,109 ,9 ,1 ,3376 ,3376 ,182 ,266 ,404 ,377 ,515 ,626 ,553 ,228 ,181 ,44 ,0
강원도 원주시 신림면(4213039000),3602 ,3602 ,74 ,111 ,168 ,169 ,275 ,668 ,1114 ,578 ,394 ,50 ,1 ,1855 ,1855 ,34 ,62 ,93 ,98 ,162 ,352 ,604 ,293 ,143 ,14 ,0 ,1747 ,1747 ,40 ,49 ,75 ,71 ,113 ,316 ,510 ,285 ,251 ,36 ,1
강원도 원주시 중앙동(4213051500),2424 ,2424 ,34 ,74 ,152 ,148 ,253 ,460 ,644 ,337 ,267 ,54 ,1 ,1271 ,1271 ,23 ,43 ,83 ,86 ,147 ,285 ,363 ,144 ,87 ,10 ,0 ,1153 ,1153 ,11 ,31 ,69 ,62 ,106 ,175 ,281 ,193 ,180 ,44 ,1
강원도 원주시 원인동(4213052000),4163 ,4163 ,156 ,276 ,573 ,458 ,473 ,765 ,777 ,397 ,253 ,34 ,1 ,1961 ,1961 ,86 ,144 ,281 ,241 ,243 ,359 ,355 ,162 ,81 ,8 ,1 ,2202 ,2202 ,70 ,132 ,292 ,217 ,230 ,406 ,422 ,235 ,172 ,26 ,0
강원도 원주시 개운동(4213053000),12436 ,12436 ,515 ,1172 ,1482 ,1132 ,1559 ,2362 ,2178 ,1194 ,737 ,101 ,4 ,5963 ,5963 ,252 ,634 ,813 ,567 ,729 ,1113 ,1039 ,534 ,259 ,23 ,0 ,6473 ,6473 ,263 ,538 ,669 ,565 ,830 ,1249 ,1139 ,660 ,478 ,78 ,4
강원도 원주시 명륜1동(4213054100),8022 ,8022 ,314 ,674 ,952 ,704 ,970 ,1525 ,1566 ,777 ,476 ,62 ,2 ,3831 ,3831 ,171 ,323 ,513 ,357 ,470 ,712 ,762 ,335 ,178 ,10 ,0 ,4191 ,4191 ,143 ,351 ,439 ,347 ,500 ,813 ,804 ,442 ,298 ,52 ,2
강원도 원주시 명륜2동(4213054200),18788 ,18788 ,1104 ,1858 ,2475 ,2218 ,2686 ,3483 ,2857 ,1244 ,746 ,114 ,3 ,9051 ,9051 ,554 ,920 ,1260 ,1133 ,1275 ,1674 ,1426 ,540 ,245 ,23 ,1 ,9737 ,9737 ,550 ,938 ,1215 ,1085 ,1411 ,1809 ,1431 ,704 ,501 ,91 ,2
강원도 원주시 단구동(4213055000),43686 ,43686 ,2841 ,4828 ,6172 ,5475 ,7356 ,7967 ,5309 ,2269 ,1303 ,165 ,1 ,21429 ,21429 ,1459 ,2503 ,3309 ,2861 ,3445 ,3901 ,2538 ,941 ,436 ,35 ,1 ,22257 ,22257 ,1382 ,2325 ,2863 ,2614 ,3911 ,4066 ,2771 ,1328 ,867 ,130 ,0
강원도 원주시 일산동(4213056000),8436 ,8436 ,344 ,534 ,1526 ,994 ,898 ,1286 ,1471 ,815 ,495 ,72 ,1 ,4062 ,4062 ,169 ,312 ,728 ,520 ,466 ,619 ,684 ,344 ,197 ,23 ,0 ,4374 ,4374 ,175 ,222 ,798 ,474 ,432 ,667 ,787 ,471 ,298 ,49 ,1
강원도 원주시 학성동(4213057500),4437 ,4437 ,116 ,244 ,466 ,334 ,545 ,851 ,982 ,492 ,350 ,56 ,1 ,2189 ,2189 ,61 ,133 ,269 ,186 ,298 ,433 ,465 ,214 ,119 ,11 ,0 ,2248 ,2248 ,55 ,111 ,197 ,148 ,247 ,418 ,517 ,278 ,231 ,45 ,1
강원도 원주시 단계동(4213059000),28559 ,28559 ,2014 ,2245 ,3885 ,4295 ,3988 ,5023 ,4545 ,1570 ,848 ,143 ,3 ,13867 ,13867 ,1045 ,1153 ,2011 ,2271 ,1902 ,2274 ,2175 ,684 ,316 ,36 ,0 ,14692 ,14692 ,969 ,1092 ,1874 ,2024 ,2086 ,2749 ,2370 ,886 ,532 ,107 ,3
강원도 원주시 우산동(4213060000),13484 ,13484 ,835 ,1171 ,2000 ,1488 ,2039 ,2279 ,2089 ,1001 ,503 ,78 ,1 ,7135 ,7135 ,449 ,639 ,1172 ,803 ,1059 ,1235 ,1100 ,460 ,197 ,21 ,0 ,6349 ,6349 ,386 ,532 ,828 ,685 ,980 ,1044 ,989 ,541 ,306 ,57 ,1
강원도 원주시 태장1동(4213061000),10149 ,10149 ,658 ,1028 ,1142 ,992 ,1604 ,1808 ,1580 ,828 ,451 ,57 ,1 ,5075 ,5075 ,330 ,534 ,591 ,529 ,810 ,955 ,775 ,361 ,178 ,11 ,1 ,5074 ,5074 ,328 ,494 ,551 ,463 ,794 ,853 ,805 ,467 ,273 ,46 ,0
강원도 원주시 태장2동(4213062000),24454 ,24454 ,1473 ,2392 ,2737 ,2609 ,3825 ,4525 ,3998 ,1714 ,1023 ,156 ,2 ,12245 ,12245 ,789 ,1219 ,1498 ,1370 ,1941 ,2313 ,1990 ,741 ,346 ,38 ,0 ,12209 ,12209 ,684 ,1173 ,1239 ,1239 ,1884 ,2212 ,2008 ,973 ,677 ,118 ,2
강원도 원주시 봉산동(4213063500),7587 ,7587 ,210 ,531 ,761 ,581 ,826 ,1415 ,1653 ,897 ,618 ,90 ,5 ,3734 ,3734 ,100 ,311 ,415 ,340 ,415 ,727 ,802 ,390 ,213 ,20 ,1 ,3853 ,3853 ,110 ,220 ,346 ,241 ,411 ,688 ,851 ,507 ,405 ,70 ,4
강원도 원주시 행구동(4213065000),8778 ,8778 ,618 ,939 ,972 ,905 ,1300 ,1646 ,1405 ,556 ,377 ,58 ,2 ,4313 ,4313 ,315 ,466 ,533 ,448 ,618 ,802 ,710 ,258 ,145 ,18 ,0 ,4465 ,4465 ,303 ,473 ,439 ,457 ,682 ,844 ,695 ,298 ,232 ,40 ,2
강원도 원주시 무실동(4213066000),35271 ,35271 ,2981 ,4495 ,4422 ,4519 ,6635 ,5731 ,4113 ,1528 ,727 ,118 ,2 ,17264 ,17264 ,1556 ,2371 ,2365 ,2222 ,3102 ,2739 ,1934 ,702 ,254 ,19 ,0 ,18007 ,18007 ,1425 ,2124 ,2057 ,2297 ,3533 ,2992 ,2179 ,826 ,473 ,99 ,2
강원도 원주시 반곡관설동(4213067500),46047 ,46047 ,4975 ,5868 ,5312 ,7270 ,9033 ,7228 ,4057 ,1405 ,763 ,132 ,4 ,22447 ,22447 ,2575 ,2872 ,2618 ,3399 ,4331 ,3684 ,1998 ,664 ,279 ,27 ,0 ,23600 ,23600 ,2400 ,2996 ,2694 ,3871 ,4702 ,3544 ,2059 ,741 ,484 ,105 ,4
강원도 강릉시 (4215000000),210630 ,210630 ,11886 ,17704 ,23361 ,20416 ,30474 ,36146 ,36941 ,20412 ,11426 ,1807 ,57 ,104403 ,104403 ,6166 ,9290 ,12850 ,10878 ,15390 ,18398 ,17679 ,9181 ,4185 ,377 ,9 ,106227 ,106227 ,5720 ,8414 ,10511 ,9538 ,15084 ,17748 ,19262 ,11231 ,7241 ,1430 ,48
강원도 강릉시 주문진읍(4215025000),16246 ,16246 ,607 ,893 ,1281 ,1173 ,1938 ,2798 ,3658 ,2368 ,1311 ,211 ,8 ,7934 ,7934 ,320 ,498 ,735 ,621 ,1042 ,1457 ,1720 ,1041 ,442 ,57 ,1 ,8312 ,8312 ,287 ,395 ,546 ,552 ,896 ,1341 ,1938 ,1327 ,869 ,154 ,7
강원도 강릉시 성산면(4215031000),3524 ,3524 ,125 ,186 ,267 ,189 ,366 ,682 ,837 ,462 ,343 ,64 ,3 ,1805 ,1805 ,70 ,105 ,163 ,114 ,202 ,357 ,434 ,228 ,120 ,12 ,0 ,1719 ,1719 ,55 ,81 ,104 ,75 ,164 ,325 ,403 ,234 ,223 ,52 ,3
강원도 강릉시 왕산면(4215032000),1543 ,1543 ,32 ,36 ,61 ,83 ,90 ,275 ,501 ,292 ,150 ,23 ,0 ,837 ,837 ,23 ,18 ,37 ,57 ,57 ,157 ,273 ,143 ,68 ,4 ,0 ,706 ,706 ,9 ,18 ,24 ,26 ,33 ,118 ,228 ,149 ,82 ,19 ,0
강원도 강릉시 구정면(4215033000),4261 ,4261 ,210 ,263 ,307 ,302 ,481 ,735 ,1043 ,502 ,338 ,76 ,4 ,2152 ,2152 ,113 ,136 ,178 ,144 ,264 ,396 ,537 ,241 ,126 ,16 ,1 ,2109 ,2109 ,97 ,127 ,129 ,158 ,217 ,339 ,506 ,261 ,212 ,60 ,3
강원도 강릉시 강동면(4215034000),4012 ,4012 ,92 ,146 ,343 ,252 ,377 ,664 ,975 ,642 ,440 ,80 ,1 ,2121 ,2121 ,49 ,81 ,223 ,155 ,249 ,395 ,520 ,283 ,151 ,15 ,0 ,1891 ,1891 ,43 ,65 ,120 ,97 ,128 ,269 ,455 ,359 ,289 ,65 ,1
강원도 강릉시 옥계면(4215035000),3376 ,3376 ,78 ,132 ,211 ,191 ,290 ,600 ,919 ,554 ,345 ,56 ,0 ,1731 ,1731 ,40 ,76 ,130 ,121 ,166 ,346 ,476 ,256 ,104 ,16 ,0 ,1645 ,1645 ,38 ,56 ,81 ,70 ,124 ,254 ,443 ,298 ,241 ,40 ,0
강원도 강릉시 사천면(4215036000),4789 ,4789 ,179 ,251 ,422 ,382 ,562 ,835 ,1157 ,573 ,366 ,60 ,2 ,2442 ,2442 ,99 ,130 ,239 ,207 ,298 ,449 ,579 ,274 ,158 ,9 ,0 ,2347 ,2347 ,80 ,121 ,183 ,175 ,264 ,386 ,578 ,299 ,208 ,51 ,2
강원도 강릉시 연곡면(4215037000),6250 ,6250 ,267 ,428 ,413 ,464 ,868 ,1042 ,1439 ,830 ,434 ,63 ,2 ,3137 ,3137 ,142 ,226 ,238 ,260 ,449 ,530 ,699 ,402 ,175 ,15 ,1 ,3113 ,3113 ,125 ,202 ,175 ,204 ,419 ,512 ,740 ,428 ,259 ,48 ,1
강원도 강릉시 홍제동(4215051000),14922 ,14922 ,1170 ,1417 ,1631 ,1846 ,2438 ,2480 ,2097 ,1145 ,594 ,100 ,4 ,7251 ,7251 ,595 ,723 ,834 ,941 ,1184 ,1250 ,993 ,493 ,216 ,22 ,0 ,7671 ,7671 ,575 ,694 ,797 ,905 ,1254 ,1230 ,1104 ,652 ,378 ,78 ,4
강원도 강릉시 중앙동(4215052000),4597 ,4597 ,123 ,263 ,519 ,370 ,547 ,719 ,945 ,664 ,377 ,66 ,4 ,2195 ,2195 ,58 ,123 ,255 ,217 ,289 ,389 ,423 ,290 ,133 ,17 ,1 ,2402 ,2402 ,65 ,140 ,264 ,153 ,258 ,330 ,522 ,374 ,244 ,49 ,3
강원도 강릉시 옥천동(4215054000),3241 ,3241 ,76 ,145 ,305 ,246 ,377 ,617 ,636 ,522 ,283 ,33 ,1 ,1650 ,1650 ,38 ,76 ,166 ,145 ,223 ,335 ,302 ,240 ,116 ,9 ,0 ,1591 ,1591 ,38 ,69 ,139 ,101 ,154 ,282 ,334 ,282 ,167 ,24 ,1
강원도 강릉시 교1동(4215055000),25507 ,25507 ,1526 ,2692 ,3557 ,2468 ,4066 ,4593 ,3513 ,1868 ,1064 ,152 ,8 ,12425 ,12425 ,772 ,1400 ,1915 ,1281 ,1884 ,2294 ,1651 ,795 ,409 ,24 ,0 ,13082 ,13082 ,754 ,1292 ,1642 ,1187 ,2182 ,2299 ,1862 ,1073 ,655 ,128 ,8
강원도 강릉시 교2동(4215056000),7488 ,7488 ,297 ,525 ,905 ,702 ,961 ,1319 ,1470 ,805 ,442 ,60 ,2 ,3739 ,3739 ,167 ,273 ,469 ,394 ,476 ,686 ,695 ,393 ,175 ,11 ,0 ,3749 ,3749 ,130 ,252 ,436 ,308 ,485 ,633 ,775 ,412 ,267 ,49 ,2
강원도 강릉시 포남1동(4215057100),10817 ,10817 ,390 ,772 ,1255 ,1032 ,1424 ,1948 ,2097 ,1217 ,605 ,74 ,3 ,5254 ,5254 ,198 ,411 ,668 ,554 ,757 ,942 ,923 ,531 ,247 ,22 ,1 ,5563 ,5563 ,192 ,361 ,587 ,478 ,667 ,1006 ,1174 ,686 ,358 ,52 ,2
강원도 강릉시 포남2동(4215057200),12444 ,12444 ,489 ,977 ,1458 ,1187 ,1650 ,2237 ,2513 ,1203 ,606 ,122 ,2 ,6083 ,6083 ,244 ,515 ,776 ,651 ,854 ,1135 ,1141 ,543 ,207 ,16 ,1 ,6361 ,6361 ,245 ,462 ,682 ,536 ,796 ,1102 ,1372 ,660 ,399 ,106 ,1
강원도 강릉시 초당동(4215058000),4554 ,4554 ,256 ,335 ,488 ,530 ,611 ,847 ,850 ,377 ,230 ,30 ,0 ,2224 ,2224 ,121 ,173 ,275 ,300 ,294 ,390 ,417 ,163 ,84 ,7 ,0 ,2330 ,2330 ,135 ,162 ,213 ,230 ,317 ,457 ,433 ,214 ,146 ,23 ,0
강원도 강릉시 송정동(4215059000),9785 ,9785 ,824 ,955 ,984 ,1203 ,1583 ,1633 ,1538 ,675 ,333 ,57 ,0 ,4688 ,4688 ,398 ,485 ,528 ,596 ,748 ,775 ,720 ,285 ,142 ,11 ,0 ,5097 ,5097 ,426 ,470 ,456 ,607 ,835 ,858 ,818 ,390 ,191 ,46 ,0
강원도 강릉시 내곡동(4215060000),16503 ,16503 ,1223 ,1528 ,2272 ,1931 ,2735 ,2607 ,2383 ,1145 ,583 ,95 ,1 ,8311 ,8311 ,632 ,805 ,1260 ,1021 ,1410 ,1263 ,1157 ,541 ,205 ,17 ,0 ,8192 ,8192 ,591 ,723 ,1012 ,910 ,1325 ,1344 ,1226 ,604 ,378 ,78 ,1
강원도 강릉시 강남동(4215061500),17365 ,17365 ,805 ,1398 ,1789 ,1470 ,2307 ,2960 ,3149 ,2078 ,1234 ,173 ,2 ,8727 ,8727 ,420 ,756 ,1054 ,813 ,1230 ,1575 ,1474 ,913 ,459 ,32 ,1 ,8638 ,8638 ,385 ,642 ,735 ,657 ,1077 ,1385 ,1675 ,1165 ,775 ,141 ,1
강원도 강릉시 성덕동(4215064500),28046 ,28046 ,2075 ,3214 ,3327 ,3061 ,4803 ,4789 ,3764 ,1822 ,1027 ,155 ,9 ,13882 ,13882 ,1123 ,1691 ,1822 ,1577 ,2338 ,2368 ,1807 ,804 ,317 ,33 ,2 ,14164 ,14164 ,952 ,1523 ,1505 ,1484 ,2465 ,2421 ,1957 ,1018 ,710 ,122 ,7
강원도 강릉시 경포동(4215066500),11360 ,11360 ,1042 ,1148 ,1566 ,1334 ,2000 ,1766 ,1457 ,668 ,321 ,57 ,1 ,5815 ,5815 ,544 ,589 ,885 ,709 ,976 ,909 ,738 ,322 ,131 ,12 ,0 ,5545 ,5545 ,498 ,559 ,681 ,625 ,1024 ,857 ,719 ,346 ,190 ,45 ,1
강원도 동해시 (4217000000),89150 ,89150 ,5711 ,8340 ,8747 ,8316 ,13746 ,15621 ,15281 ,8307 ,4467 ,602 ,12 ,45303 ,45303 ,2922 ,4365 ,5117 ,4535 ,7135 ,8197 ,7426 ,3805 ,1680 ,118 ,3 ,43847 ,43847 ,2789 ,3975 ,3630 ,3781 ,6611 ,7424 ,7855 ,4502 ,2787 ,484 ,9
강원도 동해시 천곡동(4217051000),30355 ,30355 ,2333 ,3210 ,3172 ,3212 ,5051 ,5091 ,4953 ,2210 ,958 ,163 ,2 ,15055 ,15055 ,1208 ,1625 ,1777 ,1699 ,2529 ,2462 ,2311 ,1056 ,354 ,33 ,1 ,15300 ,15300 ,1125 ,1585 ,1395 ,1513 ,2522 ,2629 ,2642 ,1154 ,604 ,130 ,1
강원도 동해시 송정동(4217052000),3559 ,3559 ,107 ,187 ,426 ,264 ,425 ,583 ,777 ,435 ,304 ,51 ,0 ,1963 ,1963 ,51 ,105 ,308 ,169 ,247 ,331 ,408 ,211 ,123 ,10 ,0 ,1596 ,1596 ,56 ,82 ,118 ,95 ,178 ,252 ,369 ,224 ,181 ,41 ,0
강원도 동해시 북삼동(4217053000),19797 ,19797 ,1307 ,2355 ,2326 ,1880 ,3488 ,3778 ,2674 ,1253 ,654 ,82 ,0 ,10252 ,10252 ,647 ,1280 ,1375 ,1041 ,1729 ,1999 ,1343 ,566 ,257 ,15 ,0 ,9545 ,9545 ,660 ,1075 ,951 ,839 ,1759 ,1779 ,1331 ,687 ,397 ,67 ,0
강원도 동해시 부곡동(4217054000),4844 ,4844 ,141 ,314 ,400 ,297 ,599 ,876 ,1094 ,727 ,355 ,39 ,2 ,2367 ,2367 ,75 ,160 ,225 ,155 ,334 ,457 ,508 ,307 ,140 ,6 ,0 ,2477 ,2477 ,66 ,154 ,175 ,142 ,265 ,419 ,586 ,420 ,215 ,33 ,2
강원도 동해시 동호동(4217055000),4963 ,4963 ,237 ,412 ,414 ,375 ,691 ,894 ,953 ,642 ,316 ,27 ,2 ,2507 ,2507 ,123 ,220 ,233 ,195 ,396 ,477 ,452 ,281 ,118 ,11 ,1 ,2456 ,2456 ,114 ,192 ,181 ,180 ,295 ,417 ,501 ,361 ,198 ,16 ,1
강원도 동해시 발한동(4217057000),3215 ,3215 ,89 ,146 ,219 ,201 ,327 ,522 ,760 ,572 ,340 ,38 ,1 ,1634 ,1634 ,50 ,68 ,132 ,132 ,195 ,298 ,368 ,262 ,118 ,10 ,1 ,1581 ,1581 ,39 ,78 ,87 ,69 ,132 ,224 ,392 ,310 ,222 ,28 ,0
강원도 동해시 묵호동(4217059000),2847 ,2847 ,71 ,139 ,156 ,149 ,317 ,463 ,655 ,555 ,326 ,16 ,0 ,1418 ,1418 ,44 ,74 ,93 ,92 ,177 ,275 ,311 ,229 ,119 ,4 ,0 ,1429 ,1429 ,27 ,65 ,63 ,57 ,140 ,188 ,344 ,326 ,207 ,12 ,0
강원도 동해시 북평동(4217060000),13502 ,13502 ,1224 ,1271 ,1215 ,1564 ,2187 ,2291 ,2057 ,1003 ,593 ,96 ,1 ,6963 ,6963 ,628 ,665 ,711 ,820 ,1133 ,1261 ,1023 ,487 ,221 ,14 ,0 ,6539 ,6539 ,596 ,606 ,504 ,744 ,1054 ,1030 ,1034 ,516 ,372 ,82 ,1
강원도 동해시 망상동(4217063000),3387 ,3387 ,147 ,167 ,228 ,219 ,396 ,581 ,745 ,505 ,344 ,52 ,3 ,1732 ,1732 ,67 ,92 ,146 ,125 ,231 ,320 ,377 ,232 ,135 ,7 ,0 ,1655 ,1655 ,80 ,75 ,82 ,94 ,165 ,261 ,368 ,273 ,209 ,45 ,3
강원도 동해시 삼화동(4217065000),2681 ,2681 ,55 ,139 ,191 ,155 ,265 ,542 ,613 ,405 ,277 ,38 ,1 ,1412 ,1412 ,29 ,76 ,117 ,107 ,164 ,317 ,325 ,174 ,95 ,8 ,0 ,1269 ,1269 ,26 ,63 ,74 ,48 ,101 ,225 ,288 ,231 ,182 ,30 ,1
강원도 태백시 (4219000000),39006 ,39006 ,1945 ,3454 ,3107 ,2896 ,5704 ,6750 ,7701 ,4784 ,2427 ,233 ,5 ,19650 ,19650 ,1032 ,1796 ,1778 ,1563 ,2995 ,3640 ,3836 ,2093 ,879 ,37 ,1 ,19356 ,19356 ,913 ,1658 ,1329 ,1333 ,2709 ,3110 ,3865 ,2691 ,1548 ,196 ,4
강원도 태백시 황지동(4219051500),5821 ,5821 ,366 ,532 ,490 ,477 ,863 ,990 ,1120 ,635 ,316 ,29 ,3 ,2839 ,2839 ,193 ,254 ,293 ,246 ,443 ,511 ,520 ,261 ,110 ,7 ,1 ,2982 ,2982 ,173 ,278 ,197 ,231 ,420 ,479 ,600 ,374 ,206 ,22 ,2
강원도 태백시 황연동(4219052500),4083 ,4083 ,134 ,281 ,278 ,242 ,516 ,697 ,1002 ,627 ,277 ,28 ,1 ,2087 ,2087 ,67 ,153 ,174 ,143 ,290 ,380 ,506 ,271 ,101 ,2 ,0 ,1996 ,1996 ,67 ,128 ,104 ,99 ,226 ,317 ,496 ,356 ,176 ,26 ,1
강원도 태백시 삼수동(4219053500),5356 ,5356 ,283 ,485 ,337 ,362 ,798 ,886 ,1059 ,737 ,385 ,23 ,1 ,2728 ,2728 ,161 ,260 ,204 ,193 ,437 ,515 ,508 ,320 ,128 ,2 ,0 ,2628 ,2628 ,122 ,225 ,133 ,169 ,361 ,371 ,551 ,417 ,257 ,21 ,1
강원도 태백시 상장동(4219054000),12637 ,12637 ,838 ,1483 ,1275 ,1150 ,2361 ,2246 ,1805 ,983 ,438 ,58 ,0 ,6363 ,6363 ,452 ,766 ,698 ,604 ,1178 ,1168 ,883 ,440 ,166 ,8 ,0 ,6274 ,6274 ,386 ,717 ,577 ,546 ,1183 ,1078 ,922 ,543 ,272 ,50 ,0
강원도 태백시 문곡소도동(4219058500),3622 ,3622 ,130 ,236 ,247 ,243 ,451 ,634 ,894 ,524 ,232 ,31 ,0 ,1800 ,1800 ,65 ,107 ,126 ,130 ,250 ,332 ,452 ,239 ,97 ,2 ,0 ,1822 ,1822 ,65 ,129 ,121 ,113 ,201 ,302 ,442 ,285 ,135 ,29 ,0
강원도 태백시 장성동(4219059500),3192 ,3192 ,127 ,191 ,252 ,200 ,321 ,600 ,756 ,435 ,279 ,31 ,0 ,1581 ,1581 ,65 ,96 ,136 ,120 ,165 ,322 ,403 ,186 ,83 ,5 ,0 ,1611 ,1611 ,62 ,95 ,116 ,80 ,156 ,278 ,353 ,249 ,196 ,26 ,0
강원도 태백시 구문소동(4219060500),2347 ,2347 ,32 ,174 ,106 ,107 ,218 ,369 ,590 ,462 ,271 ,18 ,0 ,1214 ,1214 ,15 ,124 ,66 ,56 ,128 ,213 ,309 ,204 ,94 ,5 ,0 ,1133 ,1133 ,17 ,50 ,40 ,51 ,90 ,156 ,281 ,258 ,177 ,13 ,0
강원도 태백시 철암동(4219061500),1948 ,1948 ,35 ,72 ,122 ,115 ,176 ,328 ,475 ,381 ,229 ,15 ,0 ,1038 ,1038 ,14 ,36 ,81 ,71 ,104 ,199 ,255 ,172 ,100 ,6 ,0 ,910 ,910 ,21 ,36 ,41 ,44 ,72 ,129 ,220 ,209 ,129 ,9 ,0
강원도 속초시 (4221000000),82499 ,82499 ,5314 ,6883 ,8446 ,9089 ,11871 ,14932 ,14584 ,7033 ,3721 ,612 ,14 ,40867 ,40867 ,2716 ,3531 ,4757 ,4985 ,5917 ,7357 ,7041 ,3075 ,1365 ,117 ,6 ,41632 ,41632 ,2598 ,3352 ,3689 ,4104 ,5954 ,7575 ,7543 ,3958 ,2356 ,495 ,8
강원도 속초시 영랑동(4221051000),4267 ,4267 ,141 ,195 ,355 ,367 ,469 ,817 ,1055 ,535 ,286 ,45 ,2 ,2252 ,2252 ,77 ,107 ,234 ,219 ,276 ,440 ,535 ,242 ,112 ,9 ,1 ,2015 ,2015 ,64 ,88 ,121 ,148 ,193 ,377 ,520 ,293 ,174 ,36 ,1
강원도 속초시 동명동(4221052000),3932 ,3932 ,248 ,299 ,301 ,410 ,534 ,697 ,764 ,420 ,228 ,30 ,1 ,1974 ,1974 ,123 ,160 ,173 ,222 ,281 ,357 ,370 ,195 ,88 ,5 ,0 ,1958 ,1958 ,125 ,139 ,128 ,188 ,253 ,340 ,394 ,225 ,140 ,25 ,1
강원도 속초시 금호동(4221054000),5833 ,5833 ,231 ,361 ,529 ,462 ,667 ,1080 ,1318 ,715 ,391 ,79 ,0 ,2865 ,2865 ,118 ,192 ,312 ,268 ,340 ,544 ,616 ,319 ,144 ,12 ,0 ,2968 ,2968 ,113 ,169 ,217 ,194 ,327 ,536 ,702 ,396 ,247 ,67 ,0
강원도 속초시 교동(4221056000),9343 ,9343 ,420 ,739 ,1061 ,969 ,1243 ,1646 ,1836 ,897 ,463 ,67 ,2 ,4612 ,4612 ,208 ,394 ,603 ,555 ,619 ,818 ,850 ,387 ,166 ,11 ,1 ,4731 ,4731 ,212 ,345 ,458 ,414 ,624 ,828 ,986 ,510 ,297 ,56 ,1
강원도 속초시 노학동(4221057000),21285 ,21285 ,1213 ,2004 ,2272 ,2172 ,3060 ,4031 ,3733 ,1660 ,967 ,172 ,1 ,10638 ,10638 ,605 ,1037 ,1282 ,1236 ,1494 ,1997 ,1875 ,735 ,346 ,30 ,1 ,10647 ,10647 ,608 ,967 ,990 ,936 ,1566 ,2034 ,1858 ,925 ,621 ,142 ,0
강원도 속초시 조양동(4221058000),29903 ,29903 ,2708 ,2910 ,3287 ,3959 ,4958 ,5210 ,4067 ,1825 ,851 ,124 ,4 ,14503 ,14503 ,1403 ,1437 ,1798 ,2048 ,2379 ,2434 ,1881 ,786 ,302 ,33 ,2 ,15400 ,15400 ,1305 ,1473 ,1489 ,1911 ,2579 ,2776 ,2186 ,1039 ,549 ,91 ,2
강원도 속초시 청호동(4221059000),4902 ,4902 ,272 ,263 ,436 ,549 ,650 ,874 ,1004 ,500 ,295 ,56 ,3 ,2451 ,2451 ,142 ,132 ,240 ,307 ,364 ,451 ,504 ,199 ,101 ,10 ,1 ,2451 ,2451 ,130 ,131 ,196 ,242 ,286 ,423 ,500 ,301 ,194 ,46 ,2
강원도 속초시 대포동(4221060000),3034 ,3034 ,81 ,112 ,205 ,201 ,290 ,577 ,807 ,481 ,240 ,39 ,1 ,1572 ,1572 ,40 ,72 ,115 ,130 ,164 ,316 ,410 ,212 ,106 ,7 ,0 ,1462 ,1462 ,41 ,40 ,90 ,71 ,126 ,261 ,397 ,269 ,134 ,32 ,1
강원도 삼척시 (4223000000),63444 ,63444 ,3321 ,5191 ,6685 ,5018 ,8110 ,10642 ,12226 ,7114 ,4402 ,716 ,19 ,32193 ,32193 ,1682 ,2705 ,3776 ,2721 ,4366 ,5860 ,6193 ,3287 ,1458 ,145 ,0 ,31251 ,31251 ,1639 ,2486 ,2909 ,2297 ,3744 ,4782 ,6033 ,3827 ,2944 ,571 ,19
강원도 삼척시 도계읍(4223025000),9623 ,9623 ,233 ,1112 ,1704 ,384 ,885 ,1409 ,1932 ,1200 ,668 ,94 ,2 ,4843 ,4843 ,120 ,566 ,898 ,217 ,497 ,770 ,1015 ,537 ,201 ,22 ,0 ,4780 ,4780 ,113 ,546 ,806 ,167 ,388 ,639 ,917 ,663 ,467 ,72 ,2
강원도 삼척시 원덕읍(4223025300),3197 ,3197 ,72 ,107 ,202 ,185 ,323 ,615 ,768 ,498 ,367 ,57 ,3 ,1697 ,1697 ,37 ,52 ,140 ,127 ,209 ,375 ,416 ,211 ,118 ,12 ,0 ,1500 ,1500 ,35 ,55 ,62 ,58 ,114 ,240 ,352 ,287 ,249 ,45 ,3
강원도 삼척시 원덕읍임원출장소(4223025400),1612 ,1612 ,41 ,53 ,90 ,75 ,168 ,302 ,409 ,265 ,176 ,31 ,2 ,816 ,816 ,18 ,30 ,57 ,44 ,106 ,183 ,207 ,105 ,59 ,7 ,0 ,796 ,796 ,23 ,23 ,33 ,31 ,62 ,119 ,202 ,160 ,117 ,24 ,2
강원도 삼척시 근덕면(4223031000),4933 ,4933 ,97 ,137 ,284 ,259 ,411 ,893 ,1298 ,790 ,639 ,120 ,5 ,2530 ,2530 ,48 ,69 ,171 ,163 ,256 ,550 ,666 ,390 ,197 ,20 ,0 ,2403 ,2403 ,49 ,68 ,113 ,96 ,155 ,343 ,632 ,400 ,442 ,100 ,5
강원도 삼척시 하장면(4223032000),1261 ,1261 ,18 ,33 ,54 ,45 ,114 ,241 ,411 ,199 ,129 ,17 ,0 ,690 ,690 ,12 ,20 ,31 ,28 ,79 ,135 ,228 ,103 ,50 ,4 ,0 ,571 ,571 ,6 ,13 ,23 ,17 ,35 ,106 ,183 ,96 ,79 ,13 ,0
강원도 삼척시 노곡면(4223033000),689 ,689 ,7 ,6 ,21 ,19 ,48 ,124 ,218 ,125 ,96 ,25 ,0 ,376 ,376 ,3 ,2 ,17 ,11 ,38 ,83 ,124 ,62 ,29 ,7 ,0 ,313 ,313 ,4 ,4 ,4 ,8 ,10 ,41 ,94 ,63 ,67 ,18 ,0
강원도 삼척시 미로면(4223034000),1794 ,1794 ,26 ,50 ,77 ,60 ,175 ,306 ,496 ,316 ,238 ,50 ,0 ,932 ,932 ,11 ,33 ,45 ,35 ,123 ,171 ,275 ,160 ,67 ,12 ,0 ,862 ,862 ,15 ,17 ,32 ,25 ,52 ,135 ,221 ,156 ,171 ,38 ,0
강원도 삼척시 가곡면(4223035000),668 ,668 ,13 ,22 ,17 ,20 ,60 ,118 ,193 ,131 ,79 ,15 ,0 ,341 ,341 ,9 ,11 ,12 ,9 ,37 ,72 ,100 ,62 ,26 ,3 ,0 ,327 ,327 ,4 ,11 ,5 ,11 ,23 ,46 ,93 ,69 ,53 ,12 ,0
강원도 삼척시 신기면(4223036000),646 ,646 ,10 ,13 ,22 ,29 ,54 ,127 ,184 ,117 ,79 ,11 ,0 ,355 ,355 ,5 ,4 ,14 ,14 ,42 ,77 ,105 ,61 ,30 ,3 ,0 ,291 ,291 ,5 ,9 ,8 ,15 ,12 ,50 ,79 ,56 ,49 ,8 ,0
강원도 삼척시 남양동(4223051000),7032 ,7032 ,205 ,408 ,623 ,522 ,789 ,1206 ,1581 ,1066 ,539 ,93 ,0 ,3469 ,3469 ,104 ,215 ,355 ,297 ,433 ,608 ,756 ,489 ,198 ,14 ,0 ,3563 ,3563 ,101 ,193 ,268 ,225 ,356 ,598 ,825 ,577 ,341 ,79 ,0
강원도 삼척시 교동(4223053000),15843 ,15843 ,1654 ,1815 ,1997 ,2024 ,2777 ,2553 ,1821 ,757 ,384 ,58 ,3 ,8087 ,8087 ,842 ,951 ,1146 ,1034 ,1367 ,1344 ,895 ,349 ,144 ,15 ,0 ,7756 ,7756 ,812 ,864 ,851 ,990 ,1410 ,1209 ,926 ,408 ,240 ,43 ,3
강원도 삼척시 정라동(4223054000),8453 ,8453 ,526 ,715 ,905 ,795 ,1231 ,1514 ,1411 ,806 ,485 ,63 ,2 ,4291 ,4291 ,259 ,381 ,515 ,422 ,648 ,843 ,692 ,361 ,159 ,11 ,0 ,4162 ,4162 ,267 ,334 ,390 ,373 ,583 ,671 ,719 ,445 ,326 ,52 ,2
강원도 삼척시 성내동(4223057000),7693 ,7693 ,419 ,720 ,689 ,601 ,1075 ,1234 ,1504 ,844 ,523 ,82 ,2 ,3766 ,3766 ,214 ,371 ,375 ,320 ,531 ,649 ,714 ,397 ,180 ,15 ,0 ,3927 ,3927 ,205 ,349 ,314 ,281 ,544 ,585 ,790 ,447 ,343 ,67 ,2
강원도 홍천군 (4272000000),67661 ,67661 ,3286 ,4647 ,5915 ,5572 ,7597 ,11532 ,15751 ,7731 ,4873 ,732 ,25 ,34824 ,34824 ,1671 ,2351 ,3563 ,3089 ,4054 ,6094 ,8219 ,3846 ,1768 ,166 ,3 ,32837 ,32837 ,1615 ,2296 ,2352 ,2483 ,3543 ,5438 ,7532 ,3885 ,3105 ,566 ,22
강원도 홍천군 홍천읍(4272025000),33805 ,33805 ,2326 ,3213 ,3780 ,3653 ,4915 ,5808 ,5649 ,2625 ,1602 ,228 ,6 ,17082 ,17082 ,1201 ,1643 ,2174 ,1967 ,2504 ,2977 ,2805 ,1173 ,579 ,59 ,0 ,16723 ,16723 ,1125 ,1570 ,1606 ,1686 ,2411 ,2831 ,2844 ,1452 ,1023 ,169 ,6
강원도 홍천군 화촌면(4272031000),4343 ,4343 ,78 ,123 ,291 ,204 ,324 ,655 ,1369 ,745 ,456 ,93 ,5 ,2323 ,2323 ,36 ,72 ,206 ,135 ,209 ,371 ,719 ,398 ,155 ,20 ,2 ,2020 ,2020 ,42 ,51 ,85 ,69 ,115 ,284 ,650 ,347 ,301 ,73 ,3
강원도 홍천군 두촌면(4272032000),2425 ,2425 ,25 ,117 ,114 ,106 ,131 ,399 ,775 ,412 ,294 ,50 ,2 ,1234 ,1234 ,14 ,67 ,69 ,58 ,82 ,211 ,404 ,203 ,115 ,11 ,0 ,1191 ,1191 ,11 ,50 ,45 ,48 ,49 ,188 ,371 ,209 ,179 ,39 ,2
강원도 홍천군 내촌면(4272033000),2430 ,2430 ,39 ,75 ,94 ,102 ,142 ,418 ,823 ,412 ,289 ,36 ,0 ,1251 ,1251 ,20 ,34 ,59 ,59 ,88 ,221 ,444 ,212 ,105 ,9 ,0 ,1179 ,1179 ,19 ,41 ,35 ,43 ,54 ,197 ,379 ,200 ,184 ,27 ,0
강원도 홍천군 서석면(4272034000),3679 ,3679 ,105 ,168 ,251 ,192 ,275 ,697 ,1078 ,528 ,334 ,47 ,4 ,1890 ,1890 ,59 ,78 ,158 ,107 ,141 ,359 ,579 ,287 ,112 ,10 ,0 ,1789 ,1789 ,46 ,90 ,93 ,85 ,134 ,338 ,499 ,241 ,222 ,37 ,4
강원도 홍천군 영귀미면(4272035200),4162 ,4162 ,116 ,182 ,187 ,210 ,352 ,715 ,1278 ,675 ,384 ,59 ,4 ,2140 ,2140 ,54 ,105 ,113 ,122 ,200 ,393 ,661 ,338 ,140 ,13 ,1 ,2022 ,2022 ,62 ,77 ,74 ,88 ,152 ,322 ,617 ,337 ,244 ,46 ,3
강원도 홍천군 남면(4272036000),5790 ,5790 ,289 ,332 ,616 ,501 ,493 ,846 ,1441 ,705 ,492 ,75 ,0 ,3079 ,3079 ,131 ,137 ,445 ,298 ,280 ,465 ,759 ,375 ,175 ,14 ,0 ,2711 ,2711 ,158 ,195 ,171 ,203 ,213 ,381 ,682 ,330 ,317 ,61 ,0
강원도 홍천군 서면(4272037000),3798 ,3798 ,86 ,107 ,198 ,225 ,340 ,655 ,1183 ,589 ,351 ,62 ,2 ,1998 ,1998 ,41 ,56 ,116 ,139 ,199 ,350 ,649 ,293 ,138 ,17 ,0 ,1800 ,1800 ,45 ,51 ,82 ,86 ,141 ,305 ,534 ,296 ,213 ,45 ,2
강원도 홍천군 북방면(4272038000),4166 ,4166 ,119 ,192 ,250 ,235 ,367 ,734 ,1192 ,589 ,437 ,49 ,2 ,2195 ,2195 ,58 ,97 ,145 ,131 ,208 ,406 ,662 ,327 ,155 ,6 ,0 ,1971 ,1971 ,61 ,95 ,105 ,104 ,159 ,328 ,530 ,262 ,282 ,43 ,2
강원도 홍천군 내면(4272039000),3063 ,3063 ,103 ,138 ,134 ,144 ,258 ,605 ,963 ,451 ,234 ,33 ,0 ,1632 ,1632 ,57 ,62 ,78 ,73 ,143 ,341 ,537 ,240 ,94 ,7 ,0 ,1431 ,1431 ,46 ,76 ,56 ,71 ,115 ,264 ,426 ,211 ,140 ,26 ,0
강원도 횡성군 (4273000000),46647 ,46647 ,1957 ,3467 ,3319 ,3073 ,4768 ,8179 ,11680 ,5942 ,3701 ,542 ,19 ,23896 ,23896 ,1024 ,1824 ,1889 ,1664 ,2590 ,4336 ,6095 ,2982 ,1390 ,101 ,1 ,22751 ,22751 ,933 ,1643 ,1430 ,1409 ,2178 ,3843 ,5585 ,2960 ,2311 ,441 ,18
강원도 횡성군 횡성읍(4273025000),20937 ,20937 ,1340 ,1960 ,2079 ,1907 ,2834 ,3679 ,3775 ,1893 ,1257 ,205 ,8 ,10524 ,10524 ,697 ,1003 ,1150 ,991 ,1476 ,1939 ,1896 ,863 ,466 ,42 ,1 ,10413 ,10413 ,643 ,957 ,929 ,916 ,1358 ,1740 ,1879 ,1030 ,791 ,163 ,7
강원도 횡성군 우천면(4273031000),4415 ,4415 ,119 ,194 ,304 ,225 ,342 ,795 ,1284 ,671 ,414 ,65 ,2 ,2311 ,2311 ,59 ,105 ,194 ,123 ,197 ,433 ,668 ,366 ,154 ,12 ,0 ,2104 ,2104 ,60 ,89 ,110 ,102 ,145 ,362 ,616 ,305 ,260 ,53 ,2
강원도 횡성군 안흥면(4273032000),3173 ,3173 ,61 ,578 ,108 ,109 ,167 ,467 ,939 ,450 ,260 ,33 ,1 ,1633 ,1633 ,38 ,302 ,60 ,58 ,91 ,241 ,518 ,226 ,96 ,3 ,0 ,1540 ,1540 ,23 ,276 ,48 ,51 ,76 ,226 ,421 ,224 ,164 ,30 ,1
강원도 횡성군 둔내면(4273033000),5944 ,5944 ,208 ,386 ,319 ,340 ,599 ,1143 ,1589 ,818 ,479 ,60 ,3 ,3095 ,3095 ,108 ,215 ,188 ,207 ,340 ,615 ,814 ,409 ,190 ,9 ,0 ,2849 ,2849 ,100 ,171 ,131 ,133 ,259 ,528 ,775 ,409 ,289 ,51 ,3
강원도 횡성군 갑천면(4273034000),2462 ,2462 ,33 ,69 ,119 ,87 ,156 ,435 ,848 ,411 ,268 ,35 ,1 ,1277 ,1277 ,17 ,36 ,56 ,44 ,93 ,237 ,448 ,230 ,111 ,5 ,0 ,1185 ,1185 ,16 ,33 ,63 ,43 ,63 ,198 ,400 ,181 ,157 ,30 ,1
강원도 횡성군 청일면(4273035000),2403 ,2403 ,35 ,61 ,82 ,91 ,147 ,436 ,822 ,418 ,269 ,41 ,1 ,1221 ,1221 ,17 ,35 ,51 ,57 ,82 ,225 ,448 ,212 ,88 ,6 ,0 ,1182 ,1182 ,18 ,26 ,31 ,34 ,65 ,211 ,374 ,206 ,181 ,35 ,1
강원도 횡성군 공근면(4273036000),3455 ,3455 ,66 ,99 ,160 ,147 ,253 ,573 ,1149 ,570 ,369 ,68 ,1 ,1807 ,1807 ,39 ,50 ,94 ,94 ,146 ,322 ,604 ,303 ,141 ,14 ,0 ,1648 ,1648 ,27 ,49 ,66 ,53 ,107 ,251 ,545 ,267 ,228 ,54 ,1
강원도 횡성군 서원면(4273037000),2089 ,2089 ,63 ,54 ,88 ,106 ,151 ,328 ,703 ,353 ,223 ,20 ,0 ,1115 ,1115 ,35 ,35 ,53 ,59 ,103 ,158 ,395 ,192 ,80 ,5 ,0 ,974 ,974 ,28 ,19 ,35 ,47 ,48 ,170 ,308 ,161 ,143 ,15 ,0
강원도 횡성군 강림면(4273038000),1769 ,1769 ,32 ,66 ,60 ,61 ,119 ,323 ,571 ,358 ,162 ,15 ,2 ,913 ,913 ,14 ,43 ,43 ,31 ,62 ,166 ,304 ,181 ,64 ,5 ,0 ,856 ,856 ,18 ,23 ,17 ,30 ,57 ,157 ,267 ,177 ,98 ,10 ,2
강원도 영월군 (4275000000),37641 ,37641 ,1443 ,2668 ,2859 ,2474 ,4169 ,6773 ,8855 ,4938 ,3046 ,405 ,11 ,19491 ,19491 ,762 ,1496 ,1621 ,1356 ,2226 ,3760 ,4738 ,2336 ,1097 ,95 ,4 ,18150 ,18150 ,681 ,1172 ,1238 ,1118 ,1943 ,3013 ,4117 ,2602 ,1949 ,310 ,7
강원도 영월군 영월읍(4275025000),20625 ,20625 ,1119 ,1993 ,2072 ,1763 ,2834 ,3622 ,3699 ,2103 ,1265 ,152 ,3 ,10546 ,10546 ,597 ,1131 ,1154 ,936 ,1425 ,1964 ,1915 ,945 ,444 ,35 ,0 ,10079 ,10079 ,522 ,862 ,918 ,827 ,1409 ,1658 ,1784 ,1158 ,821 ,117 ,3
강원도 영월군 상동읍(4275025300),995 ,995 ,16 ,27 ,52 ,19 ,85 ,183 ,284 ,177 ,135 ,17 ,0 ,518 ,518 ,11 ,16 ,32 ,8 ,52 ,113 ,159 ,76 ,49 ,2 ,0 ,477 ,477 ,5 ,11 ,20 ,11 ,33 ,70 ,125 ,101 ,86 ,15 ,0
강원도 영월군 산솔면(4275031200),1382 ,1382 ,26 ,44 ,55 ,41 ,94 ,275 ,425 ,233 ,168 ,21 ,0 ,741 ,741 ,12 ,20 ,37 ,29 ,57 ,159 ,256 ,105 ,62 ,4 ,0 ,641 ,641 ,14 ,24 ,18 ,12 ,37 ,116 ,169 ,128 ,106 ,17 ,0
강원도 영월군 김삿갓면(4275032500),1744 ,1744 ,21 ,70 ,65 ,57 ,141 ,357 ,576 ,280 ,144 ,33 ,0 ,926 ,926 ,13 ,36 ,44 ,33 ,75 ,196 ,317 ,154 ,52 ,6 ,0 ,818 ,818 ,8 ,34 ,21 ,24 ,66 ,161 ,259 ,126 ,92 ,27 ,0
강원도 영월군 북면(4275033000),2064 ,2064 ,32 ,82 ,101 ,98 ,153 ,396 ,613 ,341 ,221 ,26 ,1 ,1086 ,1086 ,16 ,40 ,53 ,61 ,101 ,215 ,356 ,160 ,76 ,7 ,1 ,978 ,978 ,16 ,42 ,48 ,37 ,52 ,181 ,257 ,181 ,145 ,19 ,0
강원도 영월군 남면(4275034000),2184 ,2184 ,28 ,85 ,109 ,94 ,181 ,380 ,675 ,367 ,226 ,36 ,3 ,1159 ,1159 ,12 ,47 ,67 ,65 ,113 ,225 ,361 ,192 ,71 ,5 ,1 ,1025 ,1025 ,16 ,38 ,42 ,29 ,68 ,155 ,314 ,175 ,155 ,31 ,2
강원도 영월군 한반도면(4275035500),1215 ,1215 ,41 ,45 ,78 ,65 ,103 ,248 ,337 ,181 ,107 ,10 ,0 ,654 ,654 ,18 ,26 ,46 ,30 ,60 ,150 ,186 ,90 ,48 ,0 ,0 ,561 ,561 ,23 ,19 ,32 ,35 ,43 ,98 ,151 ,91 ,59 ,10 ,0
강원도 영월군 한반도면쌍용출장소(4275035900),1604 ,1604 ,44 ,51 ,83 ,84 ,148 ,267 ,417 ,289 ,190 ,30 ,1 ,871 ,871 ,27 ,19 ,50 ,57 ,100 ,172 ,223 ,134 ,76 ,12 ,1 ,733 ,733 ,17 ,32 ,33 ,27 ,48 ,95 ,194 ,155 ,114 ,18 ,0
강원도 영월군 주천면(4275036000),3741 ,3741 ,82 ,193 ,181 ,164 ,284 ,684 ,1103 ,578 ,414 ,56 ,2 ,1907 ,1907 ,40 ,117 ,105 ,90 ,157 ,369 ,586 ,285 ,142 ,15 ,1 ,1834 ,1834 ,42 ,76 ,76 ,74 ,127 ,315 ,517 ,293 ,272 ,41 ,1
강원도 영월군 무릉도원면(4275038000),2087 ,2087 ,34 ,78 ,63 ,89 ,146 ,361 ,726 ,389 ,176 ,24 ,1 ,1083 ,1083 ,16 ,44 ,33 ,47 ,86 ,197 ,379 ,195 ,77 ,9 ,0 ,1004 ,1004 ,18 ,34 ,30 ,42 ,60 ,164 ,347 ,194 ,99 ,15 ,1
강원도 평창군 (4276000000),40729 ,40729 ,1514 ,2669 ,3024 ,2673 ,4692 ,7572 ,9930 ,5253 ,2978 ,407 ,17 ,21064 ,21064 ,735 ,1448 ,1826 ,1437 ,2566 ,4066 ,5242 ,2532 ,1127 ,83 ,2 ,19665 ,19665 ,779 ,1221 ,1198 ,1236 ,2126 ,3506 ,4688 ,2721 ,1851 ,324 ,15
강원도 평창군 평창읍(4276025000),8395 ,8395 ,343 ,657 ,744 ,604 ,986 ,1494 ,1896 ,997 ,580 ,91 ,3 ,4330 ,4330 ,163 ,348 ,446 ,339 ,505 ,792 ,1010 ,492 ,213 ,22 ,0 ,4065 ,4065 ,180 ,309 ,298 ,265 ,481 ,702 ,886 ,505 ,367 ,69 ,3
강원도 평창군 미탄면(4276031000),1610 ,1610 ,37 ,54 ,86 ,59 ,135 ,319 ,493 ,263 ,140 ,24 ,0 ,864 ,864 ,20 ,33 ,53 ,34 ,87 ,180 ,276 ,133 ,47 ,1 ,0 ,746 ,746 ,17 ,21 ,33 ,25 ,48 ,139 ,217 ,130 ,93 ,23 ,0
강원도 평창군 방림면(4276032000),832 ,832 ,16 ,45 ,38 ,31 ,64 ,147 ,262 ,128 ,91 ,9 ,1 ,427 ,427 ,11 ,25 ,24 ,14 ,35 ,70 ,148 ,59 ,40 ,1 ,0 ,405 ,405 ,5 ,20 ,14 ,17 ,29 ,77 ,114 ,69 ,51 ,8 ,1
강원도 평창군 방림면계촌출장소(4276032500),1725 ,1725 ,49 ,69 ,74 ,88 ,140 ,312 ,567 ,269 ,135 ,21 ,1 ,896 ,896 ,24 ,31 ,38 ,42 ,82 ,162 ,318 ,144 ,52 ,3 ,0 ,829 ,829 ,25 ,38 ,36 ,46 ,58 ,150 ,249 ,125 ,83 ,18 ,1
강원도 평창군 대화면(4276033000),5065 ,5065 ,155 ,302 ,336 ,266 ,515 ,932 ,1305 ,711 ,470 ,70 ,3 ,2604 ,2604 ,73 ,158 ,219 ,142 ,280 ,509 ,679 ,343 ,185 ,16 ,0 ,2461 ,2461 ,82 ,144 ,117 ,124 ,235 ,423 ,626 ,368 ,285 ,54 ,3
강원도 평창군 봉평면(4276034000),5731 ,5731 ,233 ,422 ,370 ,391 ,705 ,1105 ,1426 ,688 ,345 ,44 ,2 ,3016 ,3016 ,101 ,238 ,219 ,209 ,385 ,607 ,758 ,346 ,143 ,10 ,0 ,2715 ,2715 ,132 ,184 ,151 ,182 ,320 ,498 ,668 ,342 ,202 ,34 ,2
강원도 평창군 용평면(4276035000),3087 ,3087 ,104 ,191 ,210 ,150 ,314 ,629 ,810 ,384 ,265 ,30 ,0 ,1573 ,1573 ,52 ,100 ,128 ,66 ,171 ,329 ,438 ,181 ,100 ,8 ,0 ,1514 ,1514 ,52 ,91 ,82 ,84 ,143 ,300 ,372 ,203 ,165 ,22 ,0
강원도 평창군 진부면(4276036000),8439 ,8439 ,333 ,579 ,643 ,499 ,1008 ,1544 ,1993 ,1137 ,612 ,84 ,7 ,4263 ,4263 ,174 ,310 ,374 ,247 ,545 ,824 ,1010 ,539 ,223 ,15 ,2 ,4176 ,4176 ,159 ,269 ,269 ,252 ,463 ,720 ,983 ,598 ,389 ,69 ,5
강원도 평창군 대관령면(4276038000),5845 ,5845 ,244 ,350 ,523 ,585 ,825 ,1090 ,1178 ,676 ,340 ,34 ,0 ,3091 ,3091 ,117 ,205 ,325 ,344 ,476 ,593 ,605 ,295 ,124 ,7 ,0 ,2754 ,2754 ,127 ,145 ,198 ,241 ,349 ,497 ,573 ,381 ,216 ,27 ,0
강원도 정선군 (4277000000),34715 ,34715 ,1368 ,2284 ,2398 ,2445 ,4390 ,6374 ,8088 ,4444 ,2563 ,345 ,16 ,18136 ,18136 ,689 ,1164 ,1422 ,1372 ,2517 ,3613 ,4329 ,2027 ,926 ,73 ,4 ,16579 ,16579 ,679 ,1120 ,976 ,1073 ,1873 ,2761 ,3759 ,2417 ,1637 ,272 ,12
강원도 정선군 정선읍(4277025000),10081 ,10081 ,493 ,905 ,881 ,758 ,1450 ,1843 ,1912 ,1115 ,608 ,111 ,5 ,5164 ,5164 ,253 ,461 ,534 ,402 ,744 ,1029 ,999 ,496 ,220 ,24 ,2 ,4917 ,4917 ,240 ,444 ,347 ,356 ,706 ,814 ,913 ,619 ,388 ,87 ,3
강원도 정선군 고한읍(4277025300),4289 ,4289 ,247 ,225 ,289 ,571 ,714 ,682 ,814 ,525 ,203 ,19 ,0 ,2238 ,2238 ,118 ,108 ,149 ,332 ,430 ,396 ,402 ,229 ,72 ,2 ,0 ,2051 ,2051 ,129 ,117 ,140 ,239 ,284 ,286 ,412 ,296 ,131 ,17 ,0
강원도 정선군 사북읍(4277025600),4519 ,4519 ,234 ,364 ,334 ,355 ,690 ,853 ,985 ,462 ,226 ,15 ,1 ,2379 ,2379 ,116 ,179 ,204 ,194 ,391 ,471 ,519 ,216 ,88 ,1 ,0 ,2140 ,2140 ,118 ,185 ,130 ,161 ,299 ,382 ,466 ,246 ,138 ,14 ,1
강원도 정선군 신동읍(4277025900),1759 ,1759 ,56 ,106 ,104 ,78 ,187 ,340 ,449 ,259 ,166 ,14 ,0 ,930 ,930 ,28 ,49 ,70 ,46 ,115 ,193 ,262 ,101 ,62 ,4 ,0 ,829 ,829 ,28 ,57 ,34 ,32 ,72 ,147 ,187 ,158 ,104 ,10 ,0
강원도 정선군 신동읍함백출장소(4277026000),1582 ,1582 ,32 ,99 ,109 ,86 ,150 ,292 ,400 ,242 ,153 ,18 ,1 ,802 ,802 ,15 ,51 ,60 ,55 ,95 ,168 ,218 ,94 ,41 ,4 ,1 ,780 ,780 ,17 ,48 ,49 ,31 ,55 ,124 ,182 ,148 ,112 ,14 ,0
강원도 정선군 남면(4277032000),3116 ,3116 ,101 ,180 ,174 ,207 ,412 ,559 ,829 ,420 ,205 ,26 ,3 ,1657 ,1657 ,57 ,97 ,99 ,125 ,256 ,313 ,442 ,192 ,71 ,5 ,0 ,1459 ,1459 ,44 ,83 ,75 ,82 ,156 ,246 ,387 ,228 ,134 ,21 ,3
강원도 정선군 북평면(4277034000),2458 ,2458 ,58 ,157 ,154 ,108 ,257 ,465 ,606 ,360 ,251 ,40 ,2 ,1261 ,1261 ,29 ,78 ,96 ,63 ,140 ,261 ,304 ,188 ,93 ,8 ,1 ,1197 ,1197 ,29 ,79 ,58 ,45 ,117 ,204 ,302 ,172 ,158 ,32 ,1
강원도 정선군 임계면(4277035000),3397 ,3397 ,68 ,115 ,153 ,144 ,246 ,659 ,1042 ,511 ,403 ,54 ,2 ,1816 ,1816 ,29 ,61 ,93 ,88 ,161 ,374 ,596 ,250 ,152 ,12 ,0 ,1581 ,1581 ,39 ,54 ,60 ,56 ,85 ,285 ,446 ,261 ,251 ,42 ,2
강원도 정선군 화암면(4277036000),1580 ,1580 ,38 ,68 ,88 ,64 ,131 ,331 ,481 ,210 ,153 ,16 ,0 ,864 ,864 ,20 ,39 ,56 ,31 ,83 ,206 ,275 ,94 ,55 ,5 ,0 ,716 ,716 ,18 ,29 ,32 ,33 ,48 ,125 ,206 ,116 ,98 ,11 ,0
강원도 정선군 여량면(4277037000),1934 ,1934 ,41 ,65 ,112 ,74 ,153 ,350 ,570 ,340 ,195 ,32 ,2 ,1025 ,1025 ,24 ,41 ,61 ,36 ,102 ,202 ,312 ,167 ,72 ,8 ,0 ,909 ,909 ,17 ,24 ,51 ,38 ,51 ,148 ,258 ,173 ,123 ,24 ,2
강원도 철원군 (4278000000),41913 ,41913 ,2847 ,3360 ,4672 ,4318 ,5091 ,6629 ,7644 ,4327 ,2646 ,367 ,12 ,21716 ,21716 ,1432 ,1779 ,2979 ,2432 ,2677 ,3541 ,3911 ,1929 ,943 ,92 ,1 ,20197 ,20197 ,1415 ,1581 ,1693 ,1886 ,2414 ,3088 ,3733 ,2398 ,1703 ,275 ,11
강원도 철원군 철원읍(4278025000),5065 ,5065 ,374 ,402 ,532 ,541 ,581 ,840 ,881 ,540 ,329 ,44 ,1 ,2587 ,2587 ,194 ,231 ,306 ,296 ,311 ,459 ,446 ,226 ,104 ,14 ,0 ,2478 ,2478 ,180 ,171 ,226 ,245 ,270 ,381 ,435 ,314 ,225 ,30 ,1
강원도 철원군 김화읍(4278025300),3285 ,3285 ,281 ,247 ,411 ,453 ,328 ,414 ,557 ,324 ,232 ,37 ,1 ,1756 ,1756 ,147 ,136 ,267 ,260 ,189 ,227 ,297 ,136 ,84 ,12 ,1 ,1529 ,1529 ,134 ,111 ,144 ,193 ,139 ,187 ,260 ,188 ,148 ,25 ,0
강원도 철원군 갈말읍(4278025600),11721 ,11721 ,738 ,907 ,1369 ,1200 ,1509 ,1935 ,2171 ,1154 ,649 ,86 ,3 ,6220 ,6220 ,389 ,492 ,903 ,689 ,778 ,1038 ,1121 ,531 ,259 ,20 ,0 ,5501 ,5501 ,349 ,415 ,466 ,511 ,731 ,897 ,1050 ,623 ,390 ,66 ,3
강원도 철원군 동송읍(4278025900),14387 ,14387 ,960 ,1297 ,1488 ,1353 ,1865 ,2323 ,2625 ,1470 ,881 ,121 ,4 ,7277 ,7277 ,449 ,647 ,923 ,742 ,959 ,1221 ,1334 ,666 ,305 ,31 ,0 ,7110 ,7110 ,511 ,650 ,565 ,611 ,906 ,1102 ,1291 ,804 ,576 ,90 ,4
강원도 철원군 서면(4278031000),1771 ,1771 ,140 ,88 ,290 ,241 ,157 ,202 ,295 ,194 ,144 ,19 ,1 ,971 ,971 ,61 ,59 ,209 ,153 ,89 ,109 ,151 ,90 ,46 ,4 ,0 ,800 ,800 ,79 ,29 ,81 ,88 ,68 ,93 ,144 ,104 ,98 ,15 ,1
강원도 철원군 서면와수출장소(4278031500),3500 ,3500 ,210 ,297 ,355 ,290 ,471 ,598 ,649 ,356 ,234 ,39 ,1 ,1758 ,1758 ,115 ,147 ,223 ,150 ,248 ,321 ,319 ,150 ,78 ,7 ,0 ,1742 ,1742 ,95 ,150 ,132 ,140 ,223 ,277 ,330 ,206 ,156 ,32 ,1
강원도 철원군 근남면(4278032000),2082 ,2082 ,144 ,119 ,225 ,238 ,174 ,300 ,445 ,260 ,157 ,19 ,1 ,1099 ,1099 ,77 ,65 ,147 ,140 ,99 ,156 ,234 ,120 ,58 ,3 ,0 ,983 ,983 ,67 ,54 ,78 ,98 ,75 ,144 ,211 ,140 ,99 ,16 ,1
강원도 철원군 근북면(4278033000),102 ,102 ,0 ,3 ,2 ,2 ,6 ,17 ,21 ,29 ,20 ,2 ,0 ,48 ,48 ,0 ,2 ,1 ,2 ,4 ,10 ,9 ,10 ,9 ,1 ,0 ,54 ,54 ,0 ,1 ,1 ,0 ,2 ,7 ,12 ,19 ,11 ,1 ,0
강원도 화천군 (4279000000),23133 ,23133 ,1509 ,1624 ,3016 ,2598 ,2425 ,3620 ,4311 ,2179 ,1620 ,218 ,13 ,12400 ,12400 ,790 ,811 ,1985 ,1563 ,1309 ,1942 ,2354 ,1013 ,573 ,54 ,6 ,10733 ,10733 ,719 ,813 ,1031 ,1035 ,1116 ,1678 ,1957 ,1166 ,1047 ,164 ,7
강원도 화천군 화천읍(4279025000),8106 ,8106 ,629 ,718 ,1020 ,994 ,1024 ,1242 ,1246 ,670 ,501 ,57 ,5 ,4215 ,4215 ,338 ,379 ,599 ,569 ,538 ,645 ,675 ,296 ,159 ,15 ,2 ,3891 ,3891 ,291 ,339 ,421 ,425 ,486 ,597 ,571 ,374 ,342 ,42 ,3
강원도 화천군 간동면(4279031000),2602 ,2602 ,47 ,112 ,196 ,128 ,182 ,556 ,697 ,370 ,260 ,52 ,2 ,1382 ,1382 ,29 ,50 ,137 ,82 ,92 ,314 ,399 ,167 ,98 ,13 ,1 ,1220 ,1220 ,18 ,62 ,59 ,46 ,90 ,242 ,298 ,203 ,162 ,39 ,1
강원도 화천군 하남면(4279032000),2835 ,2835 ,122 ,232 ,264 ,201 ,337 ,491 ,629 ,292 ,240 ,25 ,2 ,1488 ,1488 ,61 ,118 ,154 ,102 ,185 ,271 ,352 ,153 ,86 ,5 ,1 ,1347 ,1347 ,61 ,114 ,110 ,99 ,152 ,220 ,277 ,139 ,154 ,20 ,1
강원도 화천군 상서면(4279033000),3721 ,3721 ,221 ,157 ,777 ,504 ,266 ,468 ,672 ,346 ,273 ,35 ,2 ,2202 ,2202 ,117 ,66 ,610 ,349 ,157 ,262 ,374 ,157 ,101 ,9 ,0 ,1519 ,1519 ,104 ,91 ,167 ,155 ,109 ,206 ,298 ,189 ,172 ,26 ,2
강원도 화천군 사내면(4279034000),5869 ,5869 ,490 ,405 ,759 ,771 ,616 ,863 ,1067 ,501 ,346 ,49 ,2 ,3113 ,3113 ,245 ,198 ,485 ,461 ,337 ,450 ,554 ,240 ,129 ,12 ,2 ,2756 ,2756 ,245 ,207 ,274 ,310 ,279 ,413 ,513 ,261 ,217 ,37 ,0
강원도 양구군 (4280000000),21348 ,21348 ,1536 ,1902 ,2556 ,2363 ,2413 ,3233 ,3912 ,1899 ,1346 ,184 ,4 ,11218 ,11218 ,764 ,950 ,1670 ,1336 ,1286 ,1727 ,2090 ,878 ,469 ,45 ,3 ,10130 ,10130 ,772 ,952 ,886 ,1027 ,1127 ,1506 ,1822 ,1021 ,877 ,139 ,1
강원도 양구군 양구읍(4280025000),13640 ,13640 ,1281 ,1535 ,1528 ,1794 ,1830 ,1966 ,2056 ,932 ,641 ,75 ,2 ,6935 ,6935 ,624 ,750 ,897 ,964 ,947 ,1024 ,1071 ,419 ,215 ,22 ,2 ,6705 ,6705 ,657 ,785 ,631 ,830 ,883 ,942 ,985 ,513 ,426 ,53 ,0
강원도 양구군 국토정중앙면(4280031500),3311 ,3311 ,98 ,163 ,409 ,239 ,254 ,541 ,833 ,408 ,312 ,52 ,2 ,1854 ,1854 ,59 ,89 ,326 ,156 ,143 ,316 ,448 ,195 ,112 ,9 ,1 ,1457 ,1457 ,39 ,74 ,83 ,83 ,111 ,225 ,385 ,213 ,200 ,43 ,1
강원도 양구군 동면(4280032000),1985 ,1985 ,95 ,85 ,330 ,179 ,140 ,302 ,415 ,226 ,182 ,31 ,0 ,1093 ,1093 ,48 ,45 ,231 ,117 ,79 ,166 ,223 ,108 ,69 ,7 ,0 ,892 ,892 ,47 ,40 ,99 ,62 ,61 ,136 ,192 ,118 ,113 ,24 ,0
강원도 양구군 방산면(4280033000),1208 ,1208 ,36 ,57 ,201 ,89 ,79 ,184 ,283 ,154 ,107 ,18 ,0 ,679 ,679 ,18 ,33 ,160 ,57 ,50 ,93 ,155 ,73 ,34 ,6 ,0 ,529 ,529 ,18 ,24 ,41 ,32 ,29 ,91 ,128 ,81 ,73 ,12 ,0
강원도 양구군 해안면(4280034000),1204 ,1204 ,26 ,62 ,88 ,62 ,110 ,240 ,325 ,179 ,104 ,8 ,0 ,657 ,657 ,15 ,33 ,56 ,42 ,67 ,128 ,193 ,83 ,39 ,1 ,0 ,547 ,547 ,11 ,29 ,32 ,20 ,43 ,112 ,132 ,96 ,65 ,7 ,0
강원도 인제군 (4281000000),32097 ,32097 ,2366 ,2289 ,3902 ,3972 ,3960 ,4869 ,6020 ,2720 ,1716 ,276 ,7 ,17481 ,17481 ,1207 ,1193 ,2660 ,2340 ,2170 ,2618 ,3252 ,1335 ,635 ,66 ,5 ,14616 ,14616 ,1159 ,1096 ,1242 ,1632 ,1790 ,2251 ,2768 ,1385 ,1081 ,210 ,2
강원도 인제군 인제읍(4281025000),10206 ,10206 ,946 ,906 ,1142 ,1340 ,1513 ,1526 ,1582 ,743 ,431 ,74 ,3 ,5384 ,5384 ,474 ,496 ,697 ,752 ,790 ,815 ,818 ,365 ,154 ,21 ,2 ,4822 ,4822 ,472 ,410 ,445 ,588 ,723 ,711 ,764 ,378 ,277 ,53 ,1
강원도 인제군 인제읍귀둔출장소(4281025100),495 ,495 ,16 ,27 ,23 ,23 ,45 ,114 ,125 ,79 ,36 ,7 ,0 ,253 ,253 ,5 ,13 ,13 ,13 ,24 ,66 ,60 ,41 ,16 ,2 ,0 ,242 ,242 ,11 ,14 ,10 ,10 ,21 ,48 ,65 ,38 ,20 ,5 ,0
강원도 인제군 남면(4281031000),3826 ,3826 ,242 ,218 ,488 ,525 ,415 ,536 ,779 ,342 ,242 ,38 ,1 ,2097 ,2097 ,119 ,102 ,329 ,334 ,238 ,297 ,407 ,178 ,88 ,5 ,0 ,1729 ,1729 ,123 ,116 ,159 ,191 ,177 ,239 ,372 ,164 ,154 ,33 ,1
강원도 인제군 북면(4281032000),7888 ,7888 ,486 ,623 ,845 ,767 ,1015 ,1336 ,1592 ,683 ,473 ,66 ,2 ,4270 ,4270 ,267 ,318 ,571 ,435 ,561 ,716 ,889 ,321 ,174 ,16 ,2 ,3618 ,3618 ,219 ,305 ,274 ,332 ,454 ,620 ,703 ,362 ,299 ,50 ,0
강원도 인제군 기린면(4281033000),5015 ,5015 ,339 ,316 ,542 ,666 ,594 ,741 ,1056 ,428 ,278 ,55 ,0 ,2746 ,2746 ,172 ,156 ,369 ,395 ,336 ,394 ,588 ,213 ,111 ,12 ,0 ,2269 ,2269 ,167 ,160 ,173 ,271 ,258 ,347 ,468 ,215 ,167 ,43 ,0
강원도 인제군 서화면(4281034000),2612 ,2612 ,195 ,111 ,558 ,427 ,216 ,308 ,431 ,208 ,133 ,25 ,0 ,1552 ,1552 ,98 ,60 ,437 ,277 ,129 ,164 ,233 ,97 ,51 ,6 ,0 ,1060 ,1060 ,97 ,51 ,121 ,150 ,87 ,144 ,198 ,111 ,82 ,19 ,0
강원도 인제군 상남면(4281035000),2055 ,2055 ,142 ,88 ,304 ,224 ,162 ,308 ,455 ,237 ,123 ,11 ,1 ,1179 ,1179 ,72 ,48 ,244 ,134 ,92 ,166 ,257 ,120 ,41 ,4 ,1 ,876 ,876 ,70 ,40 ,60 ,90 ,70 ,142 ,198 ,117 ,82 ,7 ,0
강원도 고성군 (4282000000),27157 ,27157 ,1255 ,1595 ,2541 ,2268 ,2994 ,4668 ,5933 ,3414 ,2156 ,321 ,12 ,14003 ,14003 ,638 ,863 ,1607 ,1271 ,1647 ,2579 ,3037 ,1530 ,749 ,76 ,6 ,13154 ,13154 ,617 ,732 ,934 ,997 ,1347 ,2089 ,2896 ,1884 ,1407 ,245 ,6
강원도 고성군 간성읍(4282025000),7046 ,7046 ,523 ,550 ,866 ,818 ,869 ,1092 ,1216 ,627 ,426 ,57 ,2 ,3718 ,3718 ,263 ,301 ,541 ,468 ,466 ,603 ,627 ,291 ,140 ,17 ,1 ,3328 ,3328 ,260 ,249 ,325 ,350 ,403 ,489 ,589 ,336 ,286 ,40 ,1
강원도 고성군 거진읍(4282025300),5806 ,5806 ,139 ,315 ,408 ,290 ,508 ,1025 ,1439 ,946 ,630 ,103 ,3 ,2889 ,2889 ,74 ,161 ,259 ,161 ,270 ,590 ,732 ,408 ,212 ,20 ,2 ,2917 ,2917 ,65 ,154 ,149 ,129 ,238 ,435 ,707 ,538 ,418 ,83 ,1
강원도 고성군 현내면(4282031000),2250 ,2250 ,56 ,84 ,123 ,132 ,184 ,357 ,624 ,394 ,256 ,39 ,1 ,1100 ,1100 ,26 ,46 ,77 ,67 ,116 ,196 ,318 ,159 ,88 ,6 ,1 ,1150 ,1150 ,30 ,38 ,46 ,65 ,68 ,161 ,306 ,235 ,168 ,33 ,0
강원도 고성군 죽왕면(4282032000),3446 ,3446 ,101 ,163 ,300 ,229 ,338 ,590 ,842 ,485 ,339 ,56 ,3 ,1773 ,1773 ,42 ,95 ,185 ,133 ,201 ,319 ,429 ,234 ,119 ,16 ,0 ,1673 ,1673 ,59 ,68 ,115 ,96 ,137 ,271 ,413 ,251 ,220 ,40 ,3
강원도 고성군 토성면(4282033000),8609 ,8609 ,436 ,483 ,844 ,799 ,1095 ,1604 ,1812 ,962 ,505 ,66 ,3 ,4523 ,4523 ,233 ,260 ,545 ,442 ,594 ,871 ,931 ,438 ,190 ,17 ,2 ,4086 ,4086 ,203 ,223 ,299 ,357 ,501 ,733 ,881 ,524 ,315 ,49 ,1
강원도 양양군 (4283000000),27869 ,27869 ,1148 ,1721 ,2133 ,2151 ,3403 ,4831 ,6181 ,3718 ,2232 ,341 ,10 ,14283 ,14283 ,582 ,940 ,1269 ,1212 ,1859 ,2582 ,3173 ,1746 ,859 ,61 ,0 ,13586 ,13586 ,566 ,781 ,864 ,939 ,1544 ,2249 ,3008 ,1972 ,1373 ,280 ,10
강원도 양양군 양양읍(4283025000),12595 ,12595 ,740 ,1082 ,1138 ,1167 ,1878 ,2187 ,2293 ,1285 ,705 ,118 ,2 ,6396 ,6396 ,380 ,579 ,672 ,621 ,958 ,1137 ,1149 ,602 ,275 ,23 ,0 ,6199 ,6199 ,360 ,503 ,466 ,546 ,920 ,1050 ,1144 ,683 ,430 ,95 ,2
강원도 양양군 서면(4283031000),2725 ,2725 ,30 ,143 ,171 ,133 ,267 ,486 ,686 ,488 ,283 ,37 ,1 ,1405 ,1405 ,16 ,84 ,99 ,80 ,150 ,280 ,355 ,209 ,127 ,5 ,0 ,1320 ,1320 ,14 ,59 ,72 ,53 ,117 ,206 ,331 ,279 ,156 ,32 ,1
강원도 양양군 손양면(4283032000),2311 ,2311 ,61 ,87 ,159 ,164 ,217 ,417 ,533 ,358 ,280 ,34 ,1 ,1160 ,1160 ,30 ,34 ,85 ,98 ,129 ,233 ,275 ,160 ,109 ,7 ,0 ,1151 ,1151 ,31 ,53 ,74 ,66 ,88 ,184 ,258 ,198 ,171 ,27 ,1
강원도 양양군 현북면(4283033000),2635 ,2635 ,78 ,91 ,163 ,171 ,257 ,434 ,704 ,444 ,253 ,37 ,3 ,1367 ,1367 ,41 ,56 ,103 ,111 ,149 ,214 ,362 ,225 ,100 ,6 ,0 ,1268 ,1268 ,37 ,35 ,60 ,60 ,108 ,220 ,342 ,219 ,153 ,31 ,3
강원도 양양군 현남면(4283034000),3002 ,3002 ,79 ,105 ,144 ,210 ,296 ,469 ,773 ,513 ,356 ,57 ,0 ,1579 ,1579 ,31 ,66 ,96 ,121 ,192 ,264 ,422 ,259 ,121 ,7 ,0 ,1423 ,1423 ,48 ,39 ,48 ,89 ,104 ,205 ,351 ,254 ,235 ,50 ,0
강원도 양양군 강현면(4283035000),4601 ,4601 ,160 ,213 ,358 ,306 ,488 ,838 ,1192 ,630 ,355 ,58 ,3 ,2376 ,2376 ,84 ,121 ,214 ,181 ,281 ,454 ,610 ,291 ,127 ,13 ,0 ,2225 ,2225 ,76 ,92 ,144 ,125 ,207 ,384 ,582 ,339 ,228 ,45 ,3
충청북도  (4300000000),1594109 ,1594109 ,106931 ,145301 ,185968 ,186620 ,234423 ,268275 ,255628 ,124825 ,75237 ,10608 ,293 ,810806 ,810806 ,54758 ,75296 ,103385 ,101640 ,121372 ,138067 ,129249 ,58063 ,26621 ,2309 ,46 ,783303 ,783303 ,52173 ,70005 ,82583 ,84980 ,113051 ,130208 ,126379 ,66762 ,48616 ,8299 ,247
충청북도 청주시 (4311000000),849887 ,849887 ,65572 ,84640 ,114129 ,116553 ,135654 ,138421 ,112909 ,50331 ,27669 ,3910 ,99 ,429500 ,429500 ,33528 ,43638 ,62262 ,62679 ,68883 ,69181 ,55721 ,23016 ,9764 ,817 ,11 ,420387 ,420387 ,32044 ,41002 ,51867 ,53874 ,66771 ,69240 ,57188 ,27315 ,17905 ,3093 ,88
충청북도 청주시 상당구 (4311100000),197775 ,197775 ,15156 ,19890 ,23729 ,24104 ,30789 ,33737 ,28559 ,13165 ,7568 ,1053 ,25 ,98278 ,98278 ,7700 ,10220 ,12729 ,12496 ,15352 ,16666 ,14227 ,6001 ,2670 ,213 ,4 ,99497 ,99497 ,7456 ,9670 ,11000 ,11608 ,15437 ,17071 ,14332 ,7164 ,4898 ,840 ,21
충청북도 청주시 상당구 낭성면(4311131000),2133 ,2133 ,35 ,51 ,120 ,115 ,146 ,371 ,648 ,363 ,245 ,37 ,2 ,1120 ,1120 ,23 ,26 ,73 ,66 ,89 ,196 ,364 ,188 ,88 ,7 ,0 ,1013 ,1013 ,12 ,25 ,47 ,49 ,57 ,175 ,284 ,175 ,157 ,30 ,2
충청북도 청주시 상당구 미원면(4311132000),4701 ,4701 ,89 ,149 ,236 ,253 ,356 ,724 ,1420 ,812 ,567 ,94 ,1 ,2414 ,2414 ,43 ,76 ,137 ,162 ,217 ,410 ,751 ,407 ,193 ,18 ,0 ,2287 ,2287 ,46 ,73 ,99 ,91 ,139 ,314 ,669 ,405 ,374 ,76 ,1
충청북도 청주시 상당구 가덕면(4311133000),3794 ,3794 ,74 ,107 ,251 ,204 ,326 ,754 ,1060 ,562 ,410 ,46 ,0 ,1942 ,1942 ,38 ,51 ,141 ,109 ,194 ,406 ,570 ,286 ,140 ,7 ,0 ,1852 ,1852 ,36 ,56 ,110 ,95 ,132 ,348 ,490 ,276 ,270 ,39 ,0
충청북도 청주시 상당구 남일면(4311134000),6645 ,6645 ,326 ,414 ,604 ,648 ,734 ,1180 ,1518 ,634 ,510 ,74 ,3 ,3415 ,3415 ,161 ,214 ,379 ,358 ,401 ,585 ,820 ,306 ,173 ,18 ,0 ,3230 ,3230 ,165 ,200 ,225 ,290 ,333 ,595 ,698 ,328 ,337 ,56 ,3
충청북도 청주시 상당구 문의면(4311135000),3743 ,3743 ,59 ,162 ,263 ,186 ,306 ,689 ,925 ,571 ,498 ,82 ,2 ,1962 ,1962 ,33 ,85 ,157 ,115 ,194 ,397 ,512 ,283 ,164 ,21 ,1 ,1781 ,1781 ,26 ,77 ,106 ,71 ,112 ,292 ,413 ,288 ,334 ,61 ,1
충청북도 청주시 상당구 중앙동(4311152500),6710 ,6710 ,330 ,500 ,1014 ,807 ,867 ,1061 ,1019 ,617 ,452 ,40 ,3 ,3297 ,3297 ,183 ,260 ,479 ,459 ,443 ,522 ,498 ,274 ,170 ,8 ,1 ,3413 ,3413 ,147 ,240 ,535 ,348 ,424 ,539 ,521 ,343 ,282 ,32 ,2
충청북도 청주시 상당구 성안동(4311154500),6621 ,6621 ,215 ,333 ,827 ,717 ,746 ,1112 ,1308 ,783 ,494 ,86 ,0 ,3342 ,3342 ,114 ,164 ,412 ,420 ,425 ,591 ,650 ,345 ,204 ,17 ,0 ,3279 ,3279 ,101 ,169 ,415 ,297 ,321 ,521 ,658 ,438 ,290 ,69 ,0
충청북도 청주시 상당구 탑대성동(4311162000),11060 ,11060 ,610 ,869 ,1320 ,1259 ,1489 ,1918 ,1807 ,1115 ,587 ,85 ,1 ,5380 ,5380 ,311 ,426 ,704 ,706 ,746 ,929 ,838 ,473 ,228 ,18 ,1 ,5680 ,5680 ,299 ,443 ,616 ,553 ,743 ,989 ,969 ,642 ,359 ,67 ,0
충청북도 청주시 상당구 영운동(4311167000),10336 ,10336 ,497 ,798 ,1144 ,1080 ,1430 ,1861 ,1911 ,1032 ,529 ,52 ,2 ,5196 ,5196 ,258 ,411 ,624 ,595 ,772 ,972 ,912 ,430 ,206 ,15 ,1 ,5140 ,5140 ,239 ,387 ,520 ,485 ,658 ,889 ,999 ,602 ,323 ,37 ,1
충청북도 청주시 상당구 금천동(4311168000),30150 ,30150 ,2142 ,3598 ,3710 ,3207 ,5010 ,5329 ,4036 ,2024 ,971 ,121 ,2 ,14619 ,14619 ,1092 ,1825 ,1962 ,1594 ,2424 ,2591 ,1853 ,899 ,357 ,22 ,0 ,15531 ,15531 ,1050 ,1773 ,1748 ,1613 ,2586 ,2738 ,2183 ,1125 ,614 ,99 ,2
충청북도 청주시 상당구 용담.명암.산성동(4311169000),13035 ,13035 ,1220 ,1979 ,1361 ,1315 ,2493 ,2152 ,1420 ,693 ,344 ,56 ,2 ,6397 ,6397 ,622 ,1016 ,753 ,633 ,1148 ,1084 ,689 ,309 ,128 ,15 ,0 ,6638 ,6638 ,598 ,963 ,608 ,682 ,1345 ,1068 ,731 ,384 ,216 ,41 ,2
충청북도 청주시 상당구 용암1동(4311172000),57664 ,57664 ,5362 ,6505 ,7584 ,8096 ,9914 ,9608 ,6806 ,2416 ,1191 ,178 ,4 ,28898 ,28898 ,2714 ,3383 ,4064 ,4185 ,4857 ,4754 ,3438 ,1100 ,375 ,28 ,0 ,28766 ,28766 ,2648 ,3122 ,3520 ,3911 ,5057 ,4854 ,3368 ,1316 ,816 ,150 ,4
충청북도 청주시 상당구 용암2동(4311173000),41183 ,41183 ,4197 ,4425 ,5295 ,6217 ,6972 ,6978 ,4681 ,1543 ,770 ,102 ,3 ,20296 ,20296 ,2108 ,2283 ,2844 ,3094 ,3442 ,3229 ,2332 ,701 ,244 ,19 ,0 ,20887 ,20887 ,2089 ,2142 ,2451 ,3123 ,3530 ,3749 ,2349 ,842 ,526 ,83 ,3
충청북도 청주시 서원구 (4311200000),189070 ,189070 ,11284 ,18518 ,26953 ,21715 ,28006 ,33318 ,28267 ,13063 ,6969 ,955 ,22 ,94272 ,94272 ,5821 ,9576 ,14620 ,11633 ,13871 ,16408 ,13710 ,5898 ,2527 ,207 ,1 ,94798 ,94798 ,5463 ,8942 ,12333 ,10082 ,14135 ,16910 ,14557 ,7165 ,4442 ,748 ,21
충청북도 청주시 서원구 남이면(4311231000),9934 ,9934 ,552 ,579 ,1000 ,1003 ,1172 ,2012 ,2108 ,866 ,561 ,80 ,1 ,5208 ,5208 ,268 ,284 ,597 ,553 ,636 ,1042 ,1163 ,436 ,210 ,19 ,0 ,4726 ,4726 ,284 ,295 ,403 ,450 ,536 ,970 ,945 ,430 ,351 ,61 ,1
충청북도 청주시 서원구 현도면(4311232000),3120 ,3120 ,61 ,85 ,154 ,184 ,268 ,530 ,829 ,525 ,401 ,82 ,1 ,1624 ,1624 ,36 ,37 ,81 ,111 ,174 ,308 ,457 ,257 ,149 ,14 ,0 ,1496 ,1496 ,25 ,48 ,73 ,73 ,94 ,222 ,372 ,268 ,252 ,68 ,1
충청북도 청주시 서원구 사직1동(4311251000),5007 ,5007 ,199 ,294 ,558 ,484 ,653 ,1002 ,996 ,505 ,280 ,36 ,0 ,2584 ,2584 ,91 ,142 ,310 ,276 ,363 ,532 ,531 ,227 ,105 ,7 ,0 ,2423 ,2423 ,108 ,152 ,248 ,208 ,290 ,470 ,465 ,278 ,175 ,29 ,0
충청북도 청주시 서원구 사직2동(4311252000),12855 ,12855 ,1150 ,1366 ,1233 ,1623 ,1947 ,2023 ,2088 ,873 ,476 ,76 ,0 ,6306 ,6306 ,608 ,669 ,654 ,799 ,966 ,963 ,1027 ,424 ,176 ,20 ,0 ,6549 ,6549 ,542 ,697 ,579 ,824 ,981 ,1060 ,1061 ,449 ,300 ,56 ,0
충청북도 청주시 서원구 사창동(4311253000),14478 ,14478 ,507 ,868 ,3415 ,1969 ,1743 ,1978 ,2110 ,1233 ,597 ,57 ,1 ,7345 ,7345 ,256 ,441 ,1812 ,1164 ,956 ,953 ,951 ,549 ,246 ,17 ,0 ,7133 ,7133 ,251 ,427 ,1603 ,805 ,787 ,1025 ,1159 ,684 ,351 ,40 ,1
충청북도 청주시 서원구 모충동(4311254000),17456 ,17456 ,911 ,1175 ,2813 ,2320 ,2121 ,2872 ,3009 ,1411 ,728 ,91 ,5 ,8807 ,8807 ,474 ,601 ,1496 ,1285 ,1154 ,1427 ,1410 ,668 ,268 ,24 ,0 ,8649 ,8649 ,437 ,574 ,1317 ,1035 ,967 ,1445 ,1599 ,743 ,460 ,67 ,5
충청북도 청주시 서원구 산남동(4311255000),25697 ,25697 ,1896 ,3674 ,3465 ,2917 ,4615 ,4812 ,2591 ,1116 ,526 ,82 ,3 ,12855 ,12855 ,960 ,1865 ,1918 ,1509 ,2150 ,2434 ,1297 ,514 ,193 ,15 ,0 ,12842 ,12842 ,936 ,1809 ,1547 ,1408 ,2465 ,2378 ,1294 ,602 ,333 ,67 ,3
충청북도 청주시 서원구 분평동(4311256000),29180 ,29180 ,1952 ,3619 ,4014 ,3050 ,4850 ,5760 ,3427 ,1495 ,895 ,116 ,2 ,14144 ,14144 ,1001 ,1905 ,2187 ,1542 ,2159 ,2819 ,1635 ,576 ,295 ,25 ,0 ,15036 ,15036 ,951 ,1714 ,1827 ,1508 ,2691 ,2941 ,1792 ,919 ,600 ,91 ,2
충청북도 청주시 서원구 수곡1동(4311257000),13124 ,13124 ,463 ,859 ,1951 ,1291 ,1612 ,2262 ,2513 ,1357 ,746 ,66 ,4 ,6669 ,6669 ,251 ,472 ,1087 ,756 ,877 ,1117 ,1204 ,608 ,284 ,13 ,0 ,6455 ,6455 ,212 ,387 ,864 ,535 ,735 ,1145 ,1309 ,749 ,462 ,53 ,4
충청북도 청주시 서원구 수곡2동(4311258000),15358 ,15358 ,781 ,1260 ,1729 ,1650 ,1947 ,2862 ,2941 ,1348 ,735 ,103 ,2 ,7565 ,7565 ,395 ,658 ,944 ,898 ,1019 ,1362 ,1461 ,579 ,231 ,18 ,0 ,7793 ,7793 ,386 ,602 ,785 ,752 ,928 ,1500 ,1480 ,769 ,504 ,85 ,2
충청북도 청주시 서원구 성화.개신.죽림동(4311259000),42861 ,42861 ,2812 ,4739 ,6621 ,5224 ,7078 ,7205 ,5655 ,2334 ,1024 ,166 ,3 ,21165 ,21165 ,1481 ,2502 ,3534 ,2740 ,3417 ,3451 ,2574 ,1060 ,370 ,35 ,1 ,21696 ,21696 ,1331 ,2237 ,3087 ,2484 ,3661 ,3754 ,3081 ,1274 ,654 ,131 ,2
충청북도 청주시 흥덕구 (4311300000),270005 ,270005 ,22397 ,26538 ,38592 ,41613 ,43952 ,43260 ,32574 ,13278 ,6756 ,1018 ,27 ,137361 ,137361 ,11400 ,13709 ,20951 ,22391 ,22293 ,21694 ,16158 ,6173 ,2375 ,211 ,6 ,132644 ,132644 ,10997 ,12829 ,17641 ,19222 ,21659 ,21566 ,16416 ,7105 ,4381 ,807 ,21
충청북도 청주시 흥덕구 오송읍(4311325000),24792 ,24792 ,1970 ,2443 ,3461 ,4109 ,4230 ,3489 ,2891 ,1298 ,780 ,120 ,1 ,12371 ,12371 ,1036 ,1242 ,1669 ,2105 ,2184 ,1798 ,1449 ,593 ,267 ,27 ,1 ,12421 ,12421 ,934 ,1201 ,1792 ,2004 ,2046 ,1691 ,1442 ,705 ,513 ,93 ,0
충청북도 청주시 흥덕구 강내면(4311331000),10567 ,10567 ,554 ,1018 ,1328 ,1050 ,1501 ,1941 ,1748 ,857 ,495 ,72 ,3 ,5408 ,5408 ,270 ,522 ,698 ,585 ,784 ,1016 ,928 ,427 ,167 ,11 ,0 ,5159 ,5159 ,284 ,496 ,630 ,465 ,717 ,925 ,820 ,430 ,328 ,61 ,3
충청북도 청주시 흥덕구 옥산면(4311332000),17754 ,17754 ,2100 ,1324 ,1573 ,3136 ,2838 ,2664 ,2376 ,1038 ,613 ,89 ,3 ,9079 ,9079 ,1046 ,704 ,869 ,1613 ,1541 ,1347 ,1208 ,515 ,216 ,20 ,0 ,8675 ,8675 ,1054 ,620 ,704 ,1523 ,1297 ,1317 ,1168 ,523 ,397 ,69 ,3
충청북도 청주시 흥덕구 운천.신봉동(4311370000),16009 ,16009 ,686 ,1266 ,2224 ,1635 ,2172 ,3149 ,2893 ,1252 ,633 ,96 ,3 ,7902 ,7902 ,371 ,650 ,1191 ,899 ,1086 ,1507 ,1397 ,565 ,218 ,16 ,2 ,8107 ,8107 ,315 ,616 ,1033 ,736 ,1086 ,1642 ,1496 ,687 ,415 ,80 ,1
충청북도 청주시 흥덕구 복대1동(4311374100),49855 ,49855 ,4981 ,6413 ,6611 ,7785 ,9834 ,7615 ,4210 ,1569 ,726 ,109 ,2 ,25505 ,25505 ,2532 ,3362 ,3646 ,4098 ,4824 ,3975 ,2074 ,714 ,262 ,18 ,0 ,24350 ,24350 ,2449 ,3051 ,2965 ,3687 ,5010 ,3640 ,2136 ,855 ,464 ,91 ,2
충청북도 청주시 흥덕구 복대2동(4311374200),15854 ,15854 ,488 ,957 ,3422 ,1954 ,1842 ,2637 ,2589 ,1314 ,570 ,79 ,2 ,8231 ,8231 ,258 ,500 ,1975 ,1204 ,973 ,1290 ,1208 ,594 ,216 ,13 ,0 ,7623 ,7623 ,230 ,457 ,1447 ,750 ,869 ,1347 ,1381 ,720 ,354 ,66 ,2
충청북도 청주시 흥덕구 가경동(4311374700),55040 ,55040 ,4593 ,6449 ,7116 ,6855 ,9159 ,10181 ,6983 ,2411 ,1115 ,173 ,5 ,26837 ,26837 ,2318 ,3307 ,3835 ,3427 ,4278 ,4730 ,3394 ,1105 ,399 ,44 ,0 ,28203 ,28203 ,2275 ,3142 ,3281 ,3428 ,4881 ,5451 ,3589 ,1306 ,716 ,129 ,5
충청북도 청주시 흥덕구 봉명1동(4311375100),9327 ,9327 ,371 ,516 ,1792 ,1657 ,1250 ,1459 ,1368 ,625 ,257 ,30 ,2 ,4972 ,4972 ,190 ,280 ,930 ,967 ,720 ,790 ,699 ,286 ,104 ,5 ,1 ,4355 ,4355 ,181 ,236 ,862 ,690 ,530 ,669 ,669 ,339 ,153 ,25 ,1
충청북도 청주시 흥덕구 봉명2.송정동(4311375600),23397 ,23397 ,1381 ,2116 ,3814 ,3925 ,3735 ,3792 ,2961 ,1085 ,516 ,71 ,1 ,12587 ,12587 ,690 ,1076 ,2175 ,2383 ,2034 ,2017 ,1485 ,524 ,179 ,23 ,1 ,10810 ,10810 ,691 ,1040 ,1639 ,1542 ,1701 ,1775 ,1476 ,561 ,337 ,48 ,0
충청북도 청주시 흥덕구 강서제1동(4311376000),31060 ,31060 ,2363 ,2694 ,5228 ,5251 ,4687 ,4855 ,3575 ,1464 ,803 ,136 ,4 ,15739 ,15739 ,1208 ,1360 ,2705 ,2846 ,2383 ,2476 ,1790 ,675 ,274 ,22 ,0 ,15321 ,15321 ,1155 ,1334 ,2523 ,2405 ,2304 ,2379 ,1785 ,789 ,529 ,114 ,4
충청북도 청주시 흥덕구 강서제2동(4311377000),16350 ,16350 ,2910 ,1342 ,2023 ,4256 ,2704 ,1478 ,980 ,365 ,248 ,43 ,1 ,8730 ,8730 ,1481 ,706 ,1258 ,2264 ,1486 ,748 ,526 ,175 ,73 ,12 ,1 ,7620 ,7620 ,1429 ,636 ,765 ,1992 ,1218 ,730 ,454 ,190 ,175 ,31 ,0
충청북도 청주시 청원구 (4311400000),193037 ,193037 ,16735 ,19694 ,24855 ,29121 ,32907 ,28106 ,23509 ,10825 ,6376 ,884 ,25 ,99589 ,99589 ,8607 ,10133 ,13962 ,16159 ,17367 ,14413 ,11626 ,4944 ,2192 ,186 ,0 ,93448 ,93448 ,8128 ,9561 ,10893 ,12962 ,15540 ,13693 ,11883 ,5881 ,4184 ,698 ,25
충청북도 청주시 청원구 내수읍(4311425000),18863 ,18863 ,1124 ,1740 ,2193 ,1805 ,2787 ,3517 ,3147 ,1440 ,953 ,151 ,6 ,9751 ,9751 ,562 ,917 ,1327 ,1017 ,1475 ,1852 ,1622 ,649 ,304 ,26 ,0 ,9112 ,9112 ,562 ,823 ,866 ,788 ,1312 ,1665 ,1525 ,791 ,649 ,125 ,6
충청북도 청주시 청원구 오창읍(4311425300),69376 ,69376 ,8556 ,8017 ,8194 ,13784 ,13655 ,8028 ,5399 ,2298 ,1239 ,203 ,3 ,37150 ,37150 ,4421 ,4103 ,4849 ,7732 ,7364 ,4421 ,2705 ,1102 ,413 ,40 ,0 ,32226 ,32226 ,4135 ,3914 ,3345 ,6052 ,6291 ,3607 ,2694 ,1196 ,826 ,163 ,3
충청북도 청주시 청원구 북이면(4311431000),4383 ,4383 ,68 ,143 ,276 ,291 ,370 ,761 ,1198 ,675 ,518 ,80 ,3 ,2348 ,2348 ,41 ,71 ,173 ,201 ,242 ,460 ,655 ,326 ,161 ,18 ,0 ,2035 ,2035 ,27 ,72 ,103 ,90 ,128 ,301 ,543 ,349 ,357 ,62 ,3
충청북도 청주시 청원구 우암동(4311451000),12347 ,12347 ,436 ,711 ,2204 ,1481 ,1417 ,1928 ,2057 ,1261 ,776 ,74 ,2 ,6231 ,6231 ,217 ,347 ,1136 ,839 ,820 ,1031 ,1001 ,546 ,276 ,18 ,0 ,6116 ,6116 ,219 ,364 ,1068 ,642 ,597 ,897 ,1056 ,715 ,500 ,56 ,2
충청북도 청주시 청원구 내덕1동(4311452000),8258 ,8258 ,257 ,499 ,980 ,784 ,1030 ,1427 ,1659 ,966 ,584 ,71 ,1 ,4168 ,4168 ,117 ,265 ,552 ,476 ,568 ,731 ,786 ,435 ,220 ,18 ,0 ,4090 ,4090 ,140 ,234 ,428 ,308 ,462 ,696 ,873 ,531 ,364 ,53 ,1
충청북도 청주시 청원구 내덕2동(4311453000),13235 ,13235 ,735 ,1058 ,1998 ,1583 ,1873 ,2210 ,2001 ,1100 ,615 ,61 ,1 ,6835 ,6835 ,383 ,548 ,1113 ,914 ,1021 ,1115 ,986 ,495 ,245 ,15 ,0 ,6400 ,6400 ,352 ,510 ,885 ,669 ,852 ,1095 ,1015 ,605 ,370 ,46 ,1
충청북도 청주시 청원구 율량.사천동(4311454000),48531 ,48531 ,3632 ,5000 ,7200 ,6938 ,8044 ,7900 ,6166 ,2263 ,1211 ,170 ,7 ,24215 ,24215 ,1856 ,2618 ,3874 ,3802 ,3996 ,3654 ,2938 ,1014 ,424 ,39 ,0 ,24316 ,24316 ,1776 ,2382 ,3326 ,3136 ,4048 ,4246 ,3228 ,1249 ,787 ,131 ,7
충청북도 청주시 청원구 오근장동(4311455000),18044 ,18044 ,1927 ,2526 ,1810 ,2455 ,3731 ,2335 ,1882 ,822 ,480 ,74 ,2 ,8891 ,8891 ,1010 ,1264 ,938 ,1178 ,1881 ,1149 ,933 ,377 ,149 ,12 ,0 ,9153 ,9153 ,917 ,1262 ,872 ,1277 ,1850 ,1186 ,949 ,445 ,331 ,62 ,2
충청북도 충주시 (4313000000),207993 ,207993 ,12623 ,17985 ,22133 ,22303 ,29567 ,36212 ,36236 ,18027 ,11303 ,1558 ,46 ,105422 ,105422 ,6397 ,9386 ,12609 ,12403 ,15224 ,18518 ,18307 ,8180 ,4035 ,353 ,10 ,102571 ,102571 ,6226 ,8599 ,9524 ,9900 ,14343 ,17694 ,17929 ,9847 ,7268 ,1205 ,36
충청북도 충주시 주덕읍(4313025000),4807 ,4807 ,90 ,200 ,345 ,310 ,424 ,929 ,1283 ,665 ,470 ,90 ,1 ,2479 ,2479 ,45 ,108 ,206 ,203 ,261 ,507 ,660 ,302 ,172 ,15 ,0 ,2328 ,2328 ,45 ,92 ,139 ,107 ,163 ,422 ,623 ,363 ,298 ,75 ,1
충청북도 충주시 살미면(4313031000),2026 ,2026 ,39 ,52 ,82 ,104 ,134 ,358 ,642 ,378 ,196 ,36 ,5 ,1029 ,1029 ,19 ,32 ,40 ,59 ,75 ,194 ,330 ,200 ,71 ,8 ,1 ,997 ,997 ,20 ,20 ,42 ,45 ,59 ,164 ,312 ,178 ,125 ,28 ,4
충청북도 충주시 수안보면(4313032500),2841 ,2841 ,54 ,105 ,141 ,139 ,223 ,514 ,841 ,465 ,315 ,44 ,0 ,1425 ,1425 ,28 ,59 ,80 ,83 ,130 ,276 ,437 ,218 ,104 ,10 ,0 ,1416 ,1416 ,26 ,46 ,61 ,56 ,93 ,238 ,404 ,247 ,211 ,34 ,0
충청북도 충주시 대소원면(4313033500),9221 ,9221 ,581 ,428 ,1382 ,1429 ,1248 ,1474 ,1538 ,625 ,446 ,70 ,0 ,5219 ,5219 ,297 ,236 ,875 ,926 ,731 ,818 ,850 ,309 ,154 ,23 ,0 ,4002 ,4002 ,284 ,192 ,507 ,503 ,517 ,656 ,688 ,316 ,292 ,47 ,0
충청북도 충주시 신니면(4313035000),2795 ,2795 ,27 ,78 ,118 ,136 ,177 ,496 ,846 ,470 ,393 ,53 ,1 ,1435 ,1435 ,10 ,38 ,76 ,80 ,114 ,284 ,457 ,217 ,142 ,17 ,0 ,1360 ,1360 ,17 ,40 ,42 ,56 ,63 ,212 ,389 ,253 ,251 ,36 ,1
충청북도 충주시 노은면(4313036000),2239 ,2239 ,39 ,83 ,96 ,90 ,154 ,339 ,692 ,409 ,291 ,46 ,0 ,1146 ,1146 ,23 ,49 ,55 ,51 ,108 ,180 ,360 ,205 ,101 ,14 ,0 ,1093 ,1093 ,16 ,34 ,41 ,39 ,46 ,159 ,332 ,204 ,190 ,32 ,0
충청북도 충주시 앙성면(4313037000),3926 ,3926 ,52 ,113 ,192 ,173 ,278 ,741 ,1174 ,676 ,441 ,86 ,0 ,2015 ,2015 ,27 ,63 ,119 ,106 ,146 ,417 ,610 ,336 ,169 ,22 ,0 ,1911 ,1911 ,25 ,50 ,73 ,67 ,132 ,324 ,564 ,340 ,272 ,64 ,0
충청북도 충주시 중앙탑면(4313038500),13736 ,13736 ,1929 ,1227 ,1257 ,2983 ,2431 ,1602 ,1329 ,581 ,339 ,56 ,2 ,7092 ,7092 ,997 ,583 ,718 ,1618 ,1291 ,818 ,659 ,277 ,118 ,12 ,1 ,6644 ,6644 ,932 ,644 ,539 ,1365 ,1140 ,784 ,670 ,304 ,221 ,44 ,1
충청북도 충주시 금가면(4313039000),3842 ,3842 ,289 ,275 ,556 ,439 ,490 ,516 ,636 ,342 ,272 ,27 ,0 ,2062 ,2062 ,139 ,131 ,374 ,253 ,276 ,297 ,327 ,155 ,99 ,11 ,0 ,1780 ,1780 ,150 ,144 ,182 ,186 ,214 ,219 ,309 ,187 ,173 ,16 ,0
충청북도 충주시 동량면(4313040000),3543 ,3543 ,94 ,136 ,230 ,167 ,265 ,639 ,966 ,555 ,422 ,68 ,1 ,1798 ,1798 ,40 ,70 ,127 ,92 ,160 ,348 ,519 ,264 ,163 ,15 ,0 ,1745 ,1745 ,54 ,66 ,103 ,75 ,105 ,291 ,447 ,291 ,259 ,53 ,1
충청북도 충주시 산척면(4313041000),2201 ,2201 ,39 ,68 ,108 ,111 ,169 ,372 ,625 ,372 ,294 ,42 ,1 ,1130 ,1130 ,21 ,36 ,65 ,76 ,95 ,203 ,338 ,167 ,117 ,11 ,1 ,1071 ,1071 ,18 ,32 ,43 ,35 ,74 ,169 ,287 ,205 ,177 ,31 ,0
충청북도 충주시 엄정면(4313042000),3049 ,3049 ,56 ,122 ,138 ,142 ,207 ,489 ,941 ,486 ,406 ,60 ,2 ,1548 ,1548 ,31 ,72 ,77 ,84 ,122 ,270 ,496 ,229 ,151 ,16 ,0 ,1501 ,1501 ,25 ,50 ,61 ,58 ,85 ,219 ,445 ,257 ,255 ,44 ,2
충청북도 충주시 소태면(4313043000),1896 ,1896 ,48 ,79 ,68 ,88 ,120 ,304 ,587 ,307 ,266 ,29 ,0 ,982 ,982 ,24 ,40 ,44 ,51 ,71 ,166 ,318 ,156 ,102 ,10 ,0 ,914 ,914 ,24 ,39 ,24 ,37 ,49 ,138 ,269 ,151 ,164 ,19 ,0
충청북도 충주시 성내.충인동(4313051500),2533 ,2533 ,87 ,143 ,250 ,184 ,299 ,408 ,541 ,366 ,228 ,27 ,0 ,1248 ,1248 ,38 ,73 ,148 ,106 ,168 ,223 ,249 ,148 ,89 ,6 ,0 ,1285 ,1285 ,49 ,70 ,102 ,78 ,131 ,185 ,292 ,218 ,139 ,21 ,0
충청북도 충주시 교현.안림동(4313053500),22849 ,22849 ,1420 ,2309 ,2391 ,2157 ,3468 ,4204 ,3852 ,1822 ,1096 ,124 ,6 ,11340 ,11340 ,715 ,1194 ,1347 ,1158 ,1748 ,2080 ,1915 ,801 ,350 ,30 ,2 ,11509 ,11509 ,705 ,1115 ,1044 ,999 ,1720 ,2124 ,1937 ,1021 ,746 ,94 ,4
충청북도 충주시 교현2동(4313054000),6540 ,6540 ,204 ,448 ,744 ,530 ,815 ,1162 ,1283 ,814 ,478 ,61 ,1 ,3312 ,3312 ,98 ,235 ,411 ,333 ,440 ,593 ,656 ,355 ,179 ,12 ,0 ,3228 ,3228 ,106 ,213 ,333 ,197 ,375 ,569 ,627 ,459 ,299 ,49 ,1
충청북도 충주시 용산동(4313055000),14480 ,14480 ,923 ,1891 ,1622 ,1335 ,2607 ,2618 ,1959 ,902 ,554 ,67 ,2 ,7120 ,7120 ,444 ,1015 ,915 ,684 ,1250 ,1242 ,966 ,373 ,215 ,16 ,0 ,7360 ,7360 ,479 ,876 ,707 ,651 ,1357 ,1376 ,993 ,529 ,339 ,51 ,2
충청북도 충주시 지현동(4313056000),5116 ,5116 ,207 ,470 ,513 ,420 ,709 ,865 ,944 ,595 ,352 ,41 ,0 ,2535 ,2535 ,111 ,248 ,269 ,224 ,357 ,451 ,462 ,261 ,143 ,9 ,0 ,2581 ,2581 ,96 ,222 ,244 ,196 ,352 ,414 ,482 ,334 ,209 ,32 ,0
충청북도 충주시 문화동(4313057100),9093 ,9093 ,272 ,593 ,896 ,708 ,1079 ,1633 ,1972 ,1213 ,641 ,83 ,3 ,4576 ,4576 ,128 ,315 ,508 ,401 ,594 ,850 ,978 ,531 ,254 ,16 ,1 ,4517 ,4517 ,144 ,278 ,388 ,307 ,485 ,783 ,994 ,682 ,387 ,67 ,2
충청북도 충주시 호암.직동(4313058000),22028 ,22028 ,2240 ,2667 ,2675 ,3618 ,3957 ,3219 ,2273 ,863 ,448 ,65 ,3 ,10974 ,10974 ,1155 ,1365 ,1391 ,1874 ,1936 ,1614 ,1093 ,396 ,141 ,9 ,0 ,11054 ,11054 ,1085 ,1302 ,1284 ,1744 ,2021 ,1605 ,1180 ,467 ,307 ,56 ,3
충청북도 충주시 달천동(4313060500),3810 ,3810 ,67 ,154 ,561 ,246 ,381 ,686 ,894 ,465 ,312 ,44 ,0 ,2068 ,2068 ,34 ,91 ,310 ,170 ,240 ,389 ,505 ,215 ,107 ,7 ,0 ,1742 ,1742 ,33 ,63 ,251 ,76 ,141 ,297 ,389 ,250 ,205 ,37 ,0
충청북도 충주시 봉방동(4313061000),8837 ,8837 ,382 ,657 ,978 ,827 ,1236 ,1723 ,1624 ,914 ,451 ,40 ,5 ,4620 ,4620 ,201 ,337 ,576 ,491 ,673 ,955 ,788 ,420 ,167 ,11 ,1 ,4217 ,4217 ,181 ,320 ,402 ,336 ,563 ,768 ,836 ,494 ,284 ,29 ,4
충청북도 충주시 칠금.금릉동(4313062500),14118 ,14118 ,802 ,1583 ,1693 ,1321 ,2154 ,2873 ,2159 ,933 ,529 ,69 ,2 ,6925 ,6925 ,407 ,824 ,921 ,705 ,1009 ,1412 ,1055 ,403 ,177 ,12 ,0 ,7193 ,7193 ,395 ,759 ,772 ,616 ,1145 ,1461 ,1104 ,530 ,352 ,57 ,2
충청북도 충주시 연수동(4313063000),35941 ,35941 ,2216 ,3455 ,4394 ,3912 ,5458 ,6802 ,5688 ,2410 ,1407 ,191 ,8 ,17936 ,17936 ,1129 ,1825 ,2545 ,2171 ,2663 ,3265 ,2781 ,1052 ,469 ,35 ,1 ,18005 ,18005 ,1087 ,1630 ,1849 ,1741 ,2795 ,3537 ,2907 ,1358 ,938 ,156 ,7
충청북도 충주시 목행.용탄동(4313064000),6526 ,6526 ,466 ,649 ,703 ,734 ,1084 ,1246 ,947 ,399 ,256 ,39 ,3 ,3408 ,3408 ,236 ,347 ,412 ,404 ,566 ,666 ,498 ,190 ,81 ,6 ,2 ,3118 ,3118 ,230 ,302 ,291 ,330 ,518 ,580 ,449 ,209 ,175 ,33 ,1
충청북도 제천시 (4315000000),131459 ,131459 ,7322 ,11650 ,14506 ,11687 ,16923 ,22893 ,25052 ,13054 ,7437 ,900 ,35 ,66103 ,66103 ,3757 ,5972 ,8124 ,6321 ,8650 ,11758 ,12470 ,6110 ,2740 ,195 ,6 ,65356 ,65356 ,3565 ,5678 ,6382 ,5366 ,8273 ,11135 ,12582 ,6944 ,4697 ,705 ,29
충청북도 제천시 봉양읍(4315025000),6763 ,6763 ,210 ,333 ,454 ,394 ,604 ,1231 ,1841 ,961 ,639 ,93 ,3 ,3450 ,3450 ,114 ,168 ,251 ,231 ,346 ,644 ,952 ,481 ,244 ,19 ,0 ,3313 ,3313 ,96 ,165 ,203 ,163 ,258 ,587 ,889 ,480 ,395 ,74 ,3
충청북도 제천시 금성면(4315031000),1824 ,1824 ,27 ,83 ,80 ,97 ,123 ,295 ,569 ,290 ,224 ,34 ,2 ,969 ,969 ,17 ,52 ,50 ,59 ,71 ,163 ,316 ,151 ,86 ,4 ,0 ,855 ,855 ,10 ,31 ,30 ,38 ,52 ,132 ,253 ,139 ,138 ,30 ,2
충청북도 제천시 청풍면(4315032000),1276 ,1276 ,18 ,44 ,56 ,61 ,80 ,234 ,396 ,219 ,153 ,14 ,1 ,657 ,657 ,13 ,24 ,28 ,42 ,48 ,121 ,211 ,112 ,55 ,3 ,0 ,619 ,619 ,5 ,20 ,28 ,19 ,32 ,113 ,185 ,107 ,98 ,11 ,1
충청북도 제천시 수산면(4315033000),2002 ,2002 ,37 ,54 ,64 ,57 ,118 ,370 ,641 ,389 ,243 ,29 ,0 ,1052 ,1052 ,18 ,32 ,43 ,39 ,75 ,198 ,345 ,213 ,80 ,9 ,0 ,950 ,950 ,19 ,22 ,21 ,18 ,43 ,172 ,296 ,176 ,163 ,20 ,0
충청북도 제천시 덕산면(4315034000),2151 ,2151 ,55 ,184 ,73 ,74 ,151 ,330 ,614 ,391 ,238 ,41 ,0 ,1098 ,1098 ,33 ,102 ,43 ,34 ,85 ,172 ,339 ,197 ,88 ,5 ,0 ,1053 ,1053 ,22 ,82 ,30 ,40 ,66 ,158 ,275 ,194 ,150 ,36 ,0
충청북도 제천시 한수면(4315035000),678 ,678 ,18 ,32 ,24 ,29 ,63 ,126 ,198 ,105 ,71 ,11 ,1 ,345 ,345 ,8 ,17 ,19 ,18 ,37 ,74 ,95 ,52 ,21 ,3 ,1 ,333 ,333 ,10 ,15 ,5 ,11 ,26 ,52 ,103 ,53 ,50 ,8 ,0
충청북도 제천시 백운면(4315036000),3304 ,3304 ,63 ,141 ,135 ,131 ,199 ,549 ,1071 ,563 ,396 ,56 ,0 ,1709 ,1709 ,39 ,73 ,89 ,74 ,113 ,288 ,570 ,305 ,146 ,12 ,0 ,1595 ,1595 ,24 ,68 ,46 ,57 ,86 ,261 ,501 ,258 ,250 ,44 ,0
충청북도 제천시 송학면(4315038000),4747 ,4747 ,89 ,212 ,409 ,239 ,330 ,825 ,1370 ,744 ,464 ,64 ,1 ,2521 ,2521 ,49 ,116 ,255 ,156 ,202 ,432 ,737 ,378 ,177 ,18 ,1 ,2226 ,2226 ,40 ,96 ,154 ,83 ,128 ,393 ,633 ,366 ,287 ,46 ,0
충청북도 제천시 교동(4315051000),18149 ,18149 ,1321 ,2129 ,2036 ,1808 ,2930 ,3492 ,2632 ,1156 ,593 ,49 ,3 ,8943 ,8943 ,680 ,1080 ,1140 ,934 ,1351 ,1732 ,1320 ,487 ,208 ,11 ,0 ,9206 ,9206 ,641 ,1049 ,896 ,874 ,1579 ,1760 ,1312 ,669 ,385 ,38 ,3
충청북도 제천시 의림지동(4315051800),10121 ,10121 ,681 ,1068 ,1508 ,929 ,1511 ,1792 ,1520 ,677 ,375 ,58 ,2 ,5028 ,5028 ,376 ,525 ,835 ,467 ,730 ,910 ,729 ,314 ,127 ,15 ,0 ,5093 ,5093 ,305 ,543 ,673 ,462 ,781 ,882 ,791 ,363 ,248 ,43 ,2
충청북도 제천시 중앙동(4315052800),5592 ,5592 ,219 ,361 ,587 ,433 ,652 ,956 ,1180 ,766 ,392 ,44 ,2 ,2758 ,2758 ,101 ,186 ,305 ,251 ,349 ,513 ,524 ,339 ,179 ,11 ,0 ,2834 ,2834 ,118 ,175 ,282 ,182 ,303 ,443 ,656 ,427 ,213 ,33 ,2
충청북도 제천시 남현동(4315053700),4784 ,4784 ,161 ,273 ,528 ,380 ,513 ,800 ,1121 ,664 ,323 ,20 ,1 ,2382 ,2382 ,75 ,149 ,292 ,227 ,279 ,415 ,506 ,312 ,125 ,2 ,0 ,2402 ,2402 ,86 ,124 ,236 ,153 ,234 ,385 ,615 ,352 ,198 ,18 ,1
충청북도 제천시 영서동(4315054700),9943 ,9943 ,718 ,891 ,922 ,989 ,1421 ,1686 ,1728 ,986 ,533 ,65 ,4 ,4958 ,4958 ,369 ,461 ,514 ,505 ,744 ,878 ,826 ,448 ,196 ,15 ,2 ,4985 ,4985 ,349 ,430 ,408 ,484 ,677 ,808 ,902 ,538 ,337 ,50 ,2
충청북도 제천시 용두동(4315056000),19119 ,19119 ,1178 ,2308 ,3218 ,2047 ,2528 ,3101 ,2786 ,1168 ,695 ,89 ,1 ,9563 ,9563 ,582 ,1144 ,1762 ,1099 ,1275 ,1549 ,1422 ,494 ,219 ,17 ,0 ,9556 ,9556 ,596 ,1164 ,1456 ,948 ,1253 ,1552 ,1364 ,674 ,476 ,72 ,1
충청북도 제천시 신백동(4315057700),10770 ,10770 ,557 ,1087 ,1247 ,883 ,1538 ,2137 ,1785 ,950 ,523 ,60 ,3 ,5391 ,5391 ,279 ,548 ,723 ,486 ,733 ,1095 ,921 ,415 ,174 ,17 ,0 ,5379 ,5379 ,278 ,539 ,524 ,397 ,805 ,1042 ,864 ,535 ,349 ,43 ,3
충청북도 제천시 청전동(4315059000),15242 ,15242 ,541 ,1012 ,1783 ,1278 ,1785 ,2659 ,3378 ,1832 ,872 ,96 ,6 ,7676 ,7676 ,271 ,549 ,999 ,755 ,956 ,1331 ,1585 ,876 ,331 ,21 ,2 ,7566 ,7566 ,270 ,463 ,784 ,523 ,829 ,1328 ,1793 ,956 ,541 ,75 ,4
충청북도 제천시 화산동(4315060500),14994 ,14994 ,1429 ,1438 ,1382 ,1858 ,2377 ,2310 ,2222 ,1193 ,703 ,77 ,5 ,7603 ,7603 ,733 ,746 ,776 ,944 ,1256 ,1243 ,1072 ,536 ,284 ,13 ,0 ,7391 ,7391 ,696 ,692 ,606 ,914 ,1121 ,1067 ,1150 ,657 ,419 ,64 ,5
충청북도 보은군 (4372000000),31375 ,31375 ,1174 ,1931 ,2052 ,1889 ,2988 ,5287 ,7704 ,4405 ,3355 ,577 ,13 ,15849 ,15849 ,611 ,1034 ,1225 ,1039 ,1648 ,2918 ,4033 ,2084 ,1129 ,127 ,1 ,15526 ,15526 ,563 ,897 ,827 ,850 ,1340 ,2369 ,3671 ,2321 ,2226 ,450 ,12
충청북도 보은군 보은읍(4372025000),14487 ,14487 ,827 ,1269 ,1240 ,1128 ,1765 ,2560 ,2877 ,1567 ,1062 ,186 ,6 ,7216 ,7216 ,416 ,677 ,729 ,565 ,915 ,1361 ,1436 ,712 ,360 ,44 ,1 ,7271 ,7271 ,411 ,592 ,511 ,563 ,850 ,1199 ,1441 ,855 ,702 ,142 ,5
충청북도 보은군 속리산면(4372031500),1783 ,1783 ,26 ,60 ,102 ,68 ,109 ,354 ,532 ,310 ,190 ,31 ,1 ,912 ,912 ,16 ,27 ,60 ,49 ,65 ,190 ,283 ,141 ,72 ,9 ,0 ,871 ,871 ,10 ,33 ,42 ,19 ,44 ,164 ,249 ,169 ,118 ,22 ,1
충청북도 보은군 장안면(4372032500),1433 ,1433 ,75 ,66 ,100 ,124 ,161 ,227 ,309 ,185 ,158 ,26 ,2 ,752 ,752 ,40 ,30 ,64 ,79 ,89 ,142 ,161 ,93 ,49 ,5 ,0 ,681 ,681 ,35 ,36 ,36 ,45 ,72 ,85 ,148 ,92 ,109 ,21 ,2
충청북도 보은군 마로면(4372033000),2123 ,2123 ,42 ,83 ,74 ,70 ,131 ,326 ,647 ,389 ,315 ,45 ,1 ,1040 ,1040 ,22 ,49 ,41 ,38 ,81 ,179 ,343 ,171 ,105 ,11 ,0 ,1083 ,1083 ,20 ,34 ,33 ,32 ,50 ,147 ,304 ,218 ,210 ,34 ,1
충청북도 보은군 탄부면(4372034000),1615 ,1615 ,20 ,49 ,66 ,65 ,98 ,232 ,446 ,310 ,282 ,47 ,0 ,795 ,795 ,12 ,27 ,43 ,48 ,58 ,132 ,227 ,136 ,102 ,10 ,0 ,820 ,820 ,8 ,22 ,23 ,17 ,40 ,100 ,219 ,174 ,180 ,37 ,0
충청북도 보은군 삼승면(4372035000),2275 ,2275 ,49 ,97 ,147 ,160 ,204 ,332 ,582 ,351 ,311 ,41 ,1 ,1156 ,1156 ,28 ,50 ,78 ,108 ,126 ,192 ,299 ,166 ,103 ,6 ,0 ,1119 ,1119 ,21 ,47 ,69 ,52 ,78 ,140 ,283 ,185 ,208 ,35 ,1
충청북도 보은군 수한면(4372036000),1846 ,1846 ,35 ,86 ,84 ,71 ,144 ,262 ,572 ,308 ,243 ,40 ,1 ,935 ,935 ,15 ,43 ,46 ,38 ,86 ,146 ,317 ,159 ,78 ,7 ,0 ,911 ,911 ,20 ,43 ,38 ,33 ,58 ,116 ,255 ,149 ,165 ,33 ,1
충청북도 보은군 회남면(4372037000),728 ,728 ,14 ,24 ,16 ,20 ,40 ,114 ,264 ,129 ,92 ,15 ,0 ,411 ,411 ,9 ,15 ,13 ,10 ,27 ,70 ,150 ,75 ,39 ,3 ,0 ,317 ,317 ,5 ,9 ,3 ,10 ,13 ,44 ,114 ,54 ,53 ,12 ,0
충청북도 보은군 회인면(4372038500),1718 ,1718 ,37 ,72 ,62 ,62 ,106 ,279 ,498 ,311 ,244 ,46 ,1 ,862 ,862 ,20 ,40 ,44 ,34 ,72 ,158 ,269 ,150 ,68 ,7 ,0 ,856 ,856 ,17 ,32 ,18 ,28 ,34 ,121 ,229 ,161 ,176 ,39 ,1
충청북도 보은군 내북면(4372039000),1631 ,1631 ,27 ,58 ,78 ,58 ,105 ,285 ,463 ,280 ,220 ,57 ,0 ,834 ,834 ,18 ,35 ,52 ,30 ,61 ,169 ,251 ,135 ,67 ,16 ,0 ,797 ,797 ,9 ,23 ,26 ,28 ,44 ,116 ,212 ,145 ,153 ,41 ,0
충청북도 보은군 산외면(4372040000),1736 ,1736 ,22 ,67 ,83 ,63 ,125 ,316 ,514 ,265 ,238 ,43 ,0 ,936 ,936 ,15 ,41 ,55 ,40 ,68 ,179 ,297 ,146 ,86 ,9 ,0 ,800 ,800 ,7 ,26 ,28 ,23 ,57 ,137 ,217 ,119 ,152 ,34 ,0
충청북도 옥천군 (4373000000),49292 ,49292 ,2031 ,3669 ,3837 ,3309 ,5746 ,8443 ,10920 ,6403 ,4218 ,699 ,17 ,24883 ,24883 ,1060 ,1950 ,2195 ,1718 ,3043 ,4518 ,5665 ,3091 ,1464 ,178 ,1 ,24409 ,24409 ,971 ,1719 ,1642 ,1591 ,2703 ,3925 ,5255 ,3312 ,2754 ,521 ,16
충청북도 옥천군 옥천읍(4373025000),28483 ,28483 ,1668 ,2936 ,2901 ,2387 ,4257 ,4914 ,4896 ,2754 ,1529 ,235 ,6 ,14238 ,14238 ,861 ,1565 ,1620 ,1194 ,2143 ,2551 ,2409 ,1265 ,577 ,53 ,0 ,14245 ,14245 ,807 ,1371 ,1281 ,1193 ,2114 ,2363 ,2487 ,1489 ,952 ,182 ,6
충청북도 옥천군 동이면(4373031000),3179 ,3179 ,69 ,112 ,157 ,155 ,248 ,594 ,940 ,477 ,358 ,67 ,2 ,1640 ,1640 ,37 ,58 ,107 ,92 ,143 ,315 ,504 ,244 ,121 ,18 ,1 ,1539 ,1539 ,32 ,54 ,50 ,63 ,105 ,279 ,436 ,233 ,237 ,49 ,1
충청북도 옥천군 안남면(4373032000),1389 ,1389 ,38 ,58 ,53 ,62 ,78 ,223 ,399 ,243 ,195 ,40 ,0 ,712 ,712 ,24 ,29 ,35 ,34 ,46 ,122 ,225 ,124 ,64 ,9 ,0 ,677 ,677 ,14 ,29 ,18 ,28 ,32 ,101 ,174 ,119 ,131 ,31 ,0
충청북도 옥천군 안내면(4373033000),1927 ,1927 ,35 ,65 ,83 ,60 ,131 ,308 ,557 ,349 ,292 ,46 ,1 ,987 ,987 ,20 ,32 ,52 ,33 ,77 ,183 ,300 ,188 ,88 ,14 ,0 ,940 ,940 ,15 ,33 ,31 ,27 ,54 ,125 ,257 ,161 ,204 ,32 ,1
충청북도 옥천군 청성면(4373034000),2298 ,2298 ,33 ,54 ,67 ,74 ,115 ,352 ,733 ,432 ,365 ,70 ,3 ,1153 ,1153 ,22 ,24 ,50 ,37 ,69 ,200 ,393 ,217 ,120 ,21 ,0 ,1145 ,1145 ,11 ,30 ,17 ,37 ,46 ,152 ,340 ,215 ,245 ,49 ,3
충청북도 옥천군 청산면(4373035000),2895 ,2895 ,40 ,112 ,114 ,92 ,199 ,442 ,840 ,581 ,417 ,55 ,3 ,1424 ,1424 ,18 ,59 ,66 ,47 ,123 ,252 ,450 ,269 ,124 ,16 ,0 ,1471 ,1471 ,22 ,53 ,48 ,45 ,76 ,190 ,390 ,312 ,293 ,39 ,3
충청북도 옥천군 이원면(4373036000),4017 ,4017 ,76 ,157 ,199 ,225 ,319 ,680 ,1065 ,709 ,499 ,88 ,0 ,2061 ,2061 ,36 ,88 ,112 ,132 ,205 ,377 ,576 ,358 ,156 ,21 ,0 ,1956 ,1956 ,40 ,69 ,87 ,93 ,114 ,303 ,489 ,351 ,343 ,67 ,0
충청북도 옥천군 군서면(4373037000),2149 ,2149 ,32 ,77 ,106 ,102 ,158 ,363 ,604 ,392 ,265 ,50 ,0 ,1124 ,1124 ,22 ,41 ,62 ,59 ,101 ,201 ,338 ,191 ,94 ,15 ,0 ,1025 ,1025 ,10 ,36 ,44 ,43 ,57 ,162 ,266 ,201 ,171 ,35 ,0
충청북도 옥천군 군북면(4373038000),2955 ,2955 ,40 ,98 ,157 ,152 ,241 ,567 ,886 ,466 ,298 ,48 ,2 ,1544 ,1544 ,20 ,54 ,91 ,90 ,136 ,317 ,470 ,235 ,120 ,11 ,0 ,1411 ,1411 ,20 ,44 ,66 ,62 ,105 ,250 ,416 ,231 ,178 ,37 ,2
충청북도 영동군 (4374000000),44684 ,44684 ,1746 ,2985 ,3449 ,2670 ,4633 ,7784 ,10271 ,6182 ,4355 ,592 ,17 ,22374 ,22374 ,898 ,1540 ,1953 ,1465 ,2509 ,4193 ,5329 ,2807 ,1543 ,135 ,2 ,22310 ,22310 ,848 ,1445 ,1496 ,1205 ,2124 ,3591 ,4942 ,3375 ,2812 ,457 ,15
충청북도 영동군 영동읍(4374025000),19611 ,19611 ,1223 ,1873 ,2110 ,1634 ,2741 ,3410 ,3373 ,1952 ,1161 ,132 ,2 ,9736 ,9736 ,631 ,974 ,1163 ,854 ,1376 ,1778 ,1691 ,838 ,407 ,24 ,0 ,9875 ,9875 ,592 ,899 ,947 ,780 ,1365 ,1632 ,1682 ,1114 ,754 ,108 ,2
충청북도 영동군 용산면(4374031000),3293 ,3293 ,59 ,142 ,226 ,160 ,266 ,612 ,903 ,491 ,384 ,47 ,3 ,1701 ,1701 ,33 ,58 ,131 ,97 ,164 ,332 ,488 ,256 ,137 ,5 ,0 ,1592 ,1592 ,26 ,84 ,95 ,63 ,102 ,280 ,415 ,235 ,247 ,42 ,3
충청북도 영동군 황간면(4374032000),4021 ,4021 ,112 ,256 ,225 ,202 ,355 ,718 ,1041 ,653 ,417 ,40 ,2 ,2030 ,2030 ,57 ,141 ,129 ,106 ,199 ,397 ,547 ,301 ,146 ,7 ,0 ,1991 ,1991 ,55 ,115 ,96 ,96 ,156 ,321 ,494 ,352 ,271 ,33 ,2
충청북도 영동군 추풍령면(4374033500),2201 ,2201 ,40 ,91 ,105 ,91 ,174 ,407 ,617 ,365 ,266 ,42 ,3 ,1094 ,1094 ,21 ,49 ,55 ,54 ,106 ,219 ,307 ,181 ,89 ,12 ,1 ,1107 ,1107 ,19 ,42 ,50 ,37 ,68 ,188 ,310 ,184 ,177 ,30 ,2
충청북도 영동군 매곡면(4374034000),1859 ,1859 ,42 ,77 ,88 ,71 ,132 ,311 ,519 ,302 ,274 ,41 ,2 ,950 ,950 ,25 ,39 ,60 ,40 ,86 ,184 ,267 ,137 ,98 ,14 ,0 ,909 ,909 ,17 ,38 ,28 ,31 ,46 ,127 ,252 ,165 ,176 ,27 ,2
충청북도 영동군 상촌면(4374035000),2204 ,2204 ,40 ,89 ,76 ,76 ,122 ,366 ,628 ,441 ,307 ,57 ,2 ,1083 ,1083 ,16 ,48 ,50 ,47 ,67 ,210 ,319 ,213 ,102 ,10 ,1 ,1121 ,1121 ,24 ,41 ,26 ,29 ,55 ,156 ,309 ,228 ,205 ,47 ,1
충청북도 영동군 양강면(4374036000),3039 ,3039 ,78 ,143 ,247 ,135 ,242 ,545 ,780 ,462 ,365 ,41 ,1 ,1536 ,1536 ,34 ,81 ,150 ,80 ,144 ,295 ,408 ,210 ,120 ,14 ,0 ,1503 ,1503 ,44 ,62 ,97 ,55 ,98 ,250 ,372 ,252 ,245 ,27 ,1
충청북도 영동군 용화면(4374037000),956 ,956 ,23 ,43 ,37 ,23 ,61 ,182 ,266 ,143 ,155 ,22 ,1 ,493 ,493 ,11 ,24 ,21 ,14 ,38 ,110 ,152 ,62 ,55 ,6 ,0 ,463 ,463 ,12 ,19 ,16 ,9 ,23 ,72 ,114 ,81 ,100 ,16 ,1
충청북도 영동군 학산면(4374038000),2677 ,2677 ,51 ,99 ,118 ,91 ,193 ,427 ,786 ,473 ,378 ,61 ,0 ,1355 ,1355 ,30 ,44 ,73 ,60 ,123 ,240 ,412 ,217 ,144 ,12 ,0 ,1322 ,1322 ,21 ,55 ,45 ,31 ,70 ,187 ,374 ,256 ,234 ,49 ,0
충청북도 영동군 양산면(4374039000),1778 ,1778 ,21 ,73 ,77 ,56 ,131 ,308 ,465 ,340 ,255 ,51 ,1 ,870 ,870 ,12 ,36 ,42 ,36 ,79 ,162 ,261 ,136 ,93 ,13 ,0 ,908 ,908 ,9 ,37 ,35 ,20 ,52 ,146 ,204 ,204 ,162 ,38 ,1
충청북도 영동군 심천면(4374040000),3045 ,3045 ,57 ,99 ,140 ,131 ,216 ,498 ,893 ,560 ,393 ,58 ,0 ,1526 ,1526 ,28 ,46 ,79 ,77 ,127 ,266 ,477 ,256 ,152 ,18 ,0 ,1519 ,1519 ,29 ,53 ,61 ,54 ,89 ,232 ,416 ,304 ,241 ,40 ,0
충청북도 증평군 (4374500000),37331 ,37331 ,2713 ,3394 ,4359 ,4503 ,5568 ,6139 ,5812 ,2887 ,1736 ,218 ,2 ,19448 ,19448 ,1390 ,1790 ,2544 ,2557 ,3012 ,3207 ,2935 ,1361 ,614 ,38 ,0 ,17883 ,17883 ,1323 ,1604 ,1815 ,1946 ,2556 ,2932 ,2877 ,1526 ,1122 ,180 ,2
충청북도 증평군 증평읍(4374525000),35556 ,35556 ,2673 ,3334 ,4245 ,4418 ,5415 ,5834 ,5334 ,2595 ,1520 ,186 ,2 ,18500 ,18500 ,1366 ,1758 ,2465 ,2510 ,2922 ,3026 ,2677 ,1201 ,541 ,34 ,0 ,17056 ,17056 ,1307 ,1576 ,1780 ,1908 ,2493 ,2808 ,2657 ,1394 ,979 ,152 ,2
충청북도 증평군 도안면(4374531000),1775 ,1775 ,40 ,60 ,114 ,85 ,153 ,305 ,478 ,292 ,216 ,32 ,0 ,948 ,948 ,24 ,32 ,79 ,47 ,90 ,181 ,258 ,160 ,73 ,4 ,0 ,827 ,827 ,16 ,28 ,35 ,38 ,63 ,124 ,220 ,132 ,143 ,28 ,0
충청북도 진천군 (4375000000),85802 ,85802 ,6792 ,8409 ,8850 ,10960 ,14187 ,14080 ,12330 ,5710 ,3912 ,558 ,14 ,45378 ,45378 ,3547 ,4382 ,5169 ,6160 ,7744 ,7768 ,6444 ,2704 ,1339 ,117 ,4 ,40424 ,40424 ,3245 ,4027 ,3681 ,4800 ,6443 ,6312 ,5886 ,3006 ,2573 ,441 ,10
충청북도 진천군 진천읍(4375025000),29852 ,29852 ,1772 ,3101 ,3800 ,2928 ,4708 ,5410 ,4426 ,2162 ,1368 ,175 ,2 ,15494 ,15494 ,938 ,1651 ,2204 ,1635 ,2435 ,2927 ,2211 ,981 ,470 ,40 ,2 ,14358 ,14358 ,834 ,1450 ,1596 ,1293 ,2273 ,2483 ,2215 ,1181 ,898 ,135 ,0
충청북도 진천군 덕산읍(4375025300),30031 ,30031 ,4064 ,3516 ,2772 ,5725 ,6177 ,3727 ,2441 ,932 ,588 ,87 ,2 ,15953 ,15953 ,2118 ,1799 ,1563 ,3092 ,3408 ,2058 ,1259 ,436 ,199 ,21 ,0 ,14078 ,14078 ,1946 ,1717 ,1209 ,2633 ,2769 ,1669 ,1182 ,496 ,389 ,66 ,2
충청북도 진천군 덕산읍혁신도시출장소(4375025400),0 ,0 ,0 ,0 ,0 ,0 ,0 ,0 ,0 ,0 ,0 ,0 ,0 ,0 ,0 ,0 ,0 ,0 ,0 ,0 ,0 ,0 ,0 ,0 ,0 ,0 ,0 ,0 ,0 ,0 ,0 ,0 ,0 ,0 ,0 ,0 ,0 ,0 ,0
충청북도 진천군 초평면(4375032000),3041 ,3041 ,61 ,141 ,187 ,158 ,256 ,523 ,825 ,445 ,381 ,61 ,3 ,1593 ,1593 ,28 ,76 ,118 ,100 ,159 ,317 ,438 ,227 ,119 ,11 ,0 ,1448 ,1448 ,33 ,65 ,69 ,58 ,97 ,206 ,387 ,218 ,262 ,50 ,3
충청북도 진천군 문백면(4375033000),3391 ,3391 ,90 ,133 ,199 ,227 ,308 ,661 ,878 ,473 ,373 ,49 ,0 ,1780 ,1780 ,40 ,57 ,131 ,138 ,201 ,357 ,487 ,234 ,127 ,8 ,0 ,1611 ,1611 ,50 ,76 ,68 ,89 ,107 ,304 ,391 ,239 ,246 ,41 ,0
충청북도 진천군 백곡면(4375034000),2050 ,2050 ,35 ,61 ,92 ,94 ,161 ,351 ,601 ,338 ,277 ,36 ,4 ,1044 ,1044 ,19 ,33 ,53 ,50 ,96 ,204 ,322 ,169 ,90 ,7 ,1 ,1006 ,1006 ,16 ,28 ,39 ,44 ,65 ,147 ,279 ,169 ,187 ,29 ,3
충청북도 진천군 이월면(4375035000),6239 ,6239 ,162 ,344 ,538 ,505 ,682 ,1168 ,1512 ,719 ,520 ,86 ,3 ,3352 ,3352 ,83 ,188 ,326 ,331 ,396 ,645 ,825 ,356 ,184 ,17 ,1 ,2887 ,2887 ,79 ,156 ,212 ,174 ,286 ,523 ,687 ,363 ,336 ,69 ,2
충청북도 진천군 광혜원면(4375037000),11198 ,11198 ,608 ,1113 ,1262 ,1323 ,1895 ,2240 ,1647 ,641 ,405 ,64 ,0 ,6162 ,6162 ,321 ,578 ,774 ,814 ,1049 ,1260 ,902 ,301 ,150 ,13 ,0 ,5036 ,5036 ,287 ,535 ,488 ,509 ,846 ,980 ,745 ,340 ,255 ,51 ,0
충청북도 괴산군 (4376000000),36779 ,36779 ,1171 ,1774 ,2256 ,2084 ,3436 ,6692 ,9765 ,5396 ,3663 ,529 ,13 ,18957 ,18957 ,586 ,911 ,1329 ,1180 ,1939 ,3697 ,5234 ,2674 ,1286 ,119 ,2 ,17822 ,17822 ,585 ,863 ,927 ,904 ,1497 ,2995 ,4531 ,2722 ,2377 ,410 ,11
충청북도 괴산군 괴산읍(4376025000),9358 ,9358 ,508 ,801 ,998 ,858 ,1290 ,1645 ,1660 ,949 ,575 ,72 ,2 ,4769 ,4769 ,246 ,399 ,572 ,467 ,675 ,930 ,835 ,433 ,198 ,14 ,0 ,4589 ,4589 ,262 ,402 ,426 ,391 ,615 ,715 ,825 ,516 ,377 ,58 ,2
충청북도 괴산군 감물면(4376031000),2070 ,2070 ,66 ,110 ,98 ,86 ,184 ,362 ,606 ,291 ,232 ,34 ,1 ,1081 ,1081 ,36 ,53 ,55 ,48 ,113 ,207 ,319 ,155 ,90 ,5 ,0 ,989 ,989 ,30 ,57 ,43 ,38 ,71 ,155 ,287 ,136 ,142 ,29 ,1
충청북도 괴산군 장연면(4376032000),1895 ,1895 ,46 ,58 ,69 ,71 ,141 ,373 ,603 ,276 ,225 ,32 ,1 ,971 ,971 ,28 ,31 ,39 ,41 ,74 ,212 ,336 ,126 ,76 ,7 ,1 ,924 ,924 ,18 ,27 ,30 ,30 ,67 ,161 ,267 ,150 ,149 ,25 ,0
충청북도 괴산군 연풍면(4376033000),2252 ,2252 ,38 ,63 ,100 ,89 ,199 ,360 ,705 ,383 ,274 ,41 ,0 ,1187 ,1187 ,12 ,36 ,66 ,50 ,119 ,194 ,395 ,198 ,109 ,8 ,0 ,1065 ,1065 ,26 ,27 ,34 ,39 ,80 ,166 ,310 ,185 ,165 ,33 ,0
충청북도 괴산군 칠성면(4376034000),3074 ,3074 ,69 ,117 ,170 ,156 ,266 ,636 ,835 ,460 ,325 ,40 ,0 ,1568 ,1568 ,27 ,56 ,89 ,94 ,162 ,360 ,452 ,219 ,100 ,9 ,0 ,1506 ,1506 ,42 ,61 ,81 ,62 ,104 ,276 ,383 ,241 ,225 ,31 ,0
충청북도 괴산군 문광면(4376035000),2189 ,2189 ,49 ,99 ,115 ,111 ,178 ,387 ,610 ,364 ,235 ,41 ,0 ,1128 ,1128 ,29 ,52 ,69 ,64 ,100 ,217 ,322 ,196 ,73 ,6 ,0 ,1061 ,1061 ,20 ,47 ,46 ,47 ,78 ,170 ,288 ,168 ,162 ,35 ,0
충청북도 괴산군 청천면(4376036000),5152 ,5152 ,112 ,181 ,205 ,193 ,368 ,955 ,1619 ,861 ,570 ,86 ,2 ,2670 ,2670 ,58 ,101 ,135 ,108 ,208 ,502 ,882 ,440 ,215 ,21 ,0 ,2482 ,2482 ,54 ,80 ,70 ,85 ,160 ,453 ,737 ,421 ,355 ,65 ,2
충청북도 괴산군 청안면(4376037000),3416 ,3416 ,106 ,122 ,164 ,174 ,239 ,652 ,981 ,524 ,392 ,59 ,3 ,1757 ,1757 ,51 ,62 ,96 ,101 ,146 ,358 ,533 ,264 ,129 ,17 ,0 ,1659 ,1659 ,55 ,60 ,68 ,73 ,93 ,294 ,448 ,260 ,263 ,42 ,3
충청북도 괴산군 사리면(4376039000),2615 ,2615 ,58 ,85 ,162 ,124 ,217 ,483 ,705 ,425 ,308 ,45 ,3 ,1351 ,1351 ,35 ,42 ,98 ,70 ,130 ,274 ,380 ,208 ,103 ,10 ,1 ,1264 ,1264 ,23 ,43 ,64 ,54 ,87 ,209 ,325 ,217 ,205 ,35 ,2
충청북도 괴산군 소수면(4376040000),2089 ,2089 ,54 ,53 ,78 ,106 ,160 ,363 ,655 ,372 ,210 ,38 ,0 ,1080 ,1080 ,27 ,31 ,44 ,65 ,91 ,190 ,354 ,198 ,70 ,10 ,0 ,1009 ,1009 ,27 ,22 ,34 ,41 ,69 ,173 ,301 ,174 ,140 ,28 ,0
충청북도 괴산군 불정면(4376041000),2669 ,2669 ,65 ,85 ,97 ,116 ,194 ,476 ,786 ,491 ,317 ,41 ,1 ,1395 ,1395 ,37 ,48 ,66 ,72 ,121 ,253 ,426 ,237 ,123 ,12 ,0 ,1274 ,1274 ,28 ,37 ,31 ,44 ,73 ,223 ,360 ,254 ,194 ,29 ,1
충청북도 음성군 (4377000000),91822 ,91822 ,4843 ,7143 ,8579 ,8961 ,12916 ,17232 ,17581 ,8514 ,5256 ,771 ,26 ,48797 ,48797 ,2492 ,3758 ,4918 ,5185 ,7210 ,9550 ,9435 ,4205 ,1878 ,158 ,8 ,43025 ,43025 ,2351 ,3385 ,3661 ,3776 ,5706 ,7682 ,8146 ,4309 ,3378 ,613 ,18
충청북도 음성군 음성읍(4377025000),16746 ,16746 ,773 ,1259 ,1498 ,1429 ,2125 ,3161 ,3476 ,1830 ,1045 ,146 ,4 ,8594 ,8594 ,411 ,637 ,865 ,780 ,1173 ,1647 ,1810 ,854 ,383 ,33 ,1 ,8152 ,8152 ,362 ,622 ,633 ,649 ,952 ,1514 ,1666 ,976 ,662 ,113 ,3
충청북도 음성군 금왕읍(4377025300),19448 ,19448 ,992 ,1765 ,2022 ,1836 ,3090 ,3866 ,3387 ,1460 ,893 ,131 ,6 ,10469 ,10469 ,525 ,953 ,1186 ,1092 ,1697 ,2162 ,1816 ,679 ,327 ,31 ,1 ,8979 ,8979 ,467 ,812 ,836 ,744 ,1393 ,1704 ,1571 ,781 ,566 ,100 ,5
충청북도 음성군 소이면(4377031000),2859 ,2859 ,47 ,106 ,135 ,157 ,198 ,436 ,801 ,525 ,402 ,51 ,1 ,1489 ,1489 ,25 ,55 ,81 ,105 ,128 ,245 ,428 ,260 ,148 ,14 ,0 ,1370 ,1370 ,22 ,51 ,54 ,52 ,70 ,191 ,373 ,265 ,254 ,37 ,1
충청북도 음성군 원남면(4377032000),2991 ,2991 ,55 ,93 ,134 ,157 ,196 ,492 ,892 ,540 ,361 ,68 ,3 ,1564 ,1564 ,28 ,56 ,81 ,90 ,128 ,275 ,487 ,285 ,119 ,14 ,1 ,1427 ,1427 ,27 ,37 ,53 ,67 ,68 ,217 ,405 ,255 ,242 ,54 ,2
충청북도 음성군 맹동면(4377033000),13241 ,13241 ,1317 ,1234 ,1328 ,2275 ,2376 ,1840 ,1657 ,729 ,433 ,52 ,0 ,6931 ,6931 ,655 ,641 ,669 ,1238 ,1294 ,998 ,913 ,371 ,141 ,11 ,0 ,6310 ,6310 ,662 ,593 ,659 ,1037 ,1082 ,842 ,744 ,358 ,292 ,41 ,0
충청북도 음성군 대소면(4377034000),15543 ,15543 ,886 ,1464 ,1674 ,1569 ,2538 ,3391 ,2421 ,954 ,577 ,68 ,1 ,8560 ,8560 ,439 ,801 ,979 ,959 ,1402 ,1938 ,1350 ,483 ,190 ,18 ,1 ,6983 ,6983 ,447 ,663 ,695 ,610 ,1136 ,1453 ,1071 ,471 ,387 ,50 ,0
충청북도 음성군 삼성면(4377035000),6583 ,6583 ,183 ,341 ,501 ,481 ,733 ,1375 ,1632 ,765 ,489 ,81 ,2 ,3677 ,3677 ,112 ,181 ,325 ,305 ,457 ,797 ,909 ,399 ,178 ,13 ,1 ,2906 ,2906 ,71 ,160 ,176 ,176 ,276 ,578 ,723 ,366 ,311 ,68 ,1
충청북도 음성군 생극면(4377036000),4499 ,4499 ,137 ,219 ,327 ,276 ,432 ,858 ,1146 ,619 ,400 ,80 ,5 ,2429 ,2429 ,72 ,116 ,212 ,171 ,264 ,492 ,621 ,318 ,152 ,9 ,2 ,2070 ,2070 ,65 ,103 ,115 ,105 ,168 ,366 ,525 ,301 ,248 ,71 ,3
충청북도 음성군 감곡면(4377037000),9912 ,9912 ,453 ,662 ,960 ,781 ,1228 ,1813 ,2169 ,1092 ,656 ,94 ,4 ,5084 ,5084 ,225 ,318 ,520 ,445 ,667 ,996 ,1101 ,556 ,240 ,15 ,1 ,4828 ,4828 ,228 ,344 ,440 ,336 ,561 ,817 ,1068 ,536 ,416 ,79 ,3
충청북도 단양군 (4380000000),27685 ,27685 ,944 ,1721 ,1818 ,1701 ,2805 ,5092 ,7048 ,3916 ,2333 ,296 ,11 ,14095 ,14095 ,492 ,935 ,1057 ,933 ,1510 ,2759 ,3676 ,1831 ,829 ,72 ,1 ,13590 ,13590 ,452 ,786 ,761 ,768 ,1295 ,2333 ,3372 ,2085 ,1504 ,224 ,10
충청북도 단양군 단양읍(4380025000),10052 ,10052 ,532 ,869 ,931 ,882 ,1338 ,1851 ,1987 ,1014 ,567 ,78 ,3 ,5066 ,5066 ,271 ,449 ,524 ,468 ,699 ,991 ,994 ,446 ,204 ,20 ,0 ,4986 ,4986 ,261 ,420 ,407 ,414 ,639 ,860 ,993 ,568 ,363 ,58 ,3
충청북도 단양군 매포읍(4380025300),5072 ,5072 ,205 ,359 ,386 ,351 ,593 ,936 ,1056 ,726 ,420 ,40 ,0 ,2636 ,2636 ,114 ,197 ,243 ,203 ,329 ,532 ,544 ,322 ,142 ,10 ,0 ,2436 ,2436 ,91 ,162 ,143 ,148 ,264 ,404 ,512 ,404 ,278 ,30 ,0
충청북도 단양군 대강면(4380031000),2400 ,2400 ,46 ,94 ,112 ,83 ,158 ,450 ,726 ,419 ,266 ,45 ,1 ,1199 ,1199 ,25 ,50 ,59 ,43 ,84 ,243 ,387 ,210 ,90 ,8 ,0 ,1201 ,1201 ,21 ,44 ,53 ,40 ,74 ,207 ,339 ,209 ,176 ,37 ,1
충청북도 단양군 가곡면(4380032000),2046 ,2046 ,46 ,118 ,82 ,69 ,139 ,368 ,639 ,353 ,206 ,25 ,1 ,1091 ,1091 ,27 ,75 ,52 ,37 ,83 ,198 ,337 ,198 ,79 ,5 ,0 ,955 ,955 ,19 ,43 ,30 ,32 ,56 ,170 ,302 ,155 ,127 ,20 ,1
충청북도 단양군 영춘면(4380033000),3122 ,3122 ,46 ,145 ,115 ,110 ,264 ,613 ,919 ,547 ,328 ,34 ,1 ,1489 ,1489 ,23 ,85 ,67 ,65 ,119 ,303 ,456 ,240 ,122 ,9 ,0 ,1633 ,1633 ,23 ,60 ,48 ,45 ,145 ,310 ,463 ,307 ,206 ,25 ,1
충청북도 단양군 어상천면(4380034000),1861 ,1861 ,23 ,52 ,65 ,60 ,119 ,342 ,666 ,300 ,211 ,23 ,0 ,1024 ,1024 ,12 ,34 ,45 ,34 ,77 ,190 ,380 ,153 ,95 ,4 ,0 ,837 ,837 ,11 ,18 ,20 ,26 ,42 ,152 ,286 ,147 ,116 ,19 ,0
충청북도 단양군 적성면(4380035000),1516 ,1516 ,22 ,24 ,51 ,75 ,99 ,243 ,519 ,282 ,174 ,24 ,3 ,782 ,782 ,10 ,13 ,25 ,44 ,65 ,142 ,283 ,134 ,56 ,10 ,0 ,734 ,734 ,12 ,11 ,26 ,31 ,34 ,101 ,236 ,148 ,118 ,14 ,3
충청북도 단양군 단성면(4380036000),1616 ,1616 ,24 ,60 ,76 ,71 ,95 ,289 ,536 ,275 ,161 ,27 ,2 ,808 ,808 ,10 ,32 ,42 ,39 ,54 ,160 ,295 ,128 ,41 ,6 ,1 ,808 ,808 ,14 ,28 ,34 ,32 ,41 ,129 ,241 ,147 ,120 ,21 ,1
충청남도  (4400000000),2125333 ,2125333 ,149159 ,202070 ,229023 ,251520 ,326376 ,342929 ,319899 ,175151 ,110898 ,17806 ,502 ,1088126 ,1088126 ,76402 ,104582 ,127288 ,136276 ,173594 ,182052 ,162180 ,81950 ,39507 ,4226 ,69 ,1037207 ,1037207 ,72757 ,97488 ,101735 ,115244 ,152782 ,160877 ,157719 ,93201 ,71391 ,13580 ,433
충청남도 천안시 (4413000000),657984 ,657984 ,52682 ,67856 ,91494 ,98646 ,112306 ,105853 ,76620 ,32520 ,17310 ,2618 ,79 ,336952 ,336952 ,27038 ,34928 ,48654 ,52844 ,58497 ,54149 ,38969 ,15138 ,6151 ,573 ,11 ,321032 ,321032 ,25644 ,32928 ,42840 ,45802 ,53809 ,51704 ,37651 ,17382 ,11159 ,2045 ,68
충청남도 천안시 동남구 (4413100000),257777 ,257777 ,17155 ,25721 ,34009 ,31452 ,41586 ,43938 ,36766 ,16710 ,8978 ,1418 ,44 ,130626 ,130626 ,8790 ,13226 ,18071 ,16794 ,21429 ,22378 ,18514 ,7851 ,3247 ,320 ,6 ,127151 ,127151 ,8365 ,12495 ,15938 ,14658 ,20157 ,21560 ,18252 ,8859 ,5731 ,1098 ,38
충청남도 천안시 동남구 목천읍(4413125000),23679 ,23679 ,1318 ,2368 ,2615 ,2179 ,3901 ,4790 ,3615 ,1714 ,994 ,180 ,5 ,12135 ,12135 ,690 ,1255 ,1475 ,1153 ,2020 ,2535 ,1859 ,771 ,339 ,36 ,2 ,11544 ,11544 ,628 ,1113 ,1140 ,1026 ,1881 ,2255 ,1756 ,943 ,655 ,144 ,3
충청남도 천안시 동남구 풍세면(4413131000),3994 ,3994 ,104 ,187 ,371 ,297 ,394 ,666 ,1022 ,538 ,352 ,63 ,0 ,2193 ,2193 ,58 ,98 ,236 ,191 ,255 ,389 ,545 ,275 ,134 ,12 ,0 ,1801 ,1801 ,46 ,89 ,135 ,106 ,139 ,277 ,477 ,263 ,218 ,51 ,0
충청남도 천안시 동남구 광덕면(4413132000),4179 ,4179 ,88 ,161 ,271 ,277 ,380 ,766 ,1168 ,611 ,381 ,74 ,2 ,2135 ,2135 ,48 ,95 ,166 ,155 ,209 ,393 ,629 ,308 ,117 ,15 ,0 ,2044 ,2044 ,40 ,66 ,105 ,122 ,171 ,373 ,539 ,303 ,264 ,59 ,2
충청남도 천안시 동남구 북면(4413133000),4308 ,4308 ,99 ,193 ,314 ,301 ,467 ,841 ,1120 ,555 ,353 ,64 ,1 ,2261 ,2261 ,47 ,104 ,195 ,177 ,278 ,459 ,578 ,278 ,129 ,16 ,0 ,2047 ,2047 ,52 ,89 ,119 ,124 ,189 ,382 ,542 ,277 ,224 ,48 ,1
충청남도 천안시 동남구 성남면(4413134000),3031 ,3031 ,56 ,143 ,202 ,163 ,277 ,551 ,803 ,477 ,298 ,61 ,0 ,1576 ,1576 ,22 ,70 ,108 ,100 ,166 ,323 ,432 ,229 ,117 ,9 ,0 ,1455 ,1455 ,34 ,73 ,94 ,63 ,111 ,228 ,371 ,248 ,181 ,52 ,0
충청남도 천안시 동남구 수신면(4413135000),2224 ,2224 ,34 ,79 ,167 ,166 ,208 ,390 ,562 ,335 ,251 ,31 ,1 ,1228 ,1228 ,14 ,42 ,106 ,115 ,146 ,236 ,305 ,168 ,90 ,6 ,0 ,996 ,996 ,20 ,37 ,61 ,51 ,62 ,154 ,257 ,167 ,161 ,25 ,1
충청남도 천안시 동남구 병천면(4413136000),6262 ,6262 ,201 ,330 ,749 ,555 ,753 ,1136 ,1346 ,655 ,449 ,86 ,2 ,3392 ,3392 ,103 ,165 ,516 ,343 ,458 ,611 ,702 ,315 ,157 ,22 ,0 ,2870 ,2870 ,98 ,165 ,233 ,212 ,295 ,525 ,644 ,340 ,292 ,64 ,2
충청남도 천안시 동남구 동면(4413137000),2002 ,2002 ,11 ,49 ,118 ,84 ,144 ,351 ,557 ,361 ,275 ,49 ,3 ,1084 ,1084 ,6 ,31 ,67 ,52 ,105 ,210 ,311 ,194 ,100 ,8 ,0 ,918 ,918 ,5 ,18 ,51 ,32 ,39 ,141 ,246 ,167 ,175 ,41 ,3
충청남도 천안시 동남구 중앙동(4413151000),5197 ,5197 ,163 ,243 ,488 ,541 ,607 ,908 ,1172 ,684 ,348 ,43 ,0 ,2723 ,2723 ,71 ,134 ,245 ,329 ,340 ,532 ,597 ,321 ,139 ,15 ,0 ,2474 ,2474 ,92 ,109 ,243 ,212 ,267 ,376 ,575 ,363 ,209 ,28 ,0
충청남도 천안시 동남구 문성동(4413152000),7789 ,7789 ,633 ,629 ,1051 ,1414 ,1285 ,1113 ,990 ,442 ,203 ,29 ,0 ,3954 ,3954 ,331 ,319 ,515 ,778 ,665 ,571 ,514 ,179 ,72 ,10 ,0 ,3835 ,3835 ,302 ,310 ,536 ,636 ,620 ,542 ,476 ,263 ,131 ,19 ,0
충청남도 천안시 동남구 원성1동(4413153000),8323 ,8323 ,317 ,602 ,968 ,784 ,1104 ,1554 ,1655 ,840 ,422 ,75 ,2 ,4338 ,4338 ,159 ,349 ,566 ,433 ,622 ,804 ,818 ,404 ,163 ,19 ,1 ,3985 ,3985 ,158 ,253 ,402 ,351 ,482 ,750 ,837 ,436 ,259 ,56 ,1
충청남도 천안시 동남구 원성2동(4413154000),8973 ,8973 ,240 ,580 ,1025 ,833 ,1173 ,1711 ,1746 ,1011 ,587 ,66 ,1 ,4592 ,4592 ,125 ,307 ,591 ,478 ,632 ,889 ,842 ,477 ,233 ,18 ,0 ,4381 ,4381 ,115 ,273 ,434 ,355 ,541 ,822 ,904 ,534 ,354 ,48 ,1
충청남도 천안시 동남구 봉명동(4413155000),17560 ,17560 ,923 ,1320 ,2594 ,2396 ,2725 ,3135 ,2725 ,1157 ,500 ,81 ,4 ,9010 ,9010 ,489 ,682 ,1362 ,1347 ,1450 ,1608 ,1349 ,535 ,169 ,18 ,1 ,8550 ,8550 ,434 ,638 ,1232 ,1049 ,1275 ,1527 ,1376 ,622 ,331 ,63 ,3
충청남도 천안시 동남구 일봉동(4413156000),22400 ,22400 ,1589 ,3142 ,2496 ,2131 ,4088 ,4076 ,2894 ,1281 ,615 ,86 ,2 ,11119 ,11119 ,795 ,1589 ,1351 ,1018 ,1986 ,2064 ,1489 ,574 ,232 ,21 ,0 ,11281 ,11281 ,794 ,1553 ,1145 ,1113 ,2102 ,2012 ,1405 ,707 ,383 ,65 ,2
충청남도 천안시 동남구 신방동(4413157000),43306 ,43306 ,3457 ,5687 ,5893 ,5866 ,8603 ,7179 ,4181 ,1503 ,807 ,124 ,6 ,22224 ,22224 ,1835 ,2989 ,3284 ,3173 ,4359 ,3592 ,2081 ,644 ,243 ,23 ,1 ,21082 ,21082 ,1622 ,2698 ,2609 ,2693 ,4244 ,3587 ,2100 ,859 ,564 ,101 ,5
충청남도 천안시 동남구 청룡동(4413158000),57728 ,57728 ,5551 ,7172 ,6888 ,8186 ,10589 ,9167 ,6279 ,2483 ,1218 ,188 ,7 ,28775 ,28775 ,2805 ,3657 ,3608 ,4169 ,5238 ,4563 ,3075 ,1176 ,434 ,49 ,1 ,28953 ,28953 ,2746 ,3515 ,3280 ,4017 ,5351 ,4604 ,3204 ,1307 ,784 ,139 ,6
충청남도 천안시 동남구 신안동(4413159000),36822 ,36822 ,2371 ,2836 ,7799 ,5279 ,4888 ,5604 ,4931 ,2063 ,925 ,118 ,8 ,17887 ,17887 ,1192 ,1340 ,3680 ,2783 ,2500 ,2599 ,2388 ,1003 ,379 ,23 ,0 ,18935 ,18935 ,1179 ,1496 ,4119 ,2496 ,2388 ,3005 ,2543 ,1060 ,546 ,95 ,8
충청남도 천안시 서북구 (4413300000),400207 ,400207 ,35527 ,42135 ,57485 ,67194 ,70720 ,61915 ,39854 ,15810 ,8332 ,1200 ,35 ,206326 ,206326 ,18248 ,21702 ,30583 ,36050 ,37068 ,31771 ,20455 ,7287 ,2904 ,253 ,5 ,193881 ,193881 ,17279 ,20433 ,26902 ,31144 ,33652 ,30144 ,19399 ,8523 ,5428 ,947 ,30
충청남도 천안시 서북구 성환읍(4413325000),23307 ,23307 ,838 ,2021 ,2612 ,1804 ,3371 ,4252 ,4282 ,2455 ,1460 ,206 ,6 ,12184 ,12184 ,442 ,1054 ,1493 ,1072 ,1869 ,2326 ,2193 ,1141 ,548 ,45 ,1 ,11123 ,11123 ,396 ,967 ,1119 ,732 ,1502 ,1926 ,2089 ,1314 ,912 ,161 ,5
충청남도 천안시 서북구 성거읍(4413325300),20630 ,20630 ,1361 ,2161 ,2311 ,2208 ,3753 ,3918 ,2812 ,1309 ,695 ,100 ,2 ,10907 ,10907 ,699 ,1076 ,1356 ,1201 ,2050 ,2156 ,1476 ,620 ,250 ,22 ,1 ,9723 ,9723 ,662 ,1085 ,955 ,1007 ,1703 ,1762 ,1336 ,689 ,445 ,78 ,1
충청남도 천안시 서북구 직산읍(4413325600),19839 ,19839 ,1144 ,1812 ,2369 ,2562 ,3477 ,3681 ,2752 ,1236 ,709 ,94 ,3 ,10843 ,10843 ,601 ,957 ,1418 ,1548 ,1998 ,2041 ,1438 ,579 ,246 ,17 ,0 ,8996 ,8996 ,543 ,855 ,951 ,1014 ,1479 ,1640 ,1314 ,657 ,463 ,77 ,3
충청남도 천안시 서북구 입장면(4413331000),8239 ,8239 ,227 ,466 ,773 ,644 ,956 ,1691 ,1842 ,953 ,594 ,91 ,2 ,4477 ,4477 ,120 ,240 ,498 ,419 ,570 ,956 ,970 ,465 ,214 ,25 ,0 ,3762 ,3762 ,107 ,226 ,275 ,225 ,386 ,735 ,872 ,488 ,380 ,66 ,2
충청남도 천안시 서북구 성정1동(4413351000),17575 ,17575 ,810 ,1105 ,2604 ,2616 ,2505 ,3215 ,2794 ,1256 ,601 ,66 ,3 ,9253 ,9253 ,418 ,561 ,1412 ,1535 ,1372 ,1698 ,1435 ,584 ,225 ,13 ,0 ,8322 ,8322 ,392 ,544 ,1192 ,1081 ,1133 ,1517 ,1359 ,672 ,376 ,53 ,3
충청남도 천안시 서북구 성정2동(4413352000),25858 ,25858 ,741 ,1134 ,6151 ,5766 ,3886 ,3705 ,2835 ,1095 ,455 ,89 ,1 ,14173 ,14173 ,378 ,562 ,3184 ,3505 ,2332 ,2053 ,1497 ,499 ,149 ,14 ,0 ,11685 ,11685 ,363 ,572 ,2967 ,2261 ,1554 ,1652 ,1338 ,596 ,306 ,75 ,1
충청남도 천안시 서북구 쌍용1동(4413353000),13372 ,13372 ,686 ,1135 ,2204 ,1774 ,1806 ,2300 ,2175 ,840 ,383 ,67 ,2 ,6588 ,6588 ,375 ,563 ,1105 ,1010 ,891 ,1078 ,1017 ,404 ,128 ,16 ,1 ,6784 ,6784 ,311 ,572 ,1099 ,764 ,915 ,1222 ,1158 ,436 ,255 ,51 ,1
충청남도 천안시 서북구 쌍용2동(4413354000),36121 ,36121 ,2542 ,4428 ,5662 ,4621 ,6056 ,6717 ,3970 ,1356 ,661 ,106 ,2 ,17784 ,17784 ,1305 ,2310 ,2943 ,2350 ,2842 ,3154 ,2045 ,579 ,227 ,28 ,1 ,18337 ,18337 ,1237 ,2118 ,2719 ,2271 ,3214 ,3563 ,1925 ,777 ,434 ,78 ,1
충청남도 천안시 서북구 쌍용3동(4413355000),18097 ,18097 ,1084 ,2087 ,2438 ,2063 ,2901 ,3422 ,2414 ,998 ,599 ,88 ,3 ,8751 ,8751 ,524 ,1127 ,1317 ,1051 ,1353 ,1591 ,1192 ,411 ,165 ,20 ,0 ,9346 ,9346 ,560 ,960 ,1121 ,1012 ,1548 ,1831 ,1222 ,587 ,434 ,68 ,3
충청남도 천안시 서북구 백석동(4413356000),39771 ,39771 ,4509 ,5860 ,4763 ,5751 ,8065 ,6025 ,3226 ,1015 ,484 ,69 ,4 ,20013 ,20013 ,2297 ,3049 ,2502 ,2791 ,4065 ,3026 ,1618 ,479 ,174 ,12 ,0 ,19758 ,19758 ,2212 ,2811 ,2261 ,2960 ,4000 ,2999 ,1608 ,536 ,310 ,57 ,4
충청남도 천안시 서북구 불당1동(4413356600),32411 ,32411 ,3366 ,4467 ,4284 ,5734 ,6247 ,5283 ,2133 ,555 ,298 ,43 ,1 ,16210 ,16210 ,1726 ,2317 ,2210 ,2864 ,2946 ,2655 ,1120 ,260 ,106 ,6 ,0 ,16201 ,16201 ,1640 ,2150 ,2074 ,2870 ,3301 ,2628 ,1013 ,295 ,192 ,37 ,1
충청남도 천안시 서북구 불당2동(4413356700),37025 ,37025 ,5670 ,5524 ,3775 ,7024 ,8652 ,4263 ,1480 ,424 ,188 ,24 ,1 ,18540 ,18540 ,2919 ,2810 ,1839 ,3306 ,4427 ,2201 ,774 ,208 ,51 ,4 ,1 ,18485 ,18485 ,2751 ,2714 ,1936 ,3718 ,4225 ,2062 ,706 ,216 ,137 ,20 ,0
충청남도 천안시 서북구 부성1동(4413358000),50225 ,50225 ,4062 ,4248 ,10280 ,10232 ,7951 ,7305 ,3917 ,1405 ,735 ,87 ,3 ,25913 ,25913 ,2124 ,2159 ,5214 ,5712 ,4128 ,3640 ,2009 ,632 ,273 ,22 ,0 ,24312 ,24312 ,1938 ,2089 ,5066 ,4520 ,3823 ,3665 ,1908 ,773 ,462 ,65 ,3
충청남도 천안시 서북구 부성2동(4413359000),57737 ,57737 ,8487 ,5687 ,7259 ,14395 ,11094 ,6138 ,3222 ,913 ,470 ,70 ,2 ,30690 ,30690 ,4320 ,2917 ,4092 ,7686 ,6225 ,3196 ,1671 ,426 ,148 ,9 ,0 ,27047 ,27047 ,4167 ,2770 ,3167 ,6709 ,4869 ,2942 ,1551 ,487 ,322 ,61 ,2
충청남도 공주시 (4415000000),102747 ,102747 ,4713 ,8028 ,10927 ,8506 ,12317 ,17157 ,20467 ,11597 ,7677 ,1321 ,37 ,51289 ,51289 ,2427 ,4147 ,5866 ,4648 ,6469 ,8861 ,10272 ,5536 ,2726 ,333 ,4 ,51458 ,51458 ,2286 ,3881 ,5061 ,3858 ,5848 ,8296 ,10195 ,6061 ,4951 ,988 ,33
충청남도 공주시 유구읍(4415025000),7068 ,7068 ,180 ,360 ,384 ,361 ,699 ,1117 ,1896 ,1170 ,790 ,109 ,2 ,3548 ,3548 ,97 ,177 ,238 ,230 ,411 ,562 ,946 ,578 ,278 ,31 ,0 ,3520 ,3520 ,83 ,183 ,146 ,131 ,288 ,555 ,950 ,592 ,512 ,78 ,2
충청남도 공주시 이인면(4415031000),3091 ,3091 ,75 ,113 ,155 ,173 ,229 ,524 ,820 ,529 ,397 ,75 ,1 ,1594 ,1594 ,32 ,68 ,98 ,98 ,142 ,301 ,442 ,266 ,126 ,21 ,0 ,1497 ,1497 ,43 ,45 ,57 ,75 ,87 ,223 ,378 ,263 ,271 ,54 ,1
충청남도 공주시 탄천면(4415032000),2820 ,2820 ,51 ,112 ,143 ,172 ,194 ,397 ,726 ,511 ,414 ,93 ,7 ,1452 ,1452 ,22 ,52 ,87 ,103 ,124 ,242 ,379 ,264 ,150 ,29 ,0 ,1368 ,1368 ,29 ,60 ,56 ,69 ,70 ,155 ,347 ,247 ,264 ,64 ,7
충청남도 공주시 계룡면(4415033000),5272 ,5272 ,113 ,254 ,277 ,245 ,415 ,900 ,1466 ,878 ,612 ,108 ,4 ,2703 ,2703 ,58 ,136 ,173 ,132 ,248 ,524 ,743 ,457 ,203 ,28 ,1 ,2569 ,2569 ,55 ,118 ,104 ,113 ,167 ,376 ,723 ,421 ,409 ,80 ,3
충청남도 공주시 반포면(4415034000),4167 ,4167 ,120 ,187 ,285 ,252 ,434 ,885 ,1137 ,510 ,310 ,47 ,0 ,2178 ,2178 ,70 ,106 ,169 ,148 ,225 ,484 ,597 ,255 ,112 ,12 ,0 ,1989 ,1989 ,50 ,81 ,116 ,104 ,209 ,401 ,540 ,255 ,198 ,35 ,0
충청남도 공주시 의당면(4415036000),4431 ,4431 ,120 ,289 ,424 ,303 ,496 ,832 ,1037 ,508 ,346 ,72 ,4 ,2343 ,2343 ,59 ,156 ,273 ,181 ,267 ,457 ,564 ,261 ,110 ,15 ,0 ,2088 ,2088 ,61 ,133 ,151 ,122 ,229 ,375 ,473 ,247 ,236 ,57 ,4
충청남도 공주시 정안면(4415037000),4699 ,4699 ,93 ,334 ,245 ,227 ,370 ,721 ,1257 ,744 ,565 ,138 ,5 ,2525 ,2525 ,55 ,248 ,162 ,132 ,227 ,400 ,686 ,371 ,209 ,34 ,1 ,2174 ,2174 ,38 ,86 ,83 ,95 ,143 ,321 ,571 ,373 ,356 ,104 ,4
충청남도 공주시 우성면(4415038000),5070 ,5070 ,142 ,241 ,312 ,290 ,457 ,860 ,1263 ,802 ,603 ,98 ,2 ,2652 ,2652 ,81 ,126 ,181 ,175 ,269 ,514 ,668 ,401 ,209 ,28 ,0 ,2418 ,2418 ,61 ,115 ,131 ,115 ,188 ,346 ,595 ,401 ,394 ,70 ,2
충청남도 공주시 사곡면(4415039000),2799 ,2799 ,48 ,152 ,132 ,119 ,206 ,481 ,696 ,487 ,417 ,60 ,1 ,1409 ,1409 ,23 ,75 ,71 ,78 ,127 ,261 ,374 ,229 ,157 ,14 ,0 ,1390 ,1390 ,25 ,77 ,61 ,41 ,79 ,220 ,322 ,258 ,260 ,46 ,1
충청남도 공주시 신풍면(4415040000),3103 ,3103 ,65 ,78 ,119 ,145 ,267 ,529 ,958 ,536 ,333 ,71 ,2 ,1389 ,1389 ,31 ,40 ,78 ,79 ,117 ,227 ,435 ,237 ,123 ,22 ,0 ,1714 ,1714 ,34 ,38 ,41 ,66 ,150 ,302 ,523 ,299 ,210 ,49 ,2
충청남도 공주시 중학동(4415051000),4443 ,4443 ,172 ,338 ,575 ,341 ,489 ,757 ,820 ,542 ,346 ,61 ,2 ,2264 ,2264 ,84 ,196 ,350 ,191 ,269 ,398 ,401 ,238 ,124 ,13 ,0 ,2179 ,2179 ,88 ,142 ,225 ,150 ,220 ,359 ,419 ,304 ,222 ,48 ,2
충청남도 공주시 웅진동(4415054000),7814 ,7814 ,415 ,587 ,807 ,766 ,1068 ,1281 ,1462 ,842 ,516 ,70 ,0 ,3836 ,3836 ,235 ,290 ,428 ,423 ,559 ,642 ,700 ,355 ,191 ,13 ,0 ,3978 ,3978 ,180 ,297 ,379 ,343 ,509 ,639 ,762 ,487 ,325 ,57 ,0
충청남도 공주시 금학동(4415055000),5309 ,5309 ,242 ,634 ,707 ,445 ,712 ,872 ,915 ,464 ,272 ,44 ,2 ,2582 ,2582 ,126 ,268 ,320 ,239 ,362 ,465 ,464 ,234 ,95 ,9 ,0 ,2727 ,2727 ,116 ,366 ,387 ,206 ,350 ,407 ,451 ,230 ,177 ,35 ,2
충청남도 공주시 옥룡동(4415056000),7474 ,7474 ,224 ,482 ,699 ,601 ,902 ,1372 ,1621 ,926 ,579 ,66 ,2 ,3722 ,3722 ,113 ,251 ,403 ,345 ,501 ,696 ,789 ,408 ,200 ,16 ,0 ,3752 ,3752 ,111 ,231 ,296 ,256 ,401 ,676 ,832 ,518 ,379 ,50 ,2
충청남도 공주시 신관동(4415057000),19505 ,19505 ,1129 ,2050 ,3657 ,2064 ,2806 ,3143 ,2592 ,1285 ,678 ,100 ,1 ,9372 ,9372 ,582 ,1003 ,1777 ,1107 ,1361 ,1485 ,1188 ,579 ,264 ,25 ,1 ,10133 ,10133 ,547 ,1047 ,1880 ,957 ,1445 ,1658 ,1404 ,706 ,414 ,75 ,0
충청남도 공주시 월송동(4415059000),15682 ,15682 ,1524 ,1817 ,2006 ,2002 ,2573 ,2486 ,1801 ,863 ,499 ,109 ,2 ,7720 ,7720 ,759 ,955 ,1058 ,987 ,1260 ,1203 ,896 ,403 ,175 ,23 ,1 ,7962 ,7962 ,765 ,862 ,948 ,1015 ,1313 ,1283 ,905 ,460 ,324 ,86 ,1
충청남도 보령시 (4418000000),96764 ,96764 ,5069 ,7716 ,8339 ,8263 ,12811 ,16276 ,18727 ,11444 ,6993 ,1093 ,33 ,49031 ,49031 ,2554 ,4019 ,4813 ,4556 ,6987 ,8731 ,9371 ,5218 ,2523 ,254 ,5 ,47733 ,47733 ,2515 ,3697 ,3526 ,3707 ,5824 ,7545 ,9356 ,6226 ,4470 ,839 ,28
충청남도 보령시 웅천읍(4418025000),5911 ,5911 ,122 ,251 ,320 ,304 ,504 ,1003 ,1569 ,1029 ,671 ,138 ,0 ,2979 ,2979 ,70 ,130 ,200 ,176 ,316 ,543 ,793 ,496 ,223 ,32 ,0 ,2932 ,2932 ,52 ,121 ,120 ,128 ,188 ,460 ,776 ,533 ,448 ,106 ,0
충청남도 보령시 주포면(4418031000),1602 ,1602 ,36 ,102 ,126 ,82 ,142 ,260 ,396 ,280 ,154 ,24 ,0 ,850 ,850 ,19 ,61 ,91 ,45 ,83 ,153 ,210 ,133 ,52 ,3 ,0 ,752 ,752 ,17 ,41 ,35 ,37 ,59 ,107 ,186 ,147 ,102 ,21 ,0
충청남도 보령시 오천면(4418032000),2071 ,2071 ,32 ,100 ,118 ,99 ,208 ,362 ,546 ,362 ,210 ,34 ,0 ,1105 ,1105 ,14 ,48 ,71 ,64 ,142 ,220 ,274 ,179 ,83 ,10 ,0 ,966 ,966 ,18 ,52 ,47 ,35 ,66 ,142 ,272 ,183 ,127 ,24 ,0
충청남도 보령시 오천면어항출장소(4418032500),1576 ,1576 ,47 ,89 ,112 ,77 ,197 ,309 ,398 ,203 ,122 ,21 ,1 ,850 ,850 ,21 ,52 ,68 ,50 ,121 ,183 ,205 ,103 ,43 ,4 ,0 ,726 ,726 ,26 ,37 ,44 ,27 ,76 ,126 ,193 ,100 ,79 ,17 ,1
충청남도 보령시 원산출장소(4418032900),1051 ,1051 ,13 ,62 ,62 ,46 ,100 ,182 ,254 ,197 ,121 ,14 ,0 ,576 ,576 ,6 ,31 ,45 ,31 ,68 ,118 ,142 ,92 ,41 ,2 ,0 ,475 ,475 ,7 ,31 ,17 ,15 ,32 ,64 ,112 ,105 ,80 ,12 ,0
충청남도 보령시 천북면(4418033000),3344 ,3344 ,85 ,150 ,172 ,168 ,291 ,523 ,869 ,580 ,431 ,72 ,3 ,1745 ,1745 ,43 ,87 ,111 ,103 ,180 ,304 ,445 ,290 ,164 ,18 ,0 ,1599 ,1599 ,42 ,63 ,61 ,65 ,111 ,219 ,424 ,290 ,267 ,54 ,3
충청남도 보령시 청소면(4418034000),2495 ,2495 ,53 ,82 ,119 ,114 ,175 ,366 ,626 ,491 ,404 ,63 ,2 ,1259 ,1259 ,29 ,46 ,76 ,68 ,115 ,218 ,325 ,233 ,139 ,9 ,1 ,1236 ,1236 ,24 ,36 ,43 ,46 ,60 ,148 ,301 ,258 ,265 ,54 ,1
충청남도 보령시 청라면(4418035000),3643 ,3643 ,72 ,179 ,205 ,154 ,317 ,573 ,946 ,663 ,467 ,65 ,2 ,1836 ,1836 ,35 ,93 ,127 ,94 ,182 ,316 ,501 ,300 ,179 ,9 ,0 ,1807 ,1807 ,37 ,86 ,78 ,60 ,135 ,257 ,445 ,363 ,288 ,56 ,2
충청남도 보령시 남포면(4418036000),4913 ,4913 ,121 ,211 ,316 ,239 ,395 ,842 ,1285 ,828 ,561 ,109 ,6 ,2469 ,2469 ,64 ,108 ,175 ,143 ,222 ,462 ,688 ,386 ,191 ,28 ,2 ,2444 ,2444 ,57 ,103 ,141 ,96 ,173 ,380 ,597 ,442 ,370 ,81 ,4
충청남도 보령시 주산면(4418038000),2333 ,2333 ,25 ,81 ,94 ,76 ,135 ,336 ,619 ,456 ,423 ,84 ,4 ,1169 ,1169 ,17 ,48 ,52 ,43 ,88 ,198 ,319 ,213 ,158 ,32 ,1 ,1164 ,1164 ,8 ,33 ,42 ,33 ,47 ,138 ,300 ,243 ,265 ,52 ,3
충청남도 보령시 미산면(4418039000),1676 ,1676 ,35 ,52 ,64 ,61 ,127 ,236 ,446 ,333 ,277 ,45 ,0 ,867 ,867 ,19 ,31 ,40 ,34 ,90 ,133 ,254 ,148 ,107 ,11 ,0 ,809 ,809 ,16 ,21 ,24 ,27 ,37 ,103 ,192 ,185 ,170 ,34 ,0
충청남도 보령시 성주면(4418040000),2031 ,2031 ,57 ,80 ,119 ,109 ,219 ,333 ,547 ,351 ,197 ,19 ,0 ,1014 ,1014 ,33 ,46 ,72 ,62 ,134 ,191 ,263 ,150 ,61 ,2 ,0 ,1017 ,1017 ,24 ,34 ,47 ,47 ,85 ,142 ,284 ,201 ,136 ,17 ,0
충청남도 보령시 주교면(4418041000),5041 ,5041 ,129 ,294 ,374 ,271 ,608 ,927 ,1183 ,708 ,460 ,84 ,3 ,2631 ,2631 ,60 ,145 ,238 ,156 ,372 ,530 ,596 ,346 ,166 ,22 ,0 ,2410 ,2410 ,69 ,149 ,136 ,115 ,236 ,397 ,587 ,362 ,294 ,62 ,3
충청남도 보령시 대천1동(4418051500),13290 ,13290 ,789 ,1305 ,1433 ,1334 ,1941 ,2340 ,2159 ,1304 ,603 ,79 ,3 ,6687 ,6687 ,384 ,675 ,827 ,741 ,986 ,1210 ,1025 ,577 ,240 ,22 ,0 ,6603 ,6603 ,405 ,630 ,606 ,593 ,955 ,1130 ,1134 ,727 ,363 ,57 ,3
충청남도 보령시 대천2동(4418052500),6401 ,6401 ,377 ,578 ,604 ,639 ,979 ,1089 ,1058 ,648 ,391 ,38 ,0 ,3227 ,3227 ,201 ,280 ,327 ,361 ,529 ,563 ,527 ,271 ,157 ,11 ,0 ,3174 ,3174 ,176 ,298 ,277 ,278 ,450 ,526 ,531 ,377 ,234 ,27 ,0
충청남도 보령시 대천3동(4418053500),15732 ,15732 ,1336 ,1850 ,1733 ,1876 ,2896 ,2527 ,2006 ,979 ,466 ,60 ,3 ,7907 ,7907 ,673 ,948 ,984 ,984 ,1494 ,1276 ,948 ,432 ,156 ,12 ,0 ,7825 ,7825 ,663 ,902 ,749 ,892 ,1402 ,1251 ,1058 ,547 ,310 ,48 ,3
충청남도 보령시 대천4동(4418054500),17640 ,17640 ,1541 ,1920 ,1969 ,2166 ,2897 ,3000 ,2322 ,1166 ,584 ,72 ,3 ,8774 ,8774 ,768 ,1030 ,1068 ,1133 ,1443 ,1515 ,1118 ,496 ,189 ,13 ,1 ,8866 ,8866 ,773 ,890 ,901 ,1033 ,1454 ,1485 ,1204 ,670 ,395 ,59 ,2
충청남도 보령시 대천5동(4418056500),6014 ,6014 ,199 ,330 ,399 ,448 ,680 ,1068 ,1498 ,866 ,451 ,72 ,3 ,3086 ,3086 ,98 ,160 ,241 ,268 ,422 ,598 ,738 ,373 ,174 ,14 ,0 ,2928 ,2928 ,101 ,170 ,158 ,180 ,258 ,470 ,760 ,493 ,277 ,58 ,3
충청남도 아산시 (4420000000),336871 ,336871 ,30670 ,37524 ,37693 ,48663 ,61569 ,50766 ,38254 ,19081 ,10979 ,1628 ,44 ,175601 ,175601 ,15847 ,19264 ,21108 ,25978 ,33267 ,27599 ,19492 ,8676 ,3987 ,377 ,6 ,161270 ,161270 ,14823 ,18260 ,16585 ,22685 ,28302 ,23167 ,18762 ,10405 ,6992 ,1251 ,38
충청남도 아산시 염치읍(4420025000),6180 ,6180 ,220 ,448 ,508 ,496 ,763 ,1140 ,1297 ,706 ,515 ,86 ,1 ,3244 ,3244 ,113 ,231 ,308 ,296 ,440 ,636 ,688 ,317 ,191 ,24 ,0 ,2936 ,2936 ,107 ,217 ,200 ,200 ,323 ,504 ,609 ,389 ,324 ,62 ,1
충청남도 아산시 배방읍(4420025300),85679 ,85679 ,8843 ,10343 ,10941 ,15449 ,16424 ,11814 ,7122 ,3114 ,1412 ,213 ,4 ,44131 ,44131 ,4552 ,5327 ,5789 ,8048 ,8622 ,6242 ,3566 ,1416 ,523 ,45 ,1 ,41548 ,41548 ,4291 ,5016 ,5152 ,7401 ,7802 ,5572 ,3556 ,1698 ,889 ,168 ,3
충청남도 아산시 송악면(4420031000),4143 ,4143 ,141 ,371 ,257 ,237 ,506 ,749 ,907 ,552 ,358 ,64 ,1 ,2127 ,2127 ,72 ,193 ,141 ,127 ,265 ,430 ,479 ,272 ,141 ,7 ,0 ,2016 ,2016 ,69 ,178 ,116 ,110 ,241 ,319 ,428 ,280 ,217 ,57 ,1
충청남도 아산시 탕정면(4420033000),36794 ,36794 ,5632 ,5189 ,3971 ,7198 ,8156 ,3867 ,1630 ,698 ,385 ,66 ,2 ,19588 ,19588 ,2948 ,2671 ,2246 ,3654 ,4456 ,2270 ,869 ,323 ,136 ,15 ,0 ,17206 ,17206 ,2684 ,2518 ,1725 ,3544 ,3700 ,1597 ,761 ,375 ,249 ,51 ,2
충청남도 아산시 음봉면(4420035000),20173 ,20173 ,2090 ,1996 ,2105 ,2992 ,3787 ,2893 ,2528 ,1068 ,596 ,114 ,4 ,11004 ,11004 ,1068 ,999 ,1361 ,1633 ,2238 ,1624 ,1324 ,531 ,205 ,21 ,0 ,9169 ,9169 ,1022 ,997 ,744 ,1359 ,1549 ,1269 ,1204 ,537 ,391 ,93 ,4
충청남도 아산시 둔포면(4420036000),22860 ,22860 ,2432 ,1716 ,2171 ,4523 ,4154 ,3125 ,2736 ,1186 ,697 ,115 ,5 ,12982 ,12982 ,1285 ,871 ,1367 ,2678 ,2636 ,1827 ,1490 ,566 ,233 ,29 ,0 ,9878 ,9878 ,1147 ,845 ,804 ,1845 ,1518 ,1298 ,1246 ,620 ,464 ,86 ,5
충청남도 아산시 영인면(4420037000),5404 ,5404 ,133 ,235 ,357 ,375 ,511 ,895 ,1353 ,817 ,617 ,107 ,4 ,2865 ,2865 ,69 ,133 ,229 ,218 ,303 ,524 ,737 ,389 ,241 ,20 ,2 ,2539 ,2539 ,64 ,102 ,128 ,157 ,208 ,371 ,616 ,428 ,376 ,87 ,2
충청남도 아산시 인주면(4420038000),5956 ,5956 ,200 ,348 ,419 ,497 ,809 ,1171 ,1263 ,666 ,491 ,90 ,2 ,3370 ,3370 ,103 ,194 ,269 ,329 ,539 ,731 ,695 ,316 ,171 ,22 ,1 ,2586 ,2586 ,97 ,154 ,150 ,168 ,270 ,440 ,568 ,350 ,320 ,68 ,1
충청남도 아산시 선장면(4420039000),2959 ,2959 ,43 ,98 ,153 ,148 ,231 ,459 ,765 ,570 ,425 ,63 ,4 ,1536 ,1536 ,24 ,45 ,81 ,100 ,149 ,283 ,388 ,284 ,161 ,21 ,0 ,1423 ,1423 ,19 ,53 ,72 ,48 ,82 ,176 ,377 ,286 ,264 ,42 ,4
충청남도 아산시 도고면(4420040000),4384 ,4384 ,105 ,165 ,290 ,264 ,385 ,764 ,1099 ,690 ,551 ,71 ,0 ,2269 ,2269 ,53 ,81 ,171 ,153 ,228 ,444 ,575 ,341 ,206 ,17 ,0 ,2115 ,2115 ,52 ,84 ,119 ,111 ,157 ,320 ,524 ,349 ,345 ,54 ,0
충청남도 아산시 신창면(4420041000),18647 ,18647 ,1092 ,1887 ,2204 ,1746 ,3108 ,3285 ,2753 ,1519 ,937 ,115 ,1 ,9794 ,9794 ,548 ,975 ,1274 ,981 ,1687 ,1792 ,1472 ,681 ,354 ,30 ,0 ,8853 ,8853 ,544 ,912 ,930 ,765 ,1421 ,1493 ,1281 ,838 ,583 ,85 ,1
충청남도 아산시 온양1동(4420057000),9140 ,9140 ,761 ,703 ,1034 ,1470 ,1602 ,1284 ,1215 ,670 ,348 ,51 ,2 ,4799 ,4799 ,382 ,379 ,556 ,804 ,919 ,695 ,619 ,311 ,127 ,7 ,0 ,4341 ,4341 ,379 ,324 ,478 ,666 ,683 ,589 ,596 ,359 ,221 ,44 ,2
충청남도 아산시 온양2동(4420058000),10511 ,10511 ,342 ,710 ,1599 ,1136 ,1388 ,1919 ,1841 ,984 ,516 ,72 ,4 ,5540 ,5540 ,174 ,371 ,934 ,700 ,797 ,1004 ,901 ,431 ,206 ,21 ,1 ,4971 ,4971 ,168 ,339 ,665 ,436 ,591 ,915 ,940 ,553 ,310 ,51 ,3
충청남도 아산시 온양3동(4420059000),37712 ,37712 ,3328 ,5085 ,4474 ,4605 ,7358 ,5935 ,3899 ,1937 ,961 ,126 ,4 ,18882 ,18882 ,1712 ,2513 ,2400 ,2367 ,3704 ,3124 ,1845 ,822 ,359 ,35 ,1 ,18830 ,18830 ,1616 ,2572 ,2074 ,2238 ,3654 ,2811 ,2054 ,1115 ,602 ,91 ,3
충청남도 아산시 온양4동(4420060000),17624 ,17624 ,1107 ,2164 ,1986 ,1713 ,3128 ,3219 ,2357 ,1242 ,619 ,85 ,4 ,8942 ,8942 ,594 ,1147 ,1123 ,906 ,1590 ,1680 ,1130 ,539 ,218 ,15 ,0 ,8682 ,8682 ,513 ,1017 ,863 ,807 ,1538 ,1539 ,1227 ,703 ,401 ,70 ,4
충청남도 아산시 온양5동(4420061000),20944 ,20944 ,1603 ,2694 ,2634 ,2414 ,3928 ,3649 ,2284 ,1059 ,600 ,77 ,2 ,10745 ,10745 ,871 ,1418 ,1481 ,1302 ,1983 ,1875 ,1111 ,464 ,218 ,22 ,0 ,10199 ,10199 ,732 ,1276 ,1153 ,1112 ,1945 ,1774 ,1173 ,595 ,382 ,55 ,2
충청남도 아산시 온양6동(4420062000),27761 ,27761 ,2598 ,3372 ,2590 ,3400 ,5331 ,4598 ,3205 ,1603 ,951 ,113 ,0 ,13783 ,13783 ,1279 ,1716 ,1378 ,1682 ,2711 ,2418 ,1603 ,673 ,297 ,26 ,0 ,13978 ,13978 ,1319 ,1656 ,1212 ,1718 ,2620 ,2180 ,1602 ,930 ,654 ,87 ,0
충청남도 서산시 (4421000000),176110 ,176110 ,13395 ,16963 ,17965 ,20681 ,27395 ,29140 ,25481 ,14357 ,9081 ,1605 ,47 ,91982 ,91982 ,6833 ,8919 ,10883 ,11687 ,14568 ,15578 ,12920 ,6945 ,3284 ,361 ,4 ,84128 ,84128 ,6562 ,8044 ,7082 ,8994 ,12827 ,13562 ,12561 ,7412 ,5797 ,1244 ,43
충청남도 서산시 대산읍(4421025000),13169 ,13169 ,587 ,845 ,1650 ,1355 ,1667 ,2974 ,2292 ,1010 ,659 ,127 ,3 ,7707 ,7707 ,300 ,461 ,1158 ,931 ,1032 ,1802 ,1267 ,495 ,233 ,28 ,0 ,5462 ,5462 ,287 ,384 ,492 ,424 ,635 ,1172 ,1025 ,515 ,426 ,99 ,3
충청남도 서산시 인지면(4421031000),7124 ,7124 ,365 ,643 ,559 ,478 ,977 ,1361 ,1291 ,768 ,557 ,119 ,6 ,3628 ,3628 ,194 ,346 ,346 ,250 ,508 ,736 ,666 ,372 ,182 ,27 ,1 ,3496 ,3496 ,171 ,297 ,213 ,228 ,469 ,625 ,625 ,396 ,375 ,92 ,5
충청남도 서산시 부석면(4421032000),5204 ,5204 ,89 ,184 ,239 ,220 ,430 ,794 ,1348 ,1039 ,724 ,135 ,2 ,2667 ,2667 ,45 ,92 ,161 ,134 ,284 ,438 ,693 ,518 ,269 ,33 ,0 ,2537 ,2537 ,44 ,92 ,78 ,86 ,146 ,356 ,655 ,521 ,455 ,102 ,2
충청남도 서산시 팔봉면(4421033000),3267 ,3267 ,51 ,95 ,112 ,123 ,241 ,554 ,919 ,692 ,407 ,71 ,2 ,1679 ,1679 ,31 ,51 ,68 ,71 ,150 ,313 ,482 ,347 ,150 ,16 ,0 ,1588 ,1588 ,20 ,44 ,44 ,52 ,91 ,241 ,437 ,345 ,257 ,55 ,2
충청남도 서산시 지곡면(4421034000),8069 ,8069 ,485 ,764 ,590 ,808 ,1180 ,1377 ,1410 ,830 ,533 ,89 ,3 ,4347 ,4347 ,251 ,388 ,377 ,517 ,686 ,761 ,749 ,405 ,193 ,20 ,0 ,3722 ,3722 ,234 ,376 ,213 ,291 ,494 ,616 ,661 ,425 ,340 ,69 ,3
충청남도 서산시 성연면(4421036000),16102 ,16102 ,2744 ,1469 ,1424 ,3765 ,2810 ,1677 ,1305 ,505 ,336 ,67 ,0 ,8440 ,8440 ,1398 ,750 ,817 ,2009 ,1546 ,861 ,692 ,246 ,107 ,14 ,0 ,7662 ,7662 ,1346 ,719 ,607 ,1756 ,1264 ,816 ,613 ,259 ,229 ,53 ,0
충청남도 서산시 음암면(4421037000),9224 ,9224 ,360 ,720 ,733 ,723 ,1273 ,1674 ,1781 ,1051 ,779 ,126 ,4 ,4770 ,4770 ,178 ,383 ,471 ,408 ,698 ,889 ,921 ,504 ,289 ,29 ,0 ,4454 ,4454 ,182 ,337 ,262 ,315 ,575 ,785 ,860 ,547 ,490 ,97 ,4
충청남도 서산시 운산면(4421038000),4951 ,4951 ,106 ,224 ,235 ,200 ,487 ,756 ,1238 ,930 ,667 ,104 ,4 ,2533 ,2533 ,56 ,125 ,139 ,113 ,296 ,435 ,608 ,484 ,249 ,27 ,1 ,2418 ,2418 ,50 ,99 ,96 ,87 ,191 ,321 ,630 ,446 ,418 ,77 ,3
충청남도 서산시 해미면(4421039000),7119 ,7119 ,180 ,414 ,677 ,434 ,715 ,1243 ,1551 ,1094 ,698 ,110 ,3 ,3707 ,3707 ,89 ,213 ,432 ,261 ,429 ,695 ,787 ,526 ,248 ,27 ,0 ,3412 ,3412 ,91 ,201 ,245 ,173 ,286 ,548 ,764 ,568 ,450 ,83 ,3
충청남도 서산시 고북면(4421040000),5972 ,5972 ,297 ,376 ,609 ,471 ,716 ,820 ,1097 ,832 ,650 ,100 ,4 ,3121 ,3121 ,160 ,190 ,419 ,278 ,412 ,454 ,537 ,403 ,244 ,23 ,1 ,2851 ,2851 ,137 ,186 ,190 ,193 ,304 ,366 ,560 ,429 ,406 ,77 ,3
충청남도 서산시 부춘동(4421051000),18495 ,18495 ,1332 ,1863 ,2387 ,2349 ,3103 ,3250 ,2290 ,1173 ,633 ,114 ,1 ,9669 ,9669 ,717 ,977 ,1355 ,1391 ,1601 ,1687 ,1124 ,573 ,224 ,20 ,0 ,8826 ,8826 ,615 ,886 ,1032 ,958 ,1502 ,1563 ,1166 ,600 ,409 ,94 ,1
충청남도 서산시 동문1동(4421052500),17954 ,17954 ,1293 ,2165 ,1886 ,1787 ,3148 ,3288 ,2378 ,1216 ,652 ,137 ,4 ,9346 ,9346 ,713 ,1238 ,1186 ,973 ,1564 ,1647 ,1166 ,569 ,262 ,28 ,0 ,8608 ,8608 ,580 ,927 ,700 ,814 ,1584 ,1641 ,1212 ,647 ,390 ,109 ,4
충청남도 서산시 동문2동(4421053500),8395 ,8395 ,430 ,844 ,960 ,747 ,1287 ,1512 ,1376 ,770 ,406 ,60 ,3 ,4258 ,4258 ,221 ,458 ,558 ,415 ,662 ,784 ,643 ,342 ,160 ,15 ,0 ,4137 ,4137 ,209 ,386 ,402 ,332 ,625 ,728 ,733 ,428 ,246 ,45 ,3
충청남도 서산시 수석동(4421054000),16066 ,16066 ,1161 ,1928 ,1919 ,1892 ,2763 ,2642 ,2037 ,1063 ,561 ,97 ,3 ,8191 ,8191 ,549 ,955 ,1102 ,1089 ,1410 ,1364 ,1021 ,494 ,187 ,19 ,1 ,7875 ,7875 ,612 ,973 ,817 ,803 ,1353 ,1278 ,1016 ,569 ,374 ,78 ,2
충청남도 서산시 석남동(4421055000),34999 ,34999 ,3915 ,4429 ,3985 ,5329 ,6598 ,5218 ,3168 ,1384 ,819 ,149 ,5 ,17919 ,17919 ,1931 ,2292 ,2294 ,2847 ,3290 ,2712 ,1564 ,667 ,287 ,35 ,0 ,17080 ,17080 ,1984 ,2137 ,1691 ,2482 ,3308 ,2506 ,1604 ,717 ,532 ,114 ,5
충청남도 논산시 (4423000000),111822 ,111822 ,5888 ,9090 ,9973 ,9524 ,13916 ,18717 ,21744 ,12769 ,8710 ,1454 ,37 ,55878 ,55878 ,3006 ,4682 ,5602 ,5100 ,7406 ,9837 ,11073 ,5856 ,2959 ,347 ,10 ,55944 ,55944 ,2882 ,4408 ,4371 ,4424 ,6510 ,8880 ,10671 ,6913 ,5751 ,1107 ,27
충청남도 논산시 강경읍(4423025000),7617 ,7617 ,232 ,560 ,563 ,441 ,829 ,1311 ,1743 ,1141 ,681 ,113 ,3 ,3716 ,3716 ,125 ,287 ,322 ,236 ,435 ,671 ,862 ,503 ,247 ,26 ,2 ,3901 ,3901 ,107 ,273 ,241 ,205 ,394 ,640 ,881 ,638 ,434 ,87 ,1
충청남도 논산시 연무읍(4423025300),12970 ,12970 ,743 ,1015 ,1081 ,1176 ,1543 ,1988 ,2532 ,1579 ,1111 ,198 ,4 ,6528 ,6528 ,376 ,539 ,652 ,635 ,858 ,1080 ,1279 ,708 ,361 ,38 ,2 ,6442 ,6442 ,367 ,476 ,429 ,541 ,685 ,908 ,1253 ,871 ,750 ,160 ,2
충청남도 논산시 성동면(4423031000),3886 ,3886 ,105 ,139 ,218 ,217 ,311 ,579 ,990 ,673 ,576 ,77 ,1 ,1955 ,1955 ,52 ,72 ,132 ,135 ,206 ,318 ,519 ,298 ,201 ,21 ,1 ,1931 ,1931 ,53 ,67 ,86 ,82 ,105 ,261 ,471 ,375 ,375 ,56 ,0
충청남도 논산시 광석면(4423032000),4023 ,4023 ,79 ,212 ,237 ,209 ,365 ,650 ,1018 ,687 ,506 ,58 ,2 ,2032 ,2032 ,35 ,102 ,137 ,116 ,229 ,367 ,551 ,329 ,150 ,16 ,0 ,1991 ,1991 ,44 ,110 ,100 ,93 ,136 ,283 ,467 ,358 ,356 ,42 ,2
충청남도 논산시 노성면(4423033000),2801 ,2801 ,80 ,139 ,159 ,164 ,266 ,431 ,656 ,477 ,357 ,67 ,5 ,1409 ,1409 ,44 ,71 ,98 ,89 ,159 ,247 ,336 ,232 ,120 ,13 ,0 ,1392 ,1392 ,36 ,68 ,61 ,75 ,107 ,184 ,320 ,245 ,237 ,54 ,5
충청남도 논산시 상월면(4423034000),3415 ,3415 ,42 ,142 ,180 ,168 ,322 ,630 ,916 ,529 ,410 ,74 ,2 ,1717 ,1717 ,22 ,77 ,102 ,85 ,176 ,340 ,485 ,266 ,141 ,23 ,0 ,1698 ,1698 ,20 ,65 ,78 ,83 ,146 ,290 ,431 ,263 ,269 ,51 ,2
충청남도 논산시 부적면(4423035000),3409 ,3409 ,80 ,148 ,195 ,195 ,299 ,578 ,890 ,540 ,398 ,82 ,4 ,1736 ,1736 ,42 ,68 ,116 ,109 ,177 ,341 ,473 ,250 ,141 ,18 ,1 ,1673 ,1673 ,38 ,80 ,79 ,86 ,122 ,237 ,417 ,290 ,257 ,64 ,3
충청남도 논산시 연산면(4423036000),5896 ,5896 ,148 ,290 ,283 ,306 ,472 ,1072 ,1644 ,919 ,655 ,104 ,3 ,3048 ,3048 ,79 ,154 ,173 ,174 ,281 ,567 ,909 ,452 ,234 ,25 ,0 ,2848 ,2848 ,69 ,136 ,110 ,132 ,191 ,505 ,735 ,467 ,421 ,79 ,3
충청남도 논산시 벌곡면(4423038000),2426 ,2426 ,54 ,145 ,102 ,103 ,170 ,402 ,662 ,425 ,300 ,63 ,0 ,1248 ,1248 ,29 ,87 ,56 ,66 ,104 ,233 ,343 ,213 ,104 ,13 ,0 ,1178 ,1178 ,25 ,58 ,46 ,37 ,66 ,169 ,319 ,212 ,196 ,50 ,0
충청남도 논산시 양촌면(4423039000),5939 ,5939 ,323 ,354 ,357 ,547 ,487 ,989 ,1311 ,814 ,641 ,115 ,1 ,3007 ,3007 ,172 ,181 ,221 ,296 ,253 ,532 ,699 ,380 ,233 ,40 ,0 ,2932 ,2932 ,151 ,173 ,136 ,251 ,234 ,457 ,612 ,434 ,408 ,75 ,1
충청남도 논산시 가야곡면(4423040000),3251 ,3251 ,49 ,104 ,188 ,136 ,244 ,550 ,892 ,546 ,467 ,74 ,1 ,1660 ,1660 ,32 ,57 ,111 ,90 ,142 ,308 ,471 ,266 ,164 ,18 ,1 ,1591 ,1591 ,17 ,47 ,77 ,46 ,102 ,242 ,421 ,280 ,303 ,56 ,0
충청남도 논산시 은진면(4423041000),3885 ,3885 ,88 ,182 ,409 ,245 ,373 ,662 ,901 ,528 ,410 ,85 ,2 ,2069 ,2069 ,47 ,86 ,252 ,165 ,245 ,388 ,496 ,250 ,125 ,15 ,0 ,1816 ,1816 ,41 ,96 ,157 ,80 ,128 ,274 ,405 ,278 ,285 ,70 ,2
충청남도 논산시 채운면(4423042000),2100 ,2100 ,53 ,126 ,108 ,103 ,174 ,319 ,552 ,340 ,268 ,57 ,0 ,1016 ,1016 ,25 ,59 ,64 ,54 ,93 ,188 ,281 ,152 ,82 ,18 ,0 ,1084 ,1084 ,28 ,67 ,44 ,49 ,81 ,131 ,271 ,188 ,186 ,39 ,0
충청남도 논산시 취암동(4423051000),34839 ,34839 ,2825 ,3873 ,4401 ,4191 ,5739 ,5679 ,4542 ,2221 ,1174 ,187 ,7 ,17365 ,17365 ,1423 ,1982 ,2362 ,2197 ,2885 ,2859 ,2213 ,999 ,391 ,51 ,3 ,17474 ,17474 ,1402 ,1891 ,2039 ,1994 ,2854 ,2820 ,2329 ,1222 ,783 ,136 ,4
충청남도 논산시 부창동(4423052000),15365 ,15365 ,987 ,1661 ,1492 ,1323 ,2322 ,2877 ,2495 ,1350 ,756 ,100 ,2 ,7372 ,7372 ,503 ,860 ,804 ,653 ,1163 ,1398 ,1156 ,558 ,265 ,12 ,0 ,7993 ,7993 ,484 ,801 ,688 ,670 ,1159 ,1479 ,1339 ,792 ,491 ,88 ,2
충청남도 계룡시 (4425000000),45256 ,45256 ,3720 ,6264 ,4772 ,5125 ,8387 ,7680 ,5512 ,2366 ,1223 ,198 ,9 ,22510 ,22510 ,1852 ,3301 ,2666 ,2635 ,4056 ,3823 ,2615 ,1128 ,393 ,39 ,2 ,22746 ,22746 ,1868 ,2963 ,2106 ,2490 ,4331 ,3857 ,2897 ,1238 ,830 ,159 ,7
충청남도 계룡시 두마면(4425031000),11511 ,11511 ,1004 ,1327 ,1218 ,1655 ,1939 ,1988 ,1522 ,562 ,247 ,46 ,3 ,5653 ,5653 ,502 ,691 ,635 ,840 ,912 ,955 ,751 ,278 ,85 ,4 ,0 ,5858 ,5858 ,502 ,636 ,583 ,815 ,1027 ,1033 ,771 ,284 ,162 ,42 ,3
충청남도 계룡시 엄사면(4425031500),17464 ,17464 ,973 ,2051 ,2014 ,1496 ,2732 ,3485 ,2628 ,1225 ,742 ,113 ,5 ,8541 ,8541 ,502 ,1100 ,1119 ,764 ,1300 ,1714 ,1227 ,561 ,229 ,23 ,2 ,8923 ,8923 ,471 ,951 ,895 ,732 ,1432 ,1771 ,1401 ,664 ,513 ,90 ,3
충청남도 계룡시 신도안면(4425033000),8026 ,8026 ,1155 ,1843 ,630 ,1219 ,2310 ,707 ,103 ,38 ,18 ,3 ,0 ,4147 ,4147 ,566 ,972 ,354 ,624 ,1180 ,417 ,25 ,7 ,1 ,1 ,0 ,3879 ,3879 ,589 ,871 ,276 ,595 ,1130 ,290 ,78 ,31 ,17 ,2 ,0
충청남도 계룡시 금암동(4425051000),8255 ,8255 ,588 ,1043 ,910 ,755 ,1406 ,1500 ,1259 ,541 ,216 ,36 ,1 ,4169 ,4169 ,282 ,538 ,558 ,407 ,664 ,737 ,612 ,282 ,78 ,11 ,0 ,4086 ,4086 ,306 ,505 ,352 ,348 ,742 ,763 ,647 ,259 ,138 ,25 ,1
충청남도 당진시 (4427000000),168846 ,168846 ,13420 ,16194 ,15011 ,20624 ,27895 ,27292 ,24438 ,13612 ,8950 ,1367 ,43 ,90026 ,90026 ,6794 ,8470 ,8880 ,11823 ,15657 ,15459 ,12753 ,6574 ,3267 ,347 ,2 ,78820 ,78820 ,6626 ,7724 ,6131 ,8801 ,12238 ,11833 ,11685 ,7038 ,5683 ,1020 ,41
충청남도 당진시 합덕읍(4427025000),8311 ,8311 ,210 ,496 ,533 ,545 ,963 ,1416 ,1845 ,1249 ,894 ,152 ,8 ,4390 ,4390 ,115 ,283 ,330 ,335 ,595 ,821 ,943 ,576 ,346 ,46 ,0 ,3921 ,3921 ,95 ,213 ,203 ,210 ,368 ,595 ,902 ,673 ,548 ,106 ,8
충청남도 당진시 송악읍(4427025300),30218 ,30218 ,3242 ,2894 ,2067 ,4336 ,5897 ,4815 ,3854 ,1822 ,1113 ,175 ,3 ,16835 ,16835 ,1656 ,1512 ,1243 ,2424 ,3542 ,2978 ,2115 ,923 ,395 ,47 ,0 ,13383 ,13383 ,1586 ,1382 ,824 ,1912 ,2355 ,1837 ,1739 ,899 ,718 ,128 ,3
충청남도 당진시 고대면(4427031000),5266 ,5266 ,115 ,241 ,336 ,292 ,474 ,888 ,1337 ,829 ,647 ,101 ,6 ,2735 ,2735 ,58 ,124 ,180 ,184 ,275 ,519 ,700 ,414 ,253 ,28 ,0 ,2531 ,2531 ,57 ,117 ,156 ,108 ,199 ,369 ,637 ,415 ,394 ,73 ,6
충청남도 당진시 석문면(4427032000),9000 ,9000 ,294 ,422 ,696 ,836 ,1166 ,1876 ,1937 ,979 ,689 ,102 ,3 ,5295 ,5295 ,160 ,223 ,469 ,571 ,810 ,1215 ,1089 ,476 ,256 ,25 ,1 ,3705 ,3705 ,134 ,199 ,227 ,265 ,356 ,661 ,848 ,503 ,433 ,77 ,2
충청남도 당진시 대호지면(4427033000),2319 ,2319 ,54 ,74 ,100 ,102 ,169 ,334 ,610 ,487 ,328 ,58 ,3 ,1184 ,1184 ,34 ,37 ,64 ,63 ,107 ,186 ,306 ,253 ,118 ,16 ,0 ,1135 ,1135 ,20 ,37 ,36 ,39 ,62 ,148 ,304 ,234 ,210 ,42 ,3
충청남도 당진시 정미면(4427034000),3557 ,3557 ,87 ,172 ,226 ,183 ,285 ,557 ,934 ,588 ,449 ,74 ,2 ,1830 ,1830 ,36 ,81 ,139 ,111 ,165 ,306 ,496 ,304 ,175 ,17 ,0 ,1727 ,1727 ,51 ,91 ,87 ,72 ,120 ,251 ,438 ,284 ,274 ,57 ,2
충청남도 당진시 면천면(4427035000),3451 ,3451 ,70 ,166 ,188 ,196 ,311 ,593 ,907 ,561 ,381 ,76 ,2 ,1762 ,1762 ,34 ,87 ,113 ,114 ,188 ,313 ,480 ,279 ,135 ,19 ,0 ,1689 ,1689 ,36 ,79 ,75 ,82 ,123 ,280 ,427 ,282 ,246 ,57 ,2
충청남도 당진시 순성면(4427036000),4903 ,4903 ,131 ,266 ,320 ,217 ,467 ,845 ,1132 ,820 ,597 ,104 ,4 ,2494 ,2494 ,62 ,143 ,194 ,126 ,271 ,463 ,589 ,405 ,212 ,29 ,0 ,2409 ,2409 ,69 ,123 ,126 ,91 ,196 ,382 ,543 ,415 ,385 ,75 ,4
충청남도 당진시 우강면(4427037000),5481 ,5481 ,186 ,326 ,422 ,337 ,623 ,858 ,1205 ,857 ,588 ,78 ,1 ,2747 ,2747 ,86 ,172 ,251 ,190 ,360 ,459 ,604 ,410 ,196 ,19 ,0 ,2734 ,2734 ,100 ,154 ,171 ,147 ,263 ,399 ,601 ,447 ,392 ,59 ,1
충청남도 당진시 신평면(4427038000),14980 ,14980 ,1074 ,1815 ,1255 ,1216 ,2507 ,2442 ,2371 ,1347 ,832 ,116 ,5 ,7672 ,7672 ,537 ,946 ,732 ,644 ,1297 ,1367 ,1194 ,630 ,299 ,25 ,1 ,7308 ,7308 ,537 ,869 ,523 ,572 ,1210 ,1075 ,1177 ,717 ,533 ,91 ,4
충청남도 당진시 송산면(4427039000),11850 ,11850 ,830 ,996 ,962 ,1663 ,2146 ,2019 ,1676 ,845 ,628 ,83 ,2 ,6887 ,6887 ,409 ,501 ,641 ,1124 ,1356 ,1260 ,939 ,399 ,234 ,24 ,0 ,4963 ,4963 ,421 ,495 ,321 ,539 ,790 ,759 ,737 ,446 ,394 ,59 ,2
충청남도 당진시 당진1동(4427051000),29809 ,29809 ,3065 ,3128 ,3689 ,5548 ,5462 ,4223 ,2671 ,1285 ,650 ,86 ,2 ,15853 ,15853 ,1532 ,1640 ,2150 ,3230 ,2937 ,2201 ,1323 ,589 ,232 ,19 ,0 ,13956 ,13956 ,1533 ,1488 ,1539 ,2318 ,2525 ,2022 ,1348 ,696 ,418 ,67 ,2
충청남도 당진시 당진2동(4427052000),22602 ,22602 ,2617 ,2650 ,2199 ,3260 ,4094 ,3387 ,2417 ,1194 ,686 ,97 ,1 ,11566 ,11566 ,1356 ,1373 ,1214 ,1693 ,2135 ,1761 ,1209 ,559 ,250 ,16 ,0 ,11036 ,11036 ,1261 ,1277 ,985 ,1567 ,1959 ,1626 ,1208 ,635 ,436 ,81 ,1
충청남도 당진시 당진3동(4427053000),17099 ,17099 ,1445 ,2548 ,2018 ,1893 ,3331 ,3039 ,1542 ,749 ,468 ,65 ,1 ,8776 ,8776 ,719 ,1348 ,1160 ,1014 ,1619 ,1610 ,766 ,357 ,166 ,17 ,0 ,8323 ,8323 ,726 ,1200 ,858 ,879 ,1712 ,1429 ,776 ,392 ,302 ,48 ,1
충청남도 금산군 (4471000000),50333 ,50333 ,2037 ,4116 ,3474 ,3201 ,5631 ,8717 ,10996 ,6735 ,4711 ,695 ,20 ,25403 ,25403 ,1008 ,2173 ,1995 ,1690 ,3061 ,4805 ,5741 ,3165 ,1589 ,174 ,2 ,24930 ,24930 ,1029 ,1943 ,1479 ,1511 ,2570 ,3912 ,5255 ,3570 ,3122 ,521 ,18
충청남도 금산군 금산읍(4471025000),22692 ,22692 ,1356 ,2415 ,2049 ,1895 ,3388 ,3884 ,3758 ,2382 ,1378 ,181 ,6 ,11119 ,11119 ,650 ,1240 ,1158 ,954 ,1751 ,1994 ,1817 ,1020 ,494 ,40 ,1 ,11573 ,11573 ,706 ,1175 ,891 ,941 ,1637 ,1890 ,1941 ,1362 ,884 ,141 ,5
충청남도 금산군 금성면(4471031000),3166 ,3166 ,69 ,141 ,160 ,161 ,265 ,565 ,794 ,538 ,391 ,79 ,3 ,1631 ,1631 ,41 ,74 ,102 ,98 ,155 ,316 ,435 ,263 ,133 ,13 ,1 ,1535 ,1535 ,28 ,67 ,58 ,63 ,110 ,249 ,359 ,275 ,258 ,66 ,2
충청남도 금산군 제원면(4471032000),2749 ,2749 ,51 ,90 ,151 ,124 ,188 ,462 ,789 ,470 ,363 ,59 ,2 ,1445 ,1445 ,33 ,58 ,101 ,73 ,117 ,266 ,422 ,238 ,122 ,15 ,0 ,1304 ,1304 ,18 ,32 ,50 ,51 ,71 ,196 ,367 ,232 ,241 ,44 ,2
충청남도 금산군 부리면(4471033000),2439 ,2439 ,55 ,72 ,86 ,81 ,166 ,382 ,670 ,451 ,415 ,59 ,2 ,1223 ,1223 ,27 ,26 ,50 ,48 ,110 ,239 ,361 ,218 ,126 ,18 ,0 ,1216 ,1216 ,28 ,46 ,36 ,33 ,56 ,143 ,309 ,233 ,289 ,41 ,2
충청남도 금산군 군북면(4471034000),2423 ,2423 ,90 ,120 ,98 ,109 ,207 ,399 ,637 ,408 ,300 ,54 ,1 ,1241 ,1241 ,36 ,69 ,61 ,60 ,116 ,246 ,344 ,192 ,104 ,13 ,0 ,1182 ,1182 ,54 ,51 ,37 ,49 ,91 ,153 ,293 ,216 ,196 ,41 ,1
충청남도 금산군 남일면(4471035000),2824 ,2824 ,63 ,444 ,117 ,115 ,196 ,392 ,654 ,412 ,377 ,52 ,2 ,1442 ,1442 ,37 ,235 ,77 ,60 ,113 ,234 ,355 ,202 ,113 ,16 ,0 ,1382 ,1382 ,26 ,209 ,40 ,55 ,83 ,158 ,299 ,210 ,264 ,36 ,2
충청남도 금산군 남이면(4471036000),2041 ,2041 ,40 ,153 ,70 ,66 ,120 ,376 ,572 ,327 ,285 ,30 ,2 ,1043 ,1043 ,21 ,87 ,42 ,34 ,67 ,221 ,319 ,142 ,99 ,11 ,0 ,998 ,998 ,19 ,66 ,28 ,32 ,53 ,155 ,253 ,185 ,186 ,19 ,2
충청남도 금산군 진산면(4471037000),3161 ,3161 ,68 ,167 ,153 ,122 ,249 ,602 ,806 ,544 ,400 ,50 ,0 ,1598 ,1598 ,38 ,97 ,74 ,60 ,138 ,345 ,423 ,277 ,133 ,13 ,0 ,1563 ,1563 ,30 ,70 ,79 ,62 ,111 ,257 ,383 ,267 ,267 ,37 ,0
충청남도 금산군 복수면(4471038000),2946 ,2946 ,52 ,135 ,158 ,161 ,252 ,524 ,796 ,488 ,322 ,57 ,1 ,1536 ,1536 ,20 ,78 ,89 ,81 ,156 ,306 ,433 ,254 ,103 ,16 ,0 ,1410 ,1410 ,32 ,57 ,69 ,80 ,96 ,218 ,363 ,234 ,219 ,41 ,1
충청남도 금산군 추부면(4471039000),5892 ,5892 ,193 ,379 ,432 ,367 ,600 ,1131 ,1520 ,715 ,480 ,74 ,1 ,3125 ,3125 ,105 ,209 ,241 ,222 ,338 ,638 ,832 ,359 ,162 ,19 ,0 ,2767 ,2767 ,88 ,170 ,191 ,145 ,262 ,493 ,688 ,356 ,318 ,55 ,1
충청남도 부여군 (4476000000),61903 ,61903 ,2316 ,4206 ,4516 ,3721 ,6365 ,9797 ,13899 ,9141 ,6737 ,1178 ,27 ,30789 ,30789 ,1230 ,2242 ,2590 ,2019 ,3462 ,5221 ,7047 ,4265 ,2408 ,303 ,2 ,31114 ,31114 ,1086 ,1964 ,1926 ,1702 ,2903 ,4576 ,6852 ,4876 ,4329 ,875 ,25
충청남도 부여군 부여읍(4476025000),18842 ,18842 ,804 ,1634 ,1812 ,1436 ,2290 ,3341 ,3789 ,2210 ,1305 ,215 ,6 ,9333 ,9333 ,425 ,859 ,1050 ,747 ,1177 ,1700 ,1840 ,1005 ,484 ,46 ,0 ,9509 ,9509 ,379 ,775 ,762 ,689 ,1113 ,1641 ,1949 ,1205 ,821 ,169 ,6
충청남도 부여군 규암면(4476031000),11752 ,11752 ,800 ,1186 ,1189 ,1001 ,1681 ,1910 ,1989 ,1083 ,779 ,132 ,2 ,5773 ,5773 ,423 ,617 ,615 ,492 ,846 ,1023 ,968 ,484 ,272 ,33 ,0 ,5979 ,5979 ,377 ,569 ,574 ,509 ,835 ,887 ,1021 ,599 ,507 ,99 ,2
충청남도 부여군 은산면(4476032000),3590 ,3590 ,82 ,173 ,218 ,141 ,289 ,551 ,1006 ,615 ,447 ,66 ,2 ,1823 ,1823 ,50 ,81 ,133 ,91 ,166 ,297 ,527 ,301 ,156 ,20 ,1 ,1767 ,1767 ,32 ,92 ,85 ,50 ,123 ,254 ,479 ,314 ,291 ,46 ,1
충청남도 부여군 외산면(4476033000),2252 ,2252 ,30 ,95 ,97 ,78 ,147 ,352 ,582 ,480 ,325 ,61 ,5 ,1113 ,1113 ,19 ,66 ,65 ,41 ,84 ,188 ,287 ,226 ,125 ,12 ,0 ,1139 ,1139 ,11 ,29 ,32 ,37 ,63 ,164 ,295 ,254 ,200 ,49 ,5
충청남도 부여군 내산면(4476034000),1497 ,1497 ,35 ,58 ,46 ,60 ,93 ,218 ,405 ,315 ,230 ,37 ,0 ,754 ,754 ,20 ,35 ,31 ,34 ,54 ,115 ,221 ,155 ,79 ,10 ,0 ,743 ,743 ,15 ,23 ,15 ,26 ,39 ,103 ,184 ,160 ,151 ,27 ,0
충청남도 부여군 구룡면(4476035000),2249 ,2249 ,49 ,111 ,106 ,91 ,180 ,344 ,514 ,439 ,352 ,61 ,2 ,1113 ,1113 ,28 ,62 ,59 ,53 ,113 ,188 ,258 ,202 ,131 ,19 ,0 ,1136 ,1136 ,21 ,49 ,47 ,38 ,67 ,156 ,256 ,237 ,221 ,42 ,2
충청남도 부여군 홍산면(4476036000),2740 ,2740 ,82 ,132 ,134 ,118 ,236 ,383 ,681 ,522 ,389 ,60 ,3 ,1332 ,1332 ,45 ,69 ,81 ,71 ,130 ,197 ,346 ,231 ,144 ,18 ,0 ,1408 ,1408 ,37 ,63 ,53 ,47 ,106 ,186 ,335 ,291 ,245 ,42 ,3
충청남도 부여군 옥산면(4476037000),1384 ,1384 ,17 ,52 ,57 ,45 ,89 ,193 ,385 ,296 ,207 ,43 ,0 ,673 ,673 ,9 ,22 ,33 ,32 ,56 ,104 ,196 ,144 ,70 ,7 ,0 ,711 ,711 ,8 ,30 ,24 ,13 ,33 ,89 ,189 ,152 ,137 ,36 ,0
충청남도 부여군 남면(4476038000),1758 ,1758 ,32 ,78 ,82 ,58 ,133 ,213 ,440 ,356 ,305 ,60 ,1 ,857 ,857 ,22 ,44 ,48 ,37 ,83 ,114 ,226 ,151 ,118 ,14 ,0 ,901 ,901 ,10 ,34 ,34 ,21 ,50 ,99 ,214 ,205 ,187 ,46 ,1
충청남도 부여군 충화면(4476039000),1092 ,1092 ,20 ,24 ,43 ,46 ,62 ,152 ,305 ,217 ,183 ,40 ,0 ,564 ,564 ,7 ,21 ,25 ,32 ,33 ,94 ,157 ,117 ,67 ,11 ,0 ,528 ,528 ,13 ,3 ,18 ,14 ,29 ,58 ,148 ,100 ,116 ,29 ,0
충청남도 부여군 양화면(4476040000),1631 ,1631 ,32 ,47 ,55 ,46 ,110 ,194 ,441 ,321 ,321 ,64 ,0 ,770 ,770 ,16 ,25 ,30 ,28 ,60 ,100 ,226 ,155 ,115 ,15 ,0 ,861 ,861 ,16 ,22 ,25 ,18 ,50 ,94 ,215 ,166 ,206 ,49 ,0
충청남도 부여군 임천면(4476041000),2728 ,2728 ,86 ,105 ,138 ,110 ,202 ,376 ,670 ,533 ,436 ,71 ,1 ,1354 ,1354 ,36 ,51 ,96 ,66 ,117 ,211 ,358 ,246 ,151 ,22 ,0 ,1374 ,1374 ,50 ,54 ,42 ,44 ,85 ,165 ,312 ,287 ,285 ,49 ,1
충청남도 부여군 장암면(4476042000),2608 ,2608 ,63 ,97 ,122 ,127 ,191 ,359 ,643 ,475 ,438 ,92 ,1 ,1331 ,1331 ,34 ,62 ,77 ,73 ,126 ,202 ,360 ,218 ,152 ,26 ,1 ,1277 ,1277 ,29 ,35 ,45 ,54 ,65 ,157 ,283 ,257 ,286 ,66 ,0
충청남도 부여군 세도면(4476043000),2991 ,2991 ,65 ,128 ,154 ,139 ,243 ,436 ,783 ,557 ,411 ,75 ,0 ,1521 ,1521 ,29 ,66 ,97 ,88 ,152 ,235 ,400 ,278 ,150 ,26 ,0 ,1470 ,1470 ,36 ,62 ,57 ,51 ,91 ,201 ,383 ,279 ,261 ,49 ,0
충청남도 부여군 석성면(4476044000),2734 ,2734 ,75 ,195 ,179 ,117 ,253 ,490 ,664 ,404 ,303 ,51 ,3 ,1434 ,1434 ,42 ,112 ,100 ,76 ,154 ,294 ,349 ,199 ,96 ,12 ,0 ,1300 ,1300 ,33 ,83 ,79 ,41 ,99 ,196 ,315 ,205 ,207 ,39 ,3
충청남도 부여군 초촌면(4476045000),2055 ,2055 ,44 ,91 ,84 ,108 ,166 ,285 ,602 ,318 ,306 ,50 ,1 ,1044 ,1044 ,25 ,50 ,50 ,58 ,111 ,159 ,328 ,153 ,98 ,12 ,0 ,1011 ,1011 ,19 ,41 ,34 ,50 ,55 ,126 ,274 ,165 ,208 ,38 ,1
충청남도 서천군 (4477000000),49730 ,49730 ,1918 ,3130 ,3292 ,2993 ,5124 ,7857 ,10890 ,7846 ,5656 ,1003 ,21 ,24571 ,24571 ,971 ,1594 ,1917 ,1656 ,2786 ,4292 ,5492 ,3603 ,2016 ,241 ,3 ,25159 ,25159 ,947 ,1536 ,1375 ,1337 ,2338 ,3565 ,5398 ,4243 ,3640 ,762 ,18
충청남도 서천군 장항읍(4477025000),11070 ,11070 ,519 ,814 ,956 ,906 ,1365 ,1918 ,2137 ,1463 ,870 ,118 ,4 ,5560 ,5560 ,267 ,412 ,535 ,487 ,732 ,1066 ,1064 ,650 ,314 ,32 ,1 ,5510 ,5510 ,252 ,402 ,421 ,419 ,633 ,852 ,1073 ,813 ,556 ,86 ,3
충청남도 서천군 서천읍(4477025300),13011 ,13011 ,805 ,1363 ,1163 ,935 ,1753 ,2234 ,2258 ,1464 ,880 ,153 ,3 ,6337 ,6337 ,390 ,709 ,671 ,480 ,826 ,1144 ,1091 ,675 ,307 ,44 ,0 ,6674 ,6674 ,415 ,654 ,492 ,455 ,927 ,1090 ,1167 ,789 ,573 ,109 ,3
충청남도 서천군 마서면(4477031000),4669 ,4669 ,105 ,220 ,219 ,228 ,424 ,749 ,1108 ,853 ,633 ,129 ,1 ,2308 ,2308 ,51 ,111 ,126 ,135 ,251 ,439 ,589 ,364 ,210 ,31 ,1 ,2361 ,2361 ,54 ,109 ,93 ,93 ,173 ,310 ,519 ,489 ,423 ,98 ,0
충청남도 서천군 화양면(4477032000),2172 ,2172 ,36 ,48 ,84 ,94 ,149 ,267 ,527 ,452 ,430 ,84 ,1 ,1068 ,1068 ,20 ,31 ,53 ,55 ,95 ,145 ,275 ,208 ,167 ,19 ,0 ,1104 ,1104 ,16 ,17 ,31 ,39 ,54 ,122 ,252 ,244 ,263 ,65 ,1
충청남도 서천군 기산면(4477033000),1541 ,1541 ,17 ,49 ,64 ,48 ,116 ,200 ,414 ,308 ,256 ,67 ,2 ,763 ,763 ,7 ,29 ,35 ,27 ,81 ,107 ,216 ,139 ,108 ,14 ,0 ,778 ,778 ,10 ,20 ,29 ,21 ,35 ,93 ,198 ,169 ,148 ,53 ,2
충청남도 서천군 한산면(4477034000),2405 ,2405 ,58 ,88 ,102 ,95 ,195 ,332 ,552 ,457 ,449 ,77 ,0 ,1131 ,1131 ,34 ,40 ,55 ,54 ,111 ,178 ,264 ,220 ,154 ,21 ,0 ,1274 ,1274 ,24 ,48 ,47 ,41 ,84 ,154 ,288 ,237 ,295 ,56 ,0
충청남도 서천군 마산면(4477035000),1433 ,1433 ,36 ,61 ,65 ,62 ,87 ,183 ,361 ,267 ,264 ,47 ,0 ,681 ,681 ,17 ,26 ,43 ,33 ,54 ,98 ,182 ,131 ,90 ,7 ,0 ,752 ,752 ,19 ,35 ,22 ,29 ,33 ,85 ,179 ,136 ,174 ,40 ,0
충청남도 서천군 시초면(4477036000),1212 ,1212 ,27 ,31 ,53 ,48 ,70 ,151 ,315 ,231 ,243 ,40 ,3 ,590 ,590 ,15 ,17 ,30 ,29 ,43 ,86 ,165 ,107 ,86 ,11 ,1 ,622 ,622 ,12 ,14 ,23 ,19 ,27 ,65 ,150 ,124 ,157 ,29 ,2
충청남도 서천군 문산면(4477037000),1204 ,1204 ,30 ,21 ,35 ,39 ,85 ,135 ,333 ,276 ,218 ,32 ,0 ,609 ,609 ,21 ,12 ,21 ,20 ,57 ,78 ,166 ,133 ,96 ,5 ,0 ,595 ,595 ,9 ,9 ,14 ,19 ,28 ,57 ,167 ,143 ,122 ,27 ,0
충청남도 서천군 판교면(4477038000),2008 ,2008 ,31 ,63 ,76 ,61 ,126 ,264 ,564 ,421 ,335 ,66 ,1 ,987 ,987 ,12 ,30 ,42 ,38 ,75 ,137 ,302 ,212 ,123 ,16 ,0 ,1021 ,1021 ,19 ,33 ,34 ,23 ,51 ,127 ,262 ,209 ,212 ,50 ,1
충청남도 서천군 종천면(4477039000),1996 ,1996 ,36 ,76 ,82 ,90 ,136 ,268 ,503 ,427 ,317 ,58 ,3 ,959 ,959 ,20 ,32 ,51 ,53 ,79 ,156 ,257 ,208 ,92 ,11 ,0 ,1037 ,1037 ,16 ,44 ,31 ,37 ,57 ,112 ,246 ,219 ,225 ,47 ,3
충청남도 서천군 비인면(4477040000),2863 ,2863 ,54 ,77 ,149 ,152 ,186 ,467 ,796 ,558 ,351 ,72 ,1 ,1444 ,1444 ,40 ,38 ,105 ,95 ,109 ,267 ,398 ,258 ,119 ,15 ,0 ,1419 ,1419 ,14 ,39 ,44 ,57 ,77 ,200 ,398 ,300 ,232 ,57 ,1
충청남도 서천군 서면(4477041000),4146 ,4146 ,164 ,219 ,244 ,235 ,432 ,689 ,1022 ,669 ,410 ,60 ,2 ,2134 ,2134 ,77 ,107 ,150 ,150 ,273 ,391 ,523 ,298 ,150 ,15 ,0 ,2012 ,2012 ,87 ,112 ,94 ,85 ,159 ,298 ,499 ,371 ,260 ,45 ,2
충청남도 청양군 (4479000000),30288 ,30288 ,1045 ,2024 ,2426 ,1836 ,2812 ,4856 ,6842 ,4360 ,3487 ,591 ,9 ,15448 ,15448 ,538 ,1065 ,1448 ,1011 ,1634 ,2717 ,3552 ,2085 ,1229 ,166 ,3 ,14840 ,14840 ,507 ,959 ,978 ,825 ,1178 ,2139 ,3290 ,2275 ,2258 ,425 ,6
충청남도 청양군 청양읍(4479025000),10130 ,10130 ,532 ,1105 ,1298 ,834 ,1222 ,1603 ,1715 ,1015 ,660 ,143 ,3 ,5172 ,5172 ,275 ,574 ,768 ,442 ,646 ,852 ,852 ,486 ,233 ,42 ,2 ,4958 ,4958 ,257 ,531 ,530 ,392 ,576 ,751 ,863 ,529 ,427 ,101 ,1
충청남도 청양군 운곡면(4479031000),2091 ,2091 ,40 ,81 ,131 ,81 ,145 ,324 ,543 ,348 ,345 ,53 ,0 ,1050 ,1050 ,22 ,42 ,85 ,51 ,85 ,171 ,296 ,158 ,124 ,16 ,0 ,1041 ,1041 ,18 ,39 ,46 ,30 ,60 ,153 ,247 ,190 ,221 ,37 ,0
충청남도 청양군 대치면(4479032000),2240 ,2240 ,56 ,88 ,130 ,107 ,189 ,396 ,584 ,369 ,274 ,47 ,0 ,1171 ,1171 ,26 ,49 ,76 ,61 ,117 ,229 ,314 ,192 ,100 ,7 ,0 ,1069 ,1069 ,30 ,39 ,54 ,46 ,72 ,167 ,270 ,177 ,174 ,40 ,0
충청남도 청양군 정산면(4479033000),3458 ,3458 ,133 ,232 ,249 ,248 ,350 ,590 ,761 ,478 ,355 ,61 ,1 ,1793 ,1793 ,60 ,134 ,156 ,140 ,204 ,321 ,401 ,230 ,122 ,24 ,1 ,1665 ,1665 ,73 ,98 ,93 ,108 ,146 ,269 ,360 ,248 ,233 ,37 ,0
충청남도 청양군 목면(4479034000),1477 ,1477 ,31 ,72 ,79 ,69 ,109 ,259 ,381 ,227 ,212 ,38 ,0 ,780 ,780 ,20 ,38 ,53 ,37 ,67 ,156 ,210 ,111 ,79 ,9 ,0 ,697 ,697 ,11 ,34 ,26 ,32 ,42 ,103 ,171 ,116 ,133 ,29 ,0
충청남도 청양군 청남면(4479035000),1825 ,1825 ,49 ,85 ,84 ,98 ,135 ,285 ,461 ,326 ,259 ,43 ,0 ,944 ,944 ,30 ,42 ,53 ,61 ,88 ,184 ,233 ,163 ,77 ,13 ,0 ,881 ,881 ,19 ,43 ,31 ,37 ,47 ,101 ,228 ,163 ,182 ,30 ,0
충청남도 청양군 장평면(4479036000),2236 ,2236 ,64 ,102 ,109 ,86 ,178 ,322 ,582 ,421 ,338 ,33 ,1 ,1141 ,1141 ,34 ,50 ,59 ,44 ,125 ,190 ,307 ,186 ,139 ,7 ,0 ,1095 ,1095 ,30 ,52 ,50 ,42 ,53 ,132 ,275 ,235 ,199 ,26 ,1
충청남도 청양군 남양면(4479037000),2614 ,2614 ,60 ,74 ,141 ,113 ,165 ,414 ,685 ,444 ,445 ,72 ,1 ,1296 ,1296 ,35 ,41 ,86 ,58 ,101 ,236 ,359 ,213 ,147 ,20 ,0 ,1318 ,1318 ,25 ,33 ,55 ,55 ,64 ,178 ,326 ,231 ,298 ,52 ,1
충청남도 청양군 화성면(4479038000),2118 ,2118 ,36 ,103 ,105 ,91 ,154 ,318 ,550 ,391 ,308 ,60 ,2 ,1061 ,1061 ,17 ,51 ,60 ,55 ,96 ,185 ,278 ,192 ,106 ,21 ,0 ,1057 ,1057 ,19 ,52 ,45 ,36 ,58 ,133 ,272 ,199 ,202 ,39 ,2
충청남도 청양군 비봉면(4479039000),2099 ,2099 ,44 ,82 ,100 ,109 ,165 ,345 ,580 ,341 ,291 ,41 ,1 ,1040 ,1040 ,19 ,44 ,52 ,62 ,105 ,193 ,302 ,154 ,102 ,7 ,0 ,1059 ,1059 ,25 ,38 ,48 ,47 ,60 ,152 ,278 ,187 ,189 ,34 ,1
충청남도 홍성군 (4480000000),96961 ,96961 ,6418 ,9349 ,8586 ,9239 ,13536 ,15429 ,16357 ,9978 ,6939 ,1093 ,37 ,48331 ,48331 ,3334 ,4809 ,4742 ,4843 ,6904 ,8249 ,8140 ,4606 ,2436 ,264 ,4 ,48630 ,48630 ,3084 ,4540 ,3844 ,4396 ,6632 ,7180 ,8217 ,5372 ,4503 ,829 ,33
충청남도 홍성군 홍성읍(4480025000),36136 ,36136 ,1910 ,3915 ,4223 ,3151 ,5291 ,6639 ,5767 ,3190 ,1770 ,271 ,9 ,17939 ,17939 ,978 ,2003 ,2356 ,1686 ,2529 ,3469 ,2768 ,1452 ,637 ,61 ,0 ,18197 ,18197 ,932 ,1912 ,1867 ,1465 ,2762 ,3170 ,2999 ,1738 ,1133 ,210 ,9
충청남도 홍성군 광천읍(4480025300),7954 ,7954 ,225 ,508 ,420 ,411 ,680 ,1264 ,1910 ,1433 ,970 ,130 ,3 ,3903 ,3903 ,123 ,280 ,246 ,243 ,388 ,657 ,958 ,630 ,341 ,36 ,1 ,4051 ,4051 ,102 ,228 ,174 ,168 ,292 ,607 ,952 ,803 ,629 ,94 ,2
충청남도 홍성군 홍북읍(4480025600),29059 ,29059 ,3800 ,3893 ,2779 ,4533 ,5700 ,3841 ,2541 ,1156 ,702 ,110 ,4 ,14580 ,14580 ,1981 ,1996 ,1420 ,2218 ,2862 ,2050 ,1241 ,551 ,238 ,23 ,0 ,14479 ,14479 ,1819 ,1897 ,1359 ,2315 ,2838 ,1791 ,1300 ,605 ,464 ,87 ,4
충청남도 홍성군 금마면(4480032000),3423 ,3423 ,81 ,124 ,176 ,187 ,274 ,588 ,873 ,583 ,461 ,72 ,4 ,1740 ,1740 ,44 ,69 ,105 ,119 ,164 ,341 ,450 ,282 ,146 ,20 ,0 ,1683 ,1683 ,37 ,55 ,71 ,68 ,110 ,247 ,423 ,301 ,315 ,52 ,4
충청남도 홍성군 홍동면(4480033000),3406 ,3406 ,104 ,249 ,205 ,168 ,325 ,531 ,786 ,517 ,447 ,73 ,1 ,1706 ,1706 ,57 ,120 ,128 ,102 ,174 ,306 ,404 ,245 ,155 ,15 ,0 ,1700 ,1700 ,47 ,129 ,77 ,66 ,151 ,225 ,382 ,272 ,292 ,58 ,1
충청남도 홍성군 장곡면(4480034000),2805 ,2805 ,66 ,116 ,113 ,134 ,199 ,401 ,681 ,519 ,509 ,65 ,2 ,1344 ,1344 ,33 ,53 ,74 ,75 ,124 ,219 ,352 ,218 ,181 ,14 ,1 ,1461 ,1461 ,33 ,63 ,39 ,59 ,75 ,182 ,329 ,301 ,328 ,51 ,1
충청남도 홍성군 은하면(4480035000),2190 ,2190 ,26 ,64 ,103 ,76 ,149 ,311 ,566 ,448 ,367 ,76 ,4 ,1125 ,1125 ,16 ,35 ,58 ,51 ,95 ,189 ,300 ,227 ,132 ,22 ,0 ,1065 ,1065 ,10 ,29 ,45 ,25 ,54 ,122 ,266 ,221 ,235 ,54 ,4
충청남도 홍성군 결성면(4480036000),2035 ,2035 ,23 ,71 ,84 ,92 ,122 ,284 ,557 ,374 ,370 ,55 ,3 ,1004 ,1004 ,10 ,42 ,52 ,60 ,84 ,150 ,283 ,170 ,141 ,11 ,1 ,1031 ,1031 ,13 ,29 ,32 ,32 ,38 ,134 ,274 ,204 ,229 ,44 ,2
충청남도 홍성군 서부면(4480037000),3099 ,3099 ,56 ,122 ,140 ,126 ,250 ,472 ,853 ,572 ,426 ,82 ,0 ,1518 ,1518 ,19 ,61 ,87 ,75 ,148 ,250 ,442 ,267 ,153 ,16 ,0 ,1581 ,1581 ,37 ,61 ,53 ,51 ,102 ,222 ,411 ,305 ,273 ,66 ,0
충청남도 홍성군 갈산면(4480038000),3429 ,3429 ,53 ,128 ,162 ,175 ,256 ,493 ,918 ,619 ,534 ,89 ,2 ,1744 ,1744 ,31 ,73 ,108 ,114 ,168 ,275 ,472 ,292 ,185 ,26 ,0 ,1685 ,1685 ,22 ,55 ,54 ,61 ,88 ,218 ,446 ,327 ,349 ,63 ,2
충청남도 홍성군 구항면(4480039000),3425 ,3425 ,74 ,159 ,181 ,186 ,290 ,605 ,905 ,567 ,383 ,70 ,5 ,1728 ,1728 ,42 ,77 ,108 ,100 ,168 ,343 ,470 ,272 ,127 ,20 ,1 ,1697 ,1697 ,32 ,82 ,73 ,86 ,122 ,262 ,435 ,295 ,256 ,50 ,4
충청남도 예산군 (4481000000),78689 ,78689 ,3401 ,5543 ,6184 ,6291 ,9126 ,13042 ,16352 ,10312 ,7310 ,1093 ,35 ,39459 ,39459 ,1732 ,2873 ,3503 ,3450 ,4867 ,7094 ,8206 ,4772 ,2705 ,253 ,4 ,39230 ,39230 ,1669 ,2670 ,2681 ,2841 ,4259 ,5948 ,8146 ,5540 ,4605 ,840 ,31
충청남도 예산군 예산읍(4481025000),31459 ,31459 ,1584 ,2985 ,3051 ,2436 ,4319 ,5541 ,5942 ,3366 ,1951 ,272 ,12 ,15595 ,15595 ,823 ,1549 ,1703 ,1284 ,2133 ,2932 ,2871 ,1513 ,723 ,63 ,1 ,15864 ,15864 ,761 ,1436 ,1348 ,1152 ,2186 ,2609 ,3071 ,1853 ,1228 ,209 ,11
충청남도 예산군 삽교읍(4481025300),14263 ,14263 ,1149 ,1091 ,1391 ,2232 ,1954 ,2094 ,2097 ,1206 ,924 ,123 ,2 ,7101 ,7101 ,576 ,534 ,733 ,1185 ,1031 ,1062 ,1046 ,559 ,344 ,31 ,0 ,7162 ,7162 ,573 ,557 ,658 ,1047 ,923 ,1032 ,1051 ,647 ,580 ,92 ,2
충청남도 예산군 대술면(4481031000),2331 ,2331 ,36 ,65 ,99 ,98 ,189 ,359 ,641 ,465 ,327 ,48 ,4 ,1186 ,1186 ,16 ,32 ,58 ,54 ,132 ,209 ,334 ,224 ,115 ,11 ,1 ,1145 ,1145 ,20 ,33 ,41 ,44 ,57 ,150 ,307 ,241 ,212 ,37 ,3
충청남도 예산군 신양면(4481032000),2942 ,2942 ,45 ,135 ,129 ,128 ,259 ,419 ,771 ,562 ,425 ,66 ,3 ,1496 ,1496 ,21 ,75 ,87 ,80 ,150 ,244 ,393 ,265 ,164 ,17 ,0 ,1446 ,1446 ,24 ,60 ,42 ,48 ,109 ,175 ,378 ,297 ,261 ,49 ,3
충청남도 예산군 광시면(4481033000),3024 ,3024 ,55 ,112 ,135 ,115 ,233 ,494 ,754 ,543 ,516 ,66 ,1 ,1505 ,1505 ,30 ,61 ,75 ,61 ,142 ,288 ,407 ,259 ,169 ,13 ,0 ,1519 ,1519 ,25 ,51 ,60 ,54 ,91 ,206 ,347 ,284 ,347 ,53 ,1
충청남도 예산군 대흥면(4481034000),1689 ,1689 ,23 ,53 ,69 ,60 ,109 ,269 ,487 ,346 ,227 ,46 ,0 ,868 ,868 ,11 ,32 ,40 ,37 ,74 ,157 ,245 ,177 ,88 ,7 ,0 ,821 ,821 ,12 ,21 ,29 ,23 ,35 ,112 ,242 ,169 ,139 ,39 ,0
충청남도 예산군 응봉면(4481035000),2417 ,2417 ,40 ,119 ,157 ,129 ,222 ,413 ,622 ,364 ,302 ,47 ,2 ,1255 ,1255 ,17 ,67 ,103 ,84 ,134 ,219 ,334 ,169 ,114 ,14 ,0 ,1162 ,1162 ,23 ,52 ,54 ,45 ,88 ,194 ,288 ,195 ,188 ,33 ,2
충청남도 예산군 덕산면(4481036000),6459 ,6459 ,201 ,350 ,402 ,401 ,633 ,1233 ,1530 ,949 ,642 ,114 ,4 ,3191 ,3191 ,100 ,189 ,238 ,228 ,341 ,647 ,735 ,451 ,229 ,33 ,0 ,3268 ,3268 ,101 ,161 ,164 ,173 ,292 ,586 ,795 ,498 ,413 ,81 ,4
충청남도 예산군 봉산면(4481037000),2436 ,2436 ,60 ,134 ,110 ,126 ,222 ,353 ,617 ,394 ,341 ,78 ,1 ,1236 ,1236 ,31 ,65 ,64 ,77 ,133 ,198 ,326 ,184 ,143 ,15 ,0 ,1200 ,1200 ,29 ,69 ,46 ,49 ,89 ,155 ,291 ,210 ,198 ,63 ,1
충청남도 예산군 고덕면(4481038000),4291 ,4291 ,87 ,217 ,237 ,191 ,371 ,665 ,1018 ,802 ,615 ,83 ,5 ,2203 ,2203 ,39 ,118 ,141 ,113 ,230 ,416 ,511 ,381 ,238 ,14 ,2 ,2088 ,2088 ,48 ,99 ,96 ,78 ,141 ,249 ,507 ,421 ,377 ,69 ,3
충청남도 예산군 신암면(4481039000),3345 ,3345 ,61 ,120 ,184 ,176 ,272 ,513 ,846 ,602 ,498 ,73 ,0 ,1713 ,1713 ,35 ,62 ,119 ,119 ,150 ,313 ,453 ,270 ,174 ,18 ,0 ,1632 ,1632 ,26 ,58 ,65 ,57 ,122 ,200 ,393 ,332 ,324 ,55 ,0
충청남도 예산군 오가면(4481040000),4033 ,4033 ,60 ,162 ,220 ,199 ,343 ,689 ,1027 ,713 ,542 ,77 ,1 ,2110 ,2110 ,33 ,89 ,142 ,128 ,217 ,409 ,551 ,320 ,204 ,17 ,0 ,1923 ,1923 ,27 ,73 ,78 ,71 ,126 ,280 ,476 ,393 ,338 ,60 ,1
충청남도 태안군 (4482500000),61029 ,61029 ,2467 ,4067 ,4371 ,4207 ,7186 ,10350 ,13320 ,9033 ,5135 ,869 ,24 ,30856 ,30856 ,1238 ,2096 ,2621 ,2336 ,3973 ,5637 ,6537 ,4383 ,1834 ,194 ,7 ,30173 ,30173 ,1229 ,1971 ,1750 ,1871 ,3213 ,4713 ,6783 ,4650 ,3301 ,675 ,17
충청남도 태안군 태안읍(4482525000),29038 ,29038 ,1781 ,2738 ,2718 ,2720 ,4281 ,4927 ,4953 ,3110 ,1572 ,228 ,10 ,14704 ,14704 ,910 ,1386 ,1588 ,1463 ,2229 ,2610 ,2431 ,1483 ,547 ,54 ,3 ,14334 ,14334 ,871 ,1352 ,1130 ,1257 ,2052 ,2317 ,2522 ,1627 ,1025 ,174 ,7
충청남도 태안군 안면읍(4482525300),8241 ,8241 ,243 ,471 ,428 ,422 ,931 ,1425 ,1995 ,1463 ,740 ,116 ,7 ,4096 ,4096 ,119 ,249 ,263 ,225 ,517 ,771 ,958 ,692 ,276 ,22 ,4 ,4145 ,4145 ,124 ,222 ,165 ,197 ,414 ,654 ,1037 ,771 ,464 ,94 ,3
충청남도 태안군 고남면(4482531000),2295 ,2295 ,68 ,106 ,88 ,89 ,210 ,411 ,559 ,429 ,286 ,46 ,3 ,1101 ,1101 ,26 ,44 ,51 ,43 ,127 ,233 ,270 ,200 ,103 ,4 ,0 ,1194 ,1194 ,42 ,62 ,37 ,46 ,83 ,178 ,289 ,229 ,183 ,42 ,3
충청남도 태안군 남면(4482532000),4261 ,4261 ,90 ,156 ,325 ,223 ,382 ,688 ,1072 ,765 ,472 ,87 ,1 ,2209 ,2209 ,42 ,87 ,235 ,134 ,234 ,368 ,535 ,383 ,172 ,19 ,0 ,2052 ,2052 ,48 ,69 ,90 ,89 ,148 ,320 ,537 ,382 ,300 ,68 ,1
충청남도 태안군 근흥면(4482533000),5331 ,5331 ,87 ,175 ,227 ,248 ,447 ,897 ,1535 ,1028 ,572 ,112 ,3 ,2738 ,2738 ,40 ,96 ,148 ,168 ,286 ,495 ,746 ,508 ,224 ,27 ,0 ,2593 ,2593 ,47 ,79 ,79 ,80 ,161 ,402 ,789 ,520 ,348 ,85 ,3
충청남도 태안군 소원면(4482534000),5277 ,5277 ,84 ,170 ,212 ,196 ,459 ,883 ,1491 ,1038 ,639 ,105 ,0 ,2614 ,2614 ,40 ,94 ,111 ,121 ,287 ,498 ,734 ,501 ,197 ,31 ,0 ,2663 ,2663 ,44 ,76 ,101 ,75 ,172 ,385 ,757 ,537 ,442 ,74 ,0
충청남도 태안군 원북면(4482535000),4375 ,4375 ,83 ,171 ,265 ,234 ,314 ,763 ,1124 ,777 ,533 ,111 ,0 ,2265 ,2265 ,44 ,99 ,166 ,143 ,185 ,449 ,560 ,401 ,191 ,27 ,0 ,2110 ,2110 ,39 ,72 ,99 ,91 ,129 ,314 ,564 ,376 ,342 ,84 ,0
충청남도 태안군 이원면(4482536000),2211 ,2211 ,31 ,80 ,108 ,75 ,162 ,356 ,591 ,423 ,321 ,64 ,0 ,1129 ,1129 ,17 ,41 ,59 ,39 ,108 ,213 ,303 ,215 ,124 ,10 ,0 ,1082 ,1082 ,14 ,39 ,49 ,36 ,54 ,143 ,288 ,208 ,197 ,54 ,0
전라북도  (4500000000),1764181 ,1764181 ,107464 ,166158 ,195143 ,174490 ,251194 ,298216 ,281587 ,168807 ,104452 ,16177 ,493 ,877966 ,877966 ,54919 ,85999 ,105939 ,90526 ,128705 ,155021 ,140215 ,77044 ,35995 ,3542 ,61 ,886215 ,886215 ,52545 ,80159 ,89204 ,83964 ,122489 ,143195 ,141372 ,91763 ,68457 ,12635 ,432
전라북도 전주시 (4511000000),647306 ,647306 ,46207 ,68765 ,87260 ,77824 ,101890 ,107915 ,84974 ,45793 ,23258 ,3315 ,105 ,318054 ,318054 ,23631 ,35409 ,45857 ,39807 ,49887 ,53154 ,40254 ,20580 ,8667 ,798 ,10 ,329252 ,329252 ,22576 ,33356 ,41403 ,38017 ,52003 ,54761 ,44720 ,25213 ,14591 ,2517 ,95
전라북도 전주시 완산구 (4511100000),330631 ,330631 ,20846 ,33376 ,45725 ,38132 ,49439 ,57353 ,46402 ,24972 ,12455 ,1866 ,65 ,160769 ,160769 ,10730 ,17323 ,23792 ,19481 ,23780 ,27677 ,21724 ,11257 ,4560 ,439 ,6 ,169862 ,169862 ,10116 ,16053 ,21933 ,18651 ,25659 ,29676 ,24678 ,13715 ,7895 ,1427 ,59
전라북도 전주시 완산구 중앙동(4511151000),9815 ,9815 ,625 ,667 ,995 ,1430 ,1300 ,1430 ,1690 ,1052 ,538 ,86 ,2 ,4898 ,4898 ,333 ,337 ,519 ,762 ,682 ,722 ,821 ,481 ,220 ,21 ,0 ,4917 ,4917 ,292 ,330 ,476 ,668 ,618 ,708 ,869 ,571 ,318 ,65 ,2
전라북도 전주시 완산구 풍남동(4511153000),3820 ,3820 ,92 ,125 ,301 ,385 ,422 ,625 ,824 ,627 ,362 ,56 ,1 ,1910 ,1910 ,46 ,74 ,174 ,206 ,263 ,335 ,373 ,284 ,143 ,12 ,0 ,1910 ,1910 ,46 ,51 ,127 ,179 ,159 ,290 ,451 ,343 ,219 ,44 ,1
전라북도 전주시 완산구 노송동(4511160500),10840 ,10840 ,476 ,678 ,1132 ,1079 ,1455 ,1715 ,1956 ,1398 ,820 ,124 ,7 ,5277 ,5277 ,254 ,357 ,597 ,542 ,778 ,858 ,915 ,604 ,331 ,38 ,3 ,5563 ,5563 ,222 ,321 ,535 ,537 ,677 ,857 ,1041 ,794 ,489 ,86 ,4
전라북도 전주시 완산구 완산동(4511163500),5148 ,5148 ,260 ,358 ,498 ,472 ,676 ,849 ,884 ,695 ,401 ,53 ,2 ,2519 ,2519 ,131 ,191 ,245 ,250 ,370 ,455 ,428 ,310 ,126 ,13 ,0 ,2629 ,2629 ,129 ,167 ,253 ,222 ,306 ,394 ,456 ,385 ,275 ,40 ,2
전라북도 전주시 완산구 동서학동(4511165000),6052 ,6052 ,203 ,401 ,622 ,474 ,693 ,1000 ,1270 ,842 ,476 ,69 ,2 ,2975 ,2975 ,106 ,211 ,328 ,262 ,364 ,528 ,586 ,403 ,173 ,14 ,0 ,3077 ,3077 ,97 ,190 ,294 ,212 ,329 ,472 ,684 ,439 ,303 ,55 ,2
전라북도 전주시 완산구 서서학동(4511166000),8260 ,8260 ,227 ,521 ,894 ,664 ,1018 ,1466 ,1720 ,1115 ,578 ,56 ,1 ,4020 ,4020 ,112 ,269 ,501 ,359 ,555 ,746 ,775 ,486 ,206 ,11 ,0 ,4240 ,4240 ,115 ,252 ,393 ,305 ,463 ,720 ,945 ,629 ,372 ,45 ,1
전라북도 전주시 완산구 중화산1동(4511167100),13803 ,13803 ,740 ,1205 ,2025 ,1536 ,1828 ,2307 ,2238 ,1211 ,618 ,94 ,1 ,6610 ,6610 ,399 ,666 ,1011 ,777 ,883 ,1017 ,1030 ,540 ,257 ,30 ,0 ,7193 ,7193 ,341 ,539 ,1014 ,759 ,945 ,1290 ,1208 ,671 ,361 ,64 ,1
전라북도 전주시 완산구 중화산2동(4511167200),19267 ,19267 ,1128 ,2456 ,3202 ,2260 ,3234 ,3378 ,2124 ,970 ,436 ,78 ,1 ,9631 ,9631 ,571 ,1259 ,1636 ,1228 ,1535 ,1704 ,1031 ,486 ,164 ,17 ,0 ,9636 ,9636 ,557 ,1197 ,1566 ,1032 ,1699 ,1674 ,1093 ,484 ,272 ,61 ,1
전라북도 전주시 완산구 서신동(4511168000),39974 ,39974 ,2876 ,4550 ,5806 ,5018 ,6412 ,7195 ,4564 ,2208 ,1202 ,140 ,3 ,19449 ,19449 ,1458 ,2354 ,2974 ,2553 ,2992 ,3468 ,2150 ,1002 ,460 ,38 ,0 ,20525 ,20525 ,1418 ,2196 ,2832 ,2465 ,3420 ,3727 ,2414 ,1206 ,742 ,102 ,3
전라북도 전주시 완산구 평화1동(4511169100),12299 ,12299 ,456 ,730 ,1213 ,1176 ,1505 ,2093 ,2461 ,1641 ,887 ,130 ,7 ,5943 ,5943 ,255 ,397 ,649 ,653 ,820 ,1044 ,1163 ,661 ,275 ,26 ,0 ,6356 ,6356 ,201 ,333 ,564 ,523 ,685 ,1049 ,1298 ,980 ,612 ,104 ,7
전라북도 전주시 완산구 평화2동(4511169200),44242 ,44242 ,3212 ,5026 ,5316 ,4488 ,6973 ,7678 ,6556 ,3175 ,1577 ,232 ,9 ,21236 ,21236 ,1631 ,2582 ,2803 ,2214 ,3232 ,3677 ,3019 ,1479 ,548 ,50 ,1 ,23006 ,23006 ,1581 ,2444 ,2513 ,2274 ,3741 ,4001 ,3537 ,1696 ,1029 ,182 ,8
전라북도 전주시 완산구 삼천1동(4511170100),11383 ,11383 ,628 ,1003 ,1457 ,1196 ,1493 ,2140 ,1991 ,976 ,428 ,69 ,2 ,5513 ,5513 ,326 ,508 ,782 ,642 ,716 ,980 ,931 ,461 ,153 ,14 ,0 ,5870 ,5870 ,302 ,495 ,675 ,554 ,777 ,1160 ,1060 ,515 ,275 ,55 ,2
전라북도 전주시 완산구 삼천2동(4511170200),12915 ,12915 ,547 ,1075 ,1749 ,1295 ,1531 ,2463 ,2422 ,1209 ,542 ,81 ,1 ,6184 ,6184 ,283 ,535 ,931 ,686 ,733 ,1109 ,1128 ,571 ,187 ,21 ,0 ,6731 ,6731 ,264 ,540 ,818 ,609 ,798 ,1354 ,1294 ,638 ,355 ,60 ,1
전라북도 전주시 완산구 삼천3동(4511170300),21116 ,21116 ,1257 ,2196 ,2646 ,2003 ,2998 ,4176 ,3321 ,1520 ,836 ,157 ,6 ,10168 ,10168 ,617 ,1161 ,1452 ,1023 ,1354 ,1994 ,1571 ,689 ,262 ,44 ,1 ,10948 ,10948 ,640 ,1035 ,1194 ,980 ,1644 ,2182 ,1750 ,831 ,574 ,113 ,5
전라북도 전주시 완산구 효자1동(4511171100),13035 ,13035 ,858 ,1107 ,1446 ,1596 ,1820 ,2091 ,2041 ,1357 ,630 ,86 ,3 ,6248 ,6248 ,454 ,578 ,775 ,817 ,900 ,979 ,892 ,580 ,247 ,25 ,1 ,6787 ,6787 ,404 ,529 ,671 ,779 ,920 ,1112 ,1149 ,777 ,383 ,61 ,2
전라북도 전주시 완산구 효자2동(4511171200),9463 ,9463 ,407 ,742 ,1287 ,1013 ,1183 ,1671 ,1659 ,1034 ,410 ,55 ,2 ,4524 ,4524 ,212 ,384 ,676 ,516 ,573 ,783 ,757 ,440 ,169 ,14 ,0 ,4939 ,4939 ,195 ,358 ,611 ,497 ,610 ,888 ,902 ,594 ,241 ,41 ,2
전라북도 전주시 완산구 효자3동(4511171300),14241 ,14241 ,816 ,1368 ,1842 ,1497 ,1957 ,2430 ,2210 ,1354 ,655 ,107 ,5 ,6678 ,6678 ,438 ,697 ,983 ,746 ,922 ,1048 ,968 ,597 ,256 ,23 ,0 ,7563 ,7563 ,378 ,671 ,859 ,751 ,1035 ,1382 ,1242 ,757 ,399 ,84 ,5
전라북도 전주시 완산구 효자4동(4511171400),38618 ,38618 ,3694 ,4966 ,5968 ,4629 ,6706 ,6288 ,4029 ,1613 ,604 ,116 ,5 ,18811 ,18811 ,1902 ,2584 ,3073 ,2185 ,3203 ,2945 ,1944 ,755 ,204 ,16 ,0 ,19807 ,19807 ,1792 ,2382 ,2895 ,2444 ,3503 ,3343 ,2085 ,858 ,400 ,100 ,5
전라북도 전주시 완산구 효자5동(4511173000),36340 ,36340 ,2344 ,4202 ,7326 ,5921 ,6235 ,6358 ,2442 ,975 ,455 ,77 ,5 ,18175 ,18175 ,1202 ,2179 ,3683 ,3060 ,2905 ,3285 ,1242 ,428 ,179 ,12 ,0 ,18165 ,18165 ,1142 ,2023 ,3643 ,2861 ,3330 ,3073 ,1200 ,547 ,276 ,65 ,5
전라북도 전주시 덕진구 (4511300000),316675 ,316675 ,25361 ,35389 ,41535 ,39692 ,52451 ,50562 ,38572 ,20821 ,10803 ,1449 ,40 ,157285 ,157285 ,12901 ,18086 ,22065 ,20326 ,26107 ,25477 ,18530 ,9323 ,4107 ,359 ,4 ,159390 ,159390 ,12460 ,17303 ,19470 ,19366 ,26344 ,25085 ,20042 ,11498 ,6696 ,1090 ,36
전라북도 전주시 덕진구 진북동(4511352500),13324 ,13324 ,447 ,927 ,1463 ,1206 ,1559 ,2247 ,2329 ,1813 ,1186 ,142 ,5 ,6475 ,6475 ,214 ,515 ,768 ,677 ,829 ,1120 ,1108 ,745 ,455 ,44 ,0 ,6849 ,6849 ,233 ,412 ,695 ,529 ,730 ,1127 ,1221 ,1068 ,731 ,98 ,5
전라북도 전주시 덕진구 인후1동(4511354000),17664 ,17664 ,1107 ,2235 ,2120 ,1655 ,2840 ,2867 ,2386 ,1586 ,781 ,85 ,2 ,8468 ,8468 ,552 ,1126 ,1146 ,812 ,1327 ,1385 ,1091 ,684 ,325 ,20 ,0 ,9196 ,9196 ,555 ,1109 ,974 ,843 ,1513 ,1482 ,1295 ,902 ,456 ,65 ,2
전라북도 전주시 덕진구 인후2동(4511355000),10716 ,10716 ,470 ,639 ,1411 ,1193 ,1304 ,1693 ,1856 ,1357 ,713 ,78 ,2 ,5313 ,5313 ,241 ,333 ,725 ,637 ,735 ,866 ,826 ,599 ,331 ,20 ,0 ,5403 ,5403 ,229 ,306 ,686 ,556 ,569 ,827 ,1030 ,758 ,382 ,58 ,2
전라북도 전주시 덕진구 인후3동(4511356000),30960 ,30960 ,2034 ,3768 ,4272 ,3622 ,5601 ,5363 ,3337 ,1835 ,999 ,126 ,3 ,15266 ,15266 ,1016 ,1926 ,2241 ,1864 ,2725 ,2696 ,1605 ,783 ,374 ,36 ,0 ,15694 ,15694 ,1018 ,1842 ,2031 ,1758 ,2876 ,2667 ,1732 ,1052 ,625 ,90 ,3
전라북도 전주시 덕진구 덕진동(4511357000),20548 ,20548 ,1640 ,1820 ,3542 ,3344 ,3128 ,2767 ,2266 ,1276 ,691 ,72 ,2 ,10421 ,10421 ,832 ,932 ,1900 ,1804 ,1641 ,1429 ,1030 ,555 ,280 ,18 ,0 ,10127 ,10127 ,808 ,888 ,1642 ,1540 ,1487 ,1338 ,1236 ,721 ,411 ,54 ,2
전라북도 전주시 덕진구 금암1동(4511358000),7786 ,7786 ,184 ,314 ,2613 ,916 ,768 ,998 ,985 ,618 ,348 ,42 ,0 ,4237 ,4237 ,99 ,147 ,1500 ,541 ,463 ,568 ,489 ,274 ,146 ,10 ,0 ,3549 ,3549 ,85 ,167 ,1113 ,375 ,305 ,430 ,496 ,344 ,202 ,32 ,0
전라북도 전주시 덕진구 금암2동(4511359000),9483 ,9483 ,352 ,577 ,1498 ,927 ,1123 ,1446 ,1625 ,1241 ,617 ,74 ,3 ,4598 ,4598 ,180 ,291 ,766 ,510 ,605 ,720 ,714 ,533 ,251 ,28 ,0 ,4885 ,4885 ,172 ,286 ,732 ,417 ,518 ,726 ,911 ,708 ,366 ,46 ,3
전라북도 전주시 덕진구 팔복동(4511360000),7651 ,7651 ,218 ,446 ,993 ,868 ,972 ,1309 ,1407 ,943 ,433 ,60 ,2 ,4165 ,4165 ,116 ,237 ,564 ,533 ,610 ,765 ,729 ,433 ,164 ,14 ,0 ,3486 ,3486 ,102 ,209 ,429 ,335 ,362 ,544 ,678 ,510 ,269 ,46 ,2
전라북도 전주시 덕진구 우아1동(4511361100),12363 ,12363 ,957 ,1001 ,1518 ,1809 ,1817 ,1995 ,1810 ,957 ,439 ,60 ,0 ,6156 ,6156 ,456 ,508 ,773 ,960 ,944 ,989 ,872 ,453 ,183 ,18 ,0 ,6207 ,6207 ,501 ,493 ,745 ,849 ,873 ,1006 ,938 ,504 ,256 ,42 ,0
전라북도 전주시 덕진구 우아2동(4511361200),14090 ,14090 ,643 ,1117 ,1830 ,1725 ,2336 ,2675 ,2097 ,1023 ,561 ,80 ,3 ,7357 ,7357 ,321 ,571 ,979 ,969 ,1254 ,1486 ,1076 ,482 ,203 ,14 ,2 ,6733 ,6733 ,322 ,546 ,851 ,756 ,1082 ,1189 ,1021 ,541 ,358 ,66 ,1
전라북도 전주시 덕진구 호성동(4511362000),19111 ,19111 ,1141 ,2215 ,2393 ,1795 ,2779 ,3414 ,3072 ,1449 ,733 ,116 ,4 ,9066 ,9066 ,555 ,1125 ,1274 ,854 ,1274 ,1622 ,1419 ,653 ,258 ,32 ,0 ,10045 ,10045 ,586 ,1090 ,1119 ,941 ,1505 ,1792 ,1653 ,796 ,475 ,84 ,4
전라북도 전주시 덕진구 송천1동(4511364100),63399 ,63399 ,7387 ,9289 ,7536 ,8781 ,12340 ,9542 ,5359 ,2087 ,919 ,157 ,2 ,31357 ,31357 ,3833 ,4737 ,3959 ,4272 ,5887 ,4739 ,2625 ,962 ,317 ,25 ,1 ,32042 ,32042 ,3554 ,4552 ,3577 ,4509 ,6453 ,4803 ,2734 ,1125 ,602 ,132 ,1
전라북도 전주시 덕진구 송천2동(4511364200),25416 ,25416 ,1665 ,2929 ,3577 ,2653 ,3804 ,4560 ,3524 ,1704 ,863 ,135 ,2 ,12378 ,12378 ,826 ,1488 ,1901 ,1368 ,1803 ,2136 ,1717 ,782 ,323 ,34 ,0 ,13038 ,13038 ,839 ,1441 ,1676 ,1285 ,2001 ,2424 ,1807 ,922 ,540 ,101 ,2
전라북도 전주시 덕진구 조촌동(4511365000),12273 ,12273 ,802 ,893 ,1335 ,1579 ,1750 ,2176 ,1991 ,1067 ,593 ,85 ,2 ,6296 ,6296 ,435 ,456 ,745 ,836 ,965 ,1139 ,1019 ,491 ,193 ,17 ,0 ,5977 ,5977 ,367 ,437 ,590 ,743 ,785 ,1037 ,972 ,576 ,400 ,68 ,2
전라북도 전주시 덕진구 여의동(4511366500),31863 ,31863 ,3748 ,3235 ,3536 ,5357 ,5435 ,4819 ,3371 ,1485 ,759 ,111 ,7 ,15995 ,15995 ,1917 ,1683 ,1884 ,2715 ,2775 ,2395 ,1636 ,717 ,246 ,26 ,1 ,15868 ,15868 ,1831 ,1552 ,1652 ,2642 ,2660 ,2424 ,1735 ,768 ,513 ,85 ,6
전라북도 전주시 덕진구 혁신동(4511367000),20028 ,20028 ,2566 ,3984 ,1898 ,2262 ,4895 ,2691 ,1157 ,380 ,168 ,26 ,1 ,9737 ,9737 ,1308 ,2011 ,940 ,974 ,2270 ,1422 ,574 ,177 ,58 ,3 ,0 ,10291 ,10291 ,1258 ,1973 ,958 ,1288 ,2625 ,1269 ,583 ,203 ,110 ,23 ,1
전라북도 전주시효자출장소 (4511800000),0 ,0 ,0 ,0 ,0 ,0 ,0 ,0 ,0 ,0 ,0 ,0 ,0 ,0 ,0 ,0 ,0 ,0 ,0 ,0 ,0 ,0 ,0 ,0 ,0 ,0 ,0 ,0 ,0 ,0 ,0 ,0 ,0 ,0 ,0 ,0 ,0 ,0 ,0
전라북도 군산시 (4513000000),261385 ,261385 ,17341 ,25682 ,27285 ,26798 ,41532 ,44566 ,40789 ,23620 ,11860 ,1866 ,46 ,132396 ,132396 ,8778 ,13274 ,15164 ,14137 ,21635 ,23622 ,20234 ,10936 ,4227 ,380 ,9 ,128989 ,128989 ,8563 ,12408 ,12121 ,12661 ,19897 ,20944 ,20555 ,12684 ,7633 ,1486 ,37
전라북도 군산시 옥구읍(4513025000),2994 ,2994 ,68 ,111 ,182 ,144 ,292 ,515 ,727 ,504 ,379 ,70 ,2 ,1526 ,1526 ,35 ,57 ,117 ,88 ,177 ,304 ,360 ,238 ,132 ,18 ,0 ,1468 ,1468 ,33 ,54 ,65 ,56 ,115 ,211 ,367 ,266 ,247 ,52 ,2
전라북도 군산시 옥산면(4513031000),4573 ,4573 ,486 ,407 ,316 ,584 ,717 ,687 ,696 ,381 ,245 ,54 ,0 ,2319 ,2319 ,227 ,203 ,180 ,286 ,384 ,383 ,365 ,198 ,82 ,11 ,0 ,2254 ,2254 ,259 ,204 ,136 ,298 ,333 ,304 ,331 ,183 ,163 ,43 ,0
전라북도 군산시 회현면(4513032000),3303 ,3303 ,139 ,335 ,197 ,179 ,441 ,537 ,634 ,438 ,334 ,68 ,1 ,1698 ,1698 ,64 ,182 ,122 ,88 ,246 ,317 ,338 ,208 ,122 ,11 ,0 ,1605 ,1605 ,75 ,153 ,75 ,91 ,195 ,220 ,296 ,230 ,212 ,57 ,1
전라북도 군산시 임피면(4513033000),2502 ,2502 ,51 ,89 ,169 ,130 ,224 ,404 ,667 ,435 ,267 ,64 ,2 ,1277 ,1277 ,29 ,54 ,94 ,83 ,136 ,232 ,353 ,202 ,83 ,10 ,1 ,1225 ,1225 ,22 ,35 ,75 ,47 ,88 ,172 ,314 ,233 ,184 ,54 ,1
전라북도 군산시 서수면(4513034000),2422 ,2422 ,60 ,102 ,126 ,124 ,206 ,371 ,659 ,398 ,302 ,72 ,2 ,1213 ,1213 ,36 ,49 ,74 ,78 ,134 ,203 ,351 ,193 ,85 ,10 ,0 ,1209 ,1209 ,24 ,53 ,52 ,46 ,72 ,168 ,308 ,205 ,217 ,62 ,2
전라북도 군산시 대야면(4513035000),4762 ,4762 ,108 ,208 ,297 ,281 ,458 ,743 ,1155 ,869 ,541 ,100 ,2 ,2381 ,2381 ,59 ,115 ,179 ,160 ,270 ,430 ,548 ,415 ,180 ,24 ,1 ,2381 ,2381 ,49 ,93 ,118 ,121 ,188 ,313 ,607 ,454 ,361 ,76 ,1
전라북도 군산시 개정면(4513036000),2887 ,2887 ,60 ,128 ,204 ,169 ,262 ,518 ,707 ,504 ,273 ,59 ,3 ,1453 ,1453 ,24 ,78 ,118 ,93 ,144 ,278 ,368 ,250 ,94 ,6 ,0 ,1434 ,1434 ,36 ,50 ,86 ,76 ,118 ,240 ,339 ,254 ,179 ,53 ,3
전라북도 군산시 성산면(4513037000),2723 ,2723 ,63 ,131 ,189 ,157 ,222 ,489 ,687 ,454 ,274 ,54 ,3 ,1351 ,1351 ,27 ,54 ,113 ,77 ,130 ,260 ,350 ,220 ,111 ,8 ,1 ,1372 ,1372 ,36 ,77 ,76 ,80 ,92 ,229 ,337 ,234 ,163 ,46 ,2
전라북도 군산시 나포면(4513038000),2108 ,2108 ,29 ,72 ,117 ,96 ,170 ,342 ,559 ,381 ,275 ,64 ,3 ,1090 ,1090 ,18 ,41 ,69 ,58 ,102 ,187 ,314 ,195 ,94 ,11 ,1 ,1018 ,1018 ,11 ,31 ,48 ,38 ,68 ,155 ,245 ,186 ,181 ,53 ,2
전라북도 군산시 옥도면(4513039000),3073 ,3073 ,58 ,136 ,236 ,203 ,390 ,661 ,754 ,414 ,191 ,29 ,1 ,1736 ,1736 ,30 ,75 ,153 ,132 ,257 ,394 ,413 ,208 ,70 ,4 ,0 ,1337 ,1337 ,28 ,61 ,83 ,71 ,133 ,267 ,341 ,206 ,121 ,25 ,1
전라북도 군산시 옥서면(4513040000),2824 ,2824 ,76 ,132 ,263 ,169 ,296 ,450 ,576 ,532 ,296 ,33 ,1 ,1451 ,1451 ,41 ,82 ,146 ,96 ,182 ,268 ,283 ,243 ,99 ,11 ,0 ,1373 ,1373 ,35 ,50 ,117 ,73 ,114 ,182 ,293 ,289 ,197 ,22 ,1
전라북도 군산시 해신동(4513051500),2152 ,2152 ,88 ,129 ,132 ,151 ,233 ,309 ,464 ,420 ,201 ,23 ,2 ,1041 ,1041 ,46 ,63 ,64 ,76 ,126 ,178 ,217 ,179 ,85 ,6 ,1 ,1111 ,1111 ,42 ,66 ,68 ,75 ,107 ,131 ,247 ,241 ,116 ,17 ,1
전라북도 군산시 월명동(4513053000),4962 ,4962 ,138 ,340 ,385 ,333 ,579 ,831 ,1083 ,794 ,426 ,52 ,1 ,2488 ,2488 ,75 ,181 ,214 ,184 ,310 ,452 ,536 ,345 ,177 ,14 ,0 ,2474 ,2474 ,63 ,159 ,171 ,149 ,269 ,379 ,547 ,449 ,249 ,38 ,1
전라북도 군산시 신풍동(4513055000),6571 ,6571 ,267 ,516 ,668 ,448 ,785 ,1052 ,1303 ,994 ,472 ,65 ,1 ,3272 ,3272 ,133 ,274 ,390 ,233 ,412 ,576 ,583 ,480 ,173 ,18 ,0 ,3299 ,3299 ,134 ,242 ,278 ,215 ,373 ,476 ,720 ,514 ,299 ,47 ,1
전라북도 군산시 삼학동(4513056000),5335 ,5335 ,135 ,275 ,516 ,386 ,504 ,846 ,1151 ,945 ,504 ,73 ,0 ,2568 ,2568 ,77 ,129 ,280 ,227 ,287 ,421 ,559 ,400 ,176 ,12 ,0 ,2767 ,2767 ,58 ,146 ,236 ,159 ,217 ,425 ,592 ,545 ,328 ,61 ,0
전라북도 군산시 중앙동(4513060500),4222 ,4222 ,259 ,177 ,334 ,554 ,601 ,625 ,774 ,602 ,262 ,34 ,0 ,2116 ,2116 ,136 ,97 ,162 ,307 ,342 ,340 ,359 ,261 ,107 ,5 ,0 ,2106 ,2106 ,123 ,80 ,172 ,247 ,259 ,285 ,415 ,341 ,155 ,29 ,0
전라북도 군산시 흥남동(4513064000),12134 ,12134 ,912 ,1042 ,1131 ,1429 ,1852 ,1941 ,1907 ,1294 ,557 ,69 ,0 ,6099 ,6099 ,461 ,544 ,618 ,760 ,980 ,1016 ,923 ,555 ,227 ,15 ,0 ,6035 ,6035 ,451 ,498 ,513 ,669 ,872 ,925 ,984 ,739 ,330 ,54 ,0
전라북도 군산시 조촌동(4513065000),24810 ,24810 ,2920 ,2477 ,2500 ,3904 ,4385 ,3468 ,2817 ,1581 ,661 ,95 ,2 ,12521 ,12521 ,1460 ,1299 ,1359 ,1976 ,2274 ,1800 ,1348 ,752 ,236 ,17 ,0 ,12289 ,12289 ,1460 ,1178 ,1141 ,1928 ,2111 ,1668 ,1469 ,829 ,425 ,78 ,2
전라북도 군산시 경암동(4513066000),7200 ,7200 ,310 ,439 ,628 ,632 ,982 ,1175 ,1472 ,1021 ,493 ,47 ,1 ,3613 ,3613 ,163 ,230 ,353 ,366 ,558 ,624 ,677 ,449 ,180 ,13 ,0 ,3587 ,3587 ,147 ,209 ,275 ,266 ,424 ,551 ,795 ,572 ,313 ,34 ,1
전라북도 군산시 구암동(4513067000),8536 ,8536 ,488 ,652 ,1093 ,1103 ,1162 ,1426 ,1530 ,760 ,275 ,47 ,0 ,4275 ,4275 ,228 ,337 ,556 ,594 ,610 ,669 ,762 ,393 ,113 ,13 ,0 ,4261 ,4261 ,260 ,315 ,537 ,509 ,552 ,757 ,768 ,367 ,162 ,34 ,0
전라북도 군산시 개정동(4513068000),2646 ,2646 ,119 ,210 ,258 ,195 ,309 ,458 ,509 ,363 ,197 ,28 ,0 ,1330 ,1330 ,55 ,112 ,158 ,98 ,162 ,232 ,241 ,185 ,80 ,7 ,0 ,1316 ,1316 ,64 ,98 ,100 ,97 ,147 ,226 ,268 ,178 ,117 ,21 ,0
전라북도 군산시 수송동(4513069000),53768 ,53768 ,5306 ,7760 ,6227 ,6231 ,10654 ,8762 ,5250 ,2366 ,1052 ,156 ,4 ,26820 ,26820 ,2696 ,4011 ,3374 ,2985 ,5113 ,4565 ,2588 ,1070 ,385 ,32 ,1 ,26948 ,26948 ,2610 ,3749 ,2853 ,3246 ,5541 ,4197 ,2662 ,1296 ,667 ,124 ,3
전라북도 군산시 나운1동(4513070100),13478 ,13478 ,688 ,1156 ,1561 ,1444 ,1968 ,2362 ,2470 ,1236 ,506 ,87 ,0 ,6769 ,6769 ,351 ,633 ,853 ,799 ,991 ,1193 ,1170 ,570 ,189 ,20 ,0 ,6709 ,6709 ,337 ,523 ,708 ,645 ,977 ,1169 ,1300 ,666 ,317 ,67 ,0
전라북도 군산시 나운2동(4513070200),22306 ,22306 ,1248 ,2604 ,2629 ,1788 ,3295 ,4227 ,3545 ,1879 ,966 ,123 ,2 ,10734 ,10734 ,627 ,1251 ,1443 ,884 ,1551 ,2062 ,1718 ,875 ,298 ,25 ,0 ,11572 ,11572 ,621 ,1353 ,1186 ,904 ,1744 ,2165 ,1827 ,1004 ,668 ,98 ,2
전라북도 군산시 나운3동(4513070300),30877 ,30877 ,1893 ,3784 ,4086 ,2937 ,5377 ,5844 ,4000 ,1901 ,927 ,125 ,3 ,15467 ,15467 ,955 ,1921 ,2314 ,1552 ,2652 ,2944 ,1930 ,845 ,321 ,32 ,1 ,15410 ,15410 ,938 ,1863 ,1772 ,1385 ,2725 ,2900 ,2070 ,1056 ,606 ,93 ,2
전라북도 군산시 소룡동(4513071000),17253 ,17253 ,947 ,1526 ,1825 ,1888 ,3262 ,3347 ,2741 ,1173 ,443 ,95 ,6 ,9630 ,9630 ,506 ,813 ,1070 ,1147 ,1917 ,1962 ,1498 ,553 ,145 ,17 ,2 ,7623 ,7623 ,441 ,713 ,755 ,741 ,1345 ,1385 ,1243 ,620 ,298 ,78 ,4
전라북도 군산시 미성동(4513072000),10964 ,10964 ,425 ,744 ,1016 ,1139 ,1906 ,2176 ,1952 ,981 ,541 ,80 ,4 ,6158 ,6158 ,219 ,389 ,591 ,710 ,1188 ,1332 ,1082 ,454 ,183 ,10 ,0 ,4806 ,4806 ,206 ,355 ,425 ,429 ,718 ,844 ,870 ,527 ,358 ,70 ,4
전라북도 익산시 (4514000000),272320 ,272320 ,15531 ,26128 ,32800 ,26135 ,38307 ,47744 ,44379 ,24786 ,14154 ,2301 ,55 ,135610 ,135610 ,7919 ,13425 ,17887 ,13705 ,19575 ,24322 ,22030 ,11365 ,4874 ,503 ,5 ,136710 ,136710 ,7612 ,12703 ,14913 ,12430 ,18732 ,23422 ,22349 ,13421 ,9280 ,1798 ,50
전라북도 익산시 함열읍(4514025000),6499 ,6499 ,265 ,509 ,509 ,459 ,705 ,1070 ,1460 ,886 ,546 ,89 ,1 ,3183 ,3183 ,139 ,252 ,275 ,244 ,403 ,558 ,725 ,399 ,174 ,14 ,0 ,3316 ,3316 ,126 ,257 ,234 ,215 ,302 ,512 ,735 ,487 ,372 ,75 ,1
전라북도 익산시 오산면(4514031000),7403 ,7403 ,373 ,588 ,579 ,602 ,941 ,1236 ,1559 ,877 ,554 ,94 ,0 ,3637 ,3637 ,177 ,296 ,313 ,335 ,482 ,621 ,790 ,407 ,190 ,26 ,0 ,3766 ,3766 ,196 ,292 ,266 ,267 ,459 ,615 ,769 ,470 ,364 ,68 ,0
전라북도 익산시 황등면(4514032000),6684 ,6684 ,216 ,411 ,514 ,439 ,670 ,1179 ,1542 ,956 ,630 ,123 ,4 ,3384 ,3384 ,115 ,218 ,284 ,243 ,369 ,665 ,799 ,446 ,217 ,27 ,1 ,3300 ,3300 ,101 ,193 ,230 ,196 ,301 ,514 ,743 ,510 ,413 ,96 ,3
전라북도 익산시 함라면(4514033000),2170 ,2170 ,59 ,98 ,150 ,102 ,182 ,377 ,507 ,363 ,278 ,53 ,1 ,1080 ,1080 ,26 ,46 ,85 ,61 ,101 ,209 ,289 ,165 ,84 ,14 ,0 ,1090 ,1090 ,33 ,52 ,65 ,41 ,81 ,168 ,218 ,198 ,194 ,39 ,1
전라북도 익산시 웅포면(4514034000),1509 ,1509 ,22 ,60 ,84 ,61 ,107 ,242 ,384 ,288 ,209 ,50 ,2 ,769 ,769 ,9 ,34 ,51 ,38 ,71 ,136 ,195 ,150 ,71 ,14 ,0 ,740 ,740 ,13 ,26 ,33 ,23 ,36 ,106 ,189 ,138 ,138 ,36 ,2
전라북도 익산시 성당면(4514035000),1830 ,1830 ,28 ,79 ,105 ,83 ,145 ,312 ,471 ,317 ,228 ,61 ,1 ,926 ,926 ,16 ,41 ,58 ,53 ,95 ,174 ,259 ,149 ,67 ,14 ,0 ,904 ,904 ,12 ,38 ,47 ,30 ,50 ,138 ,212 ,168 ,161 ,47 ,1
전라북도 익산시 용안면(4514036000),2536 ,2536 ,57 ,132 ,133 ,128 ,191 ,357 ,601 ,497 ,361 ,79 ,0 ,1281 ,1281 ,29 ,64 ,80 ,80 ,126 ,214 ,308 ,231 ,125 ,24 ,0 ,1255 ,1255 ,28 ,68 ,53 ,48 ,65 ,143 ,293 ,266 ,236 ,55 ,0
전라북도 익산시 낭산면(4514037000),2893 ,2893 ,95 ,130 ,159 ,193 ,252 ,484 ,698 ,465 ,368 ,49 ,0 ,1522 ,1522 ,41 ,81 ,100 ,111 ,154 ,291 ,390 ,215 ,129 ,10 ,0 ,1371 ,1371 ,54 ,49 ,59 ,82 ,98 ,193 ,308 ,250 ,239 ,39 ,0
전라북도 익산시 망성면(4514038000),2851 ,2851 ,57 ,135 ,110 ,118 ,231 ,422 ,766 ,529 ,412 ,69 ,2 ,1423 ,1423 ,26 ,66 ,62 ,76 ,147 ,239 ,399 ,245 ,148 ,15 ,0 ,1428 ,1428 ,31 ,69 ,48 ,42 ,84 ,183 ,367 ,284 ,264 ,54 ,2
전라북도 익산시 여산면(4514039000),3154 ,3154 ,150 ,134 ,244 ,255 ,289 ,486 ,700 ,466 ,365 ,64 ,1 ,1594 ,1594 ,70 ,69 ,140 ,148 ,187 ,281 ,346 ,232 ,113 ,8 ,0 ,1560 ,1560 ,80 ,65 ,104 ,107 ,102 ,205 ,354 ,234 ,252 ,56 ,1
전라북도 익산시 금마면(4514040000),5114 ,5114 ,302 ,320 ,522 ,427 ,536 ,811 ,1140 ,639 ,359 ,55 ,3 ,2670 ,2670 ,154 ,163 ,342 ,242 ,293 ,428 ,593 ,301 ,139 ,14 ,1 ,2444 ,2444 ,148 ,157 ,180 ,185 ,243 ,383 ,547 ,338 ,220 ,41 ,2
전라북도 익산시 왕궁면(4514041000),4083 ,4083 ,73 ,161 ,243 ,187 ,313 ,665 ,1025 ,770 ,531 ,110 ,5 ,2109 ,2109 ,46 ,89 ,138 ,118 ,206 ,378 ,561 ,352 ,188 ,33 ,0 ,1974 ,1974 ,27 ,72 ,105 ,69 ,107 ,287 ,464 ,418 ,343 ,77 ,5
전라북도 익산시 춘포면(4514042000),4302 ,4302 ,131 ,222 ,341 ,299 ,449 ,793 ,980 ,570 ,435 ,81 ,1 ,2195 ,2195 ,68 ,127 ,199 ,160 ,266 ,443 ,523 ,264 ,130 ,15 ,0 ,2107 ,2107 ,63 ,95 ,142 ,139 ,183 ,350 ,457 ,306 ,305 ,66 ,1
전라북도 익산시 삼기면(4514043000),2526 ,2526 ,51 ,95 ,183 ,155 ,210 ,497 ,601 ,376 ,285 ,73 ,0 ,1300 ,1300 ,26 ,58 ,112 ,94 ,141 ,286 ,310 ,169 ,92 ,12 ,0 ,1226 ,1226 ,25 ,37 ,71 ,61 ,69 ,211 ,291 ,207 ,193 ,61 ,0
전라북도 익산시 용동면(4514044000),1458 ,1458 ,20 ,59 ,66 ,63 ,109 ,197 ,378 ,291 ,236 ,38 ,1 ,725 ,725 ,10 ,34 ,40 ,41 ,67 ,116 ,188 ,134 ,88 ,7 ,0 ,733 ,733 ,10 ,25 ,26 ,22 ,42 ,81 ,190 ,157 ,148 ,31 ,1
전라북도 익산시 중앙동(4514052000),3118 ,3118 ,72 ,112 ,356 ,276 ,326 ,503 ,668 ,524 ,239 ,40 ,2 ,1654 ,1654 ,39 ,71 ,190 ,165 ,194 ,280 ,345 ,250 ,109 ,11 ,0 ,1464 ,1464 ,33 ,41 ,166 ,111 ,132 ,223 ,323 ,274 ,130 ,29 ,2
전라북도 익산시 평화동(4514053000),4455 ,4455 ,229 ,296 ,399 ,387 ,623 ,870 ,929 ,478 ,220 ,24 ,0 ,2351 ,2351 ,125 ,150 ,219 ,197 ,347 ,489 ,492 ,243 ,86 ,3 ,0 ,2104 ,2104 ,104 ,146 ,180 ,190 ,276 ,381 ,437 ,235 ,134 ,21 ,0
전라북도 익산시 인화동(4514056000),6562 ,6562 ,235 ,347 ,731 ,727 ,713 ,1079 ,1272 ,916 ,471 ,70 ,1 ,3377 ,3377 ,132 ,193 ,371 ,435 ,409 ,585 ,612 ,440 ,181 ,19 ,0 ,3185 ,3185 ,103 ,154 ,360 ,292 ,304 ,494 ,660 ,476 ,290 ,51 ,1
전라북도 익산시 동산동(4514057000),21567 ,21567 ,1370 ,2086 ,2143 ,2172 ,3219 ,3747 ,3735 ,1984 ,976 ,130 ,5 ,10568 ,10568 ,692 ,1084 ,1190 ,1124 ,1657 ,1883 ,1743 ,867 ,300 ,28 ,0 ,10999 ,10999 ,678 ,1002 ,953 ,1048 ,1562 ,1864 ,1992 ,1117 ,676 ,102 ,5
전라북도 익산시 마동(4514058000),9441 ,9441 ,406 ,701 ,1270 ,905 ,1212 ,1832 ,1771 ,870 ,434 ,40 ,0 ,4803 ,4803 ,223 ,379 ,692 ,497 ,656 ,916 ,871 ,392 ,168 ,9 ,0 ,4638 ,4638 ,183 ,322 ,578 ,408 ,556 ,916 ,900 ,478 ,266 ,31 ,0
전라북도 익산시 남중동(4514059500),10795 ,10795 ,325 ,817 ,1086 ,831 ,1288 ,1739 ,2113 ,1635 ,859 ,98 ,4 ,5517 ,5517 ,165 ,481 ,622 ,483 ,713 ,911 ,1004 ,731 ,383 ,24 ,0 ,5278 ,5278 ,160 ,336 ,464 ,348 ,575 ,828 ,1109 ,904 ,476 ,74 ,4
전라북도 익산시 모현동(4514061000),38420 ,38420 ,3152 ,4402 ,4350 ,4120 ,6218 ,6323 ,5436 ,2818 ,1402 ,195 ,4 ,18665 ,18665 ,1635 ,2192 ,2300 ,1985 ,3078 ,3046 ,2584 ,1298 ,496 ,48 ,3 ,19755 ,19755 ,1517 ,2210 ,2050 ,2135 ,3140 ,3277 ,2852 ,1520 ,906 ,147 ,1
전라북도 익산시 송학동(4514062000),9034 ,9034 ,810 ,1090 ,886 ,1117 ,1549 ,1379 ,1211 ,648 ,309 ,35 ,0 ,4466 ,4466 ,411 ,565 ,487 ,539 ,787 ,690 ,570 ,292 ,117 ,8 ,0 ,4568 ,4568 ,399 ,525 ,399 ,578 ,762 ,689 ,641 ,356 ,192 ,27 ,0
전라북도 익산시 영등1동(4514064600),22124 ,22124 ,1181 ,2479 ,2987 ,2219 ,3109 ,4228 ,3698 ,1452 ,652 ,116 ,3 ,10883 ,10883 ,619 ,1257 ,1633 ,1172 ,1492 ,1990 ,1785 ,693 ,216 ,26 ,0 ,11241 ,11241 ,562 ,1222 ,1354 ,1047 ,1617 ,2238 ,1913 ,759 ,436 ,90 ,3
전라북도 익산시 영등2동(4514064700),13569 ,13569 ,960 ,1782 ,2137 ,1444 ,2373 ,2672 ,1263 ,592 ,300 ,44 ,2 ,6635 ,6635 ,475 ,919 ,1143 ,706 ,1080 ,1328 ,628 ,248 ,99 ,9 ,0 ,6934 ,6934 ,485 ,863 ,994 ,738 ,1293 ,1344 ,635 ,344 ,201 ,35 ,2
전라북도 익산시 어양동(4514065200),23806 ,23806 ,1658 ,3002 ,3285 ,2652 ,4318 ,4732 ,2567 ,1020 ,499 ,70 ,3 ,11615 ,11615 ,855 ,1540 ,1751 ,1299 ,2063 ,2315 ,1204 ,432 ,144 ,12 ,0 ,12191 ,12191 ,803 ,1462 ,1534 ,1353 ,2255 ,2417 ,1363 ,588 ,355 ,58 ,3
전라북도 익산시 신동(4514065600),15567 ,15567 ,485 ,1134 ,4352 ,1435 ,1495 ,2164 ,2116 ,1437 ,790 ,156 ,3 ,7917 ,7917 ,256 ,556 ,2339 ,839 ,838 ,1136 ,1028 ,646 ,256 ,23 ,0 ,7650 ,7650 ,229 ,578 ,2013 ,596 ,657 ,1028 ,1088 ,791 ,534 ,133 ,3
전라북도 익산시 팔봉동(4514067000),6707 ,6707 ,461 ,674 ,676 ,788 ,1075 ,1127 ,998 ,530 ,308 ,67 ,3 ,3472 ,3472 ,223 ,354 ,378 ,441 ,570 ,580 ,535 ,264 ,114 ,13 ,0 ,3235 ,3235 ,238 ,320 ,298 ,347 ,505 ,547 ,463 ,266 ,194 ,54 ,3
전라북도 익산시 삼성동(4514069000),32143 ,32143 ,2288 ,4073 ,4200 ,3491 ,5459 ,6221 ,3790 ,1592 ,898 ,128 ,3 ,15889 ,15889 ,1117 ,2046 ,2293 ,1779 ,2583 ,3134 ,1954 ,710 ,250 ,23 ,0 ,16254 ,16254 ,1171 ,2027 ,1907 ,1712 ,2876 ,3087 ,1836 ,882 ,648 ,105 ,3
전라북도 익산시함열출장소 (4514500000),0 ,0 ,0 ,0 ,0 ,0 ,0 ,0 ,0 ,0 ,0 ,0 ,0 ,0 ,0 ,0 ,0 ,0 ,0 ,0 ,0 ,0 ,0 ,0 ,0 ,0 ,0 ,0 ,0 ,0 ,0 ,0 ,0 ,0 ,0 ,0 ,0 ,0 ,0
전라북도 정읍시 (4518000000),104458 ,104458 ,5188 ,8777 ,9538 ,7891 ,13326 ,18032 ,18578 ,12501 ,9147 ,1436 ,44 ,51986 ,51986 ,2652 ,4628 ,5370 ,4189 ,7006 ,9684 ,9458 ,5617 ,3086 ,289 ,7 ,52472 ,52472 ,2536 ,4149 ,4168 ,3702 ,6320 ,8348 ,9120 ,6884 ,6061 ,1147 ,37
전라북도 정읍시 신태인읍(4518025000),5229 ,5229 ,179 ,320 ,337 ,305 ,570 ,828 ,1066 ,864 ,656 ,101 ,3 ,2559 ,2559 ,82 ,190 ,191 ,169 ,331 ,464 ,540 ,356 ,213 ,23 ,0 ,2670 ,2670 ,97 ,130 ,146 ,136 ,239 ,364 ,526 ,508 ,443 ,78 ,3
전라북도 정읍시 북면(4518031000),4085 ,4085 ,144 ,228 ,319 ,276 ,396 ,800 ,899 ,532 ,424 ,66 ,1 ,2073 ,2073 ,58 ,119 ,194 ,151 ,220 ,439 ,487 ,249 ,147 ,9 ,0 ,2012 ,2012 ,86 ,109 ,125 ,125 ,176 ,361 ,412 ,283 ,277 ,57 ,1
전라북도 정읍시 입암면(4518032000),2703 ,2703 ,44 ,122 ,160 ,122 ,201 ,471 ,650 ,450 ,423 ,59 ,1 ,1340 ,1340 ,25 ,70 ,93 ,67 ,116 ,284 ,348 ,199 ,130 ,8 ,0 ,1363 ,1363 ,19 ,52 ,67 ,55 ,85 ,187 ,302 ,251 ,293 ,51 ,1
전라북도 정읍시 소성면(4518033000),2027 ,2027 ,54 ,75 ,87 ,109 ,160 ,316 ,460 ,363 ,350 ,51 ,2 ,1042 ,1042 ,32 ,40 ,54 ,61 ,104 ,188 ,254 ,182 ,117 ,9 ,1 ,985 ,985 ,22 ,35 ,33 ,48 ,56 ,128 ,206 ,181 ,233 ,42 ,1
전라북도 정읍시 고부면(4518034000),2701 ,2701 ,55 ,99 ,125 ,161 ,229 ,414 ,652 ,488 ,388 ,87 ,3 ,1341 ,1341 ,24 ,50 ,77 ,106 ,151 ,242 ,350 ,212 ,113 ,15 ,1 ,1360 ,1360 ,31 ,49 ,48 ,55 ,78 ,172 ,302 ,276 ,275 ,72 ,2
전라북도 정읍시 영원면(4518035000),1683 ,1683 ,38 ,64 ,84 ,78 ,131 ,226 ,414 ,310 ,280 ,57 ,1 ,830 ,830 ,20 ,36 ,45 ,52 ,84 ,133 ,220 ,130 ,99 ,11 ,0 ,853 ,853 ,18 ,28 ,39 ,26 ,47 ,93 ,194 ,180 ,181 ,46 ,1
전라북도 정읍시 덕천면(4518036000),1739 ,1739 ,32 ,79 ,114 ,87 ,141 ,311 ,411 ,291 ,226 ,43 ,4 ,896 ,896 ,16 ,44 ,76 ,56 ,90 ,181 ,217 ,137 ,69 ,9 ,1 ,843 ,843 ,16 ,35 ,38 ,31 ,51 ,130 ,194 ,154 ,157 ,34 ,3
전라북도 정읍시 이평면(4518037000),1991 ,1991 ,39 ,81 ,103 ,98 ,161 ,293 ,454 ,348 ,344 ,69 ,1 ,980 ,980 ,23 ,54 ,62 ,64 ,94 ,171 ,244 ,156 ,100 ,12 ,0 ,1011 ,1011 ,16 ,27 ,41 ,34 ,67 ,122 ,210 ,192 ,244 ,57 ,1
전라북도 정읍시 정우면(4518038000),2450 ,2450 ,48 ,101 ,138 ,111 ,214 ,388 ,595 ,394 ,401 ,59 ,1 ,1244 ,1244 ,26 ,57 ,86 ,66 ,134 ,240 ,320 ,177 ,127 ,11 ,0 ,1206 ,1206 ,22 ,44 ,52 ,45 ,80 ,148 ,275 ,217 ,274 ,48 ,1
전라북도 정읍시 태인면(4518039000),3300 ,3300 ,59 ,138 ,187 ,162 ,289 ,546 ,742 ,571 ,511 ,94 ,1 ,1653 ,1653 ,33 ,76 ,105 ,103 ,182 ,329 ,381 ,246 ,172 ,25 ,1 ,1647 ,1647 ,26 ,62 ,82 ,59 ,107 ,217 ,361 ,325 ,339 ,69 ,0
전라북도 정읍시 감곡면(4518040000),2694 ,2694 ,51 ,63 ,116 ,146 ,207 ,388 ,655 ,566 ,414 ,86 ,2 ,1375 ,1375 ,28 ,39 ,70 ,84 ,145 ,235 ,343 ,265 ,145 ,20 ,1 ,1319 ,1319 ,23 ,24 ,46 ,62 ,62 ,153 ,312 ,301 ,269 ,66 ,1
전라북도 정읍시 옹동면(4518041000),1623 ,1623 ,37 ,79 ,69 ,77 ,141 ,246 ,376 ,283 ,276 ,36 ,3 ,834 ,834 ,18 ,42 ,42 ,46 ,97 ,149 ,200 ,134 ,100 ,6 ,0 ,789 ,789 ,19 ,37 ,27 ,31 ,44 ,97 ,176 ,149 ,176 ,30 ,3
전라북도 정읍시 칠보면(4518042000),2201 ,2201 ,68 ,125 ,136 ,100 ,180 ,370 ,479 ,357 ,338 ,48 ,0 ,1135 ,1135 ,34 ,78 ,90 ,65 ,102 ,223 ,262 ,157 ,113 ,11 ,0 ,1066 ,1066 ,34 ,47 ,46 ,35 ,78 ,147 ,217 ,200 ,225 ,37 ,0
전라북도 정읍시 산내면(4518043000),1191 ,1191 ,17 ,51 ,62 ,39 ,75 ,217 ,317 ,201 ,195 ,16 ,1 ,608 ,608 ,11 ,30 ,36 ,26 ,46 ,126 ,183 ,86 ,62 ,2 ,0 ,583 ,583 ,6 ,21 ,26 ,13 ,29 ,91 ,134 ,115 ,133 ,14 ,1
전라북도 정읍시 산외면(4518044000),2009 ,2009 ,37 ,75 ,97 ,81 ,145 ,378 ,460 ,359 ,333 ,44 ,0 ,1026 ,1026 ,16 ,36 ,48 ,49 ,96 ,240 ,254 ,172 ,106 ,9 ,0 ,983 ,983 ,21 ,39 ,49 ,32 ,49 ,138 ,206 ,187 ,227 ,35 ,0
전라북도 정읍시 수성동(4518051000),16704 ,16704 ,1155 ,1787 ,2068 ,1685 ,2811 ,3124 ,2197 ,1166 ,631 ,73 ,7 ,8466 ,8466 ,584 ,946 ,1144 ,889 ,1439 ,1638 ,1088 ,517 ,205 ,16 ,0 ,8238 ,8238 ,571 ,841 ,924 ,796 ,1372 ,1486 ,1109 ,649 ,426 ,57 ,7
전라북도 정읍시 장명동(4518052000),2808 ,2808 ,128 ,236 ,265 ,200 ,428 ,518 ,473 ,300 ,221 ,38 ,1 ,1388 ,1388 ,59 ,117 ,149 ,102 ,229 ,285 ,241 ,126 ,76 ,4 ,0 ,1420 ,1420 ,69 ,119 ,116 ,98 ,199 ,233 ,232 ,174 ,145 ,34 ,1
전라북도 정읍시 내장상동(4518053500),20090 ,20090 ,1353 ,2558 ,2280 ,1678 ,3198 ,3546 ,2774 ,1644 ,925 ,131 ,3 ,9703 ,9703 ,699 ,1263 ,1236 ,833 ,1489 ,1753 ,1333 ,754 ,315 ,28 ,0 ,10387 ,10387 ,654 ,1295 ,1044 ,845 ,1709 ,1793 ,1441 ,890 ,610 ,103 ,3
전라북도 정읍시 시기동(4518054500),3128 ,3128 ,124 ,236 ,290 ,222 ,342 ,499 ,620 ,464 ,286 ,44 ,1 ,1491 ,1491 ,71 ,117 ,168 ,106 ,178 ,251 ,281 ,196 ,108 ,14 ,1 ,1637 ,1637 ,53 ,119 ,122 ,116 ,164 ,248 ,339 ,268 ,178 ,30 ,0
전라북도 정읍시 초산동(4518056500),10095 ,10095 ,815 ,1285 ,1102 ,932 ,1628 ,1739 ,1363 ,782 ,405 ,44 ,0 ,5004 ,5004 ,449 ,711 ,635 ,442 ,765 ,850 ,637 ,351 ,156 ,8 ,0 ,5091 ,5091 ,366 ,574 ,467 ,490 ,863 ,889 ,726 ,431 ,249 ,36 ,0
전라북도 정읍시 연지동(4518057000),5878 ,5878 ,433 ,502 ,529 ,553 ,817 ,982 ,919 ,742 ,340 ,59 ,2 ,2903 ,2903 ,198 ,268 ,293 ,285 ,423 ,491 ,450 ,350 ,139 ,6 ,0 ,2975 ,2975 ,235 ,234 ,236 ,268 ,394 ,491 ,469 ,392 ,201 ,53 ,2
전라북도 정읍시 농소동(4518058000),3858 ,3858 ,152 ,269 ,360 ,244 ,430 ,720 ,803 ,483 ,346 ,51 ,0 ,1872 ,1872 ,77 ,145 ,191 ,116 ,240 ,378 ,390 ,208 ,116 ,11 ,0 ,1986 ,1986 ,75 ,124 ,169 ,128 ,190 ,342 ,413 ,275 ,230 ,40 ,0
전라북도 정읍시 상교동(4518059500),4271 ,4271 ,126 ,204 ,510 ,425 ,432 ,712 ,799 ,543 ,434 ,80 ,6 ,2223 ,2223 ,69 ,100 ,285 ,251 ,251 ,394 ,435 ,257 ,158 ,22 ,1 ,2048 ,2048 ,57 ,104 ,225 ,174 ,181 ,318 ,364 ,286 ,276 ,58 ,5
전라북도 남원시 (4519000000),77503 ,77503 ,4026 ,6732 ,6597 ,5710 ,9531 ,13329 ,14117 ,9423 ,6919 ,1078 ,41 ,37994 ,37994 ,2108 ,3499 ,3663 ,2932 ,4797 ,7098 ,7182 ,4218 ,2248 ,239 ,10 ,39509 ,39509 ,1918 ,3233 ,2934 ,2778 ,4734 ,6231 ,6935 ,5205 ,4671 ,839 ,31
전라북도 남원시 운봉읍(4519025000),3728 ,3728 ,139 ,213 ,216 ,189 ,308 ,647 ,810 ,613 ,496 ,93 ,4 ,1799 ,1799 ,76 ,115 ,117 ,106 ,166 ,338 ,438 ,264 ,165 ,14 ,0 ,1929 ,1929 ,63 ,98 ,99 ,83 ,142 ,309 ,372 ,349 ,331 ,79 ,4
전라북도 남원시 주천면(4519031000),2549 ,2549 ,92 ,130 ,190 ,149 ,214 ,487 ,580 ,381 ,276 ,47 ,3 ,1290 ,1290 ,53 ,65 ,103 ,75 ,116 ,281 ,303 ,190 ,92 ,11 ,1 ,1259 ,1259 ,39 ,65 ,87 ,74 ,98 ,206 ,277 ,191 ,184 ,36 ,2
전라북도 남원시 수지면(4519032000),1068 ,1068 ,43 ,46 ,48 ,46 ,92 ,146 ,252 ,192 ,157 ,46 ,0 ,534 ,534 ,21 ,23 ,32 ,25 ,66 ,79 ,136 ,93 ,47 ,12 ,0 ,534 ,534 ,22 ,23 ,16 ,21 ,26 ,67 ,116 ,99 ,110 ,34 ,0
전라북도 남원시 송동면(4519033000),1913 ,1913 ,39 ,91 ,116 ,86 ,150 ,342 ,464 ,299 ,277 ,46 ,3 ,955 ,955 ,17 ,49 ,70 ,47 ,87 ,187 ,271 ,136 ,80 ,10 ,1 ,958 ,958 ,22 ,42 ,46 ,39 ,63 ,155 ,193 ,163 ,197 ,36 ,2
전라북도 남원시 주생면(4519034000),1781 ,1781 ,55 ,94 ,87 ,74 ,149 ,303 ,396 ,309 ,270 ,44 ,0 ,876 ,876 ,26 ,54 ,54 ,36 ,88 ,181 ,210 ,138 ,80 ,9 ,0 ,905 ,905 ,29 ,40 ,33 ,38 ,61 ,122 ,186 ,171 ,190 ,35 ,0
전라북도 남원시 금지면(4519035000),2198 ,2198 ,47 ,96 ,109 ,83 ,197 ,335 ,512 ,418 ,352 ,47 ,2 ,1051 ,1051 ,19 ,50 ,74 ,47 ,113 ,183 ,268 ,179 ,107 ,10 ,1 ,1147 ,1147 ,28 ,46 ,35 ,36 ,84 ,152 ,244 ,239 ,245 ,37 ,1
전라북도 남원시 대강면(4519036000),1517 ,1517 ,23 ,53 ,63 ,55 ,110 ,203 ,391 ,268 ,278 ,71 ,2 ,725 ,725 ,13 ,29 ,32 ,26 ,69 ,117 ,211 ,127 ,83 ,16 ,2 ,792 ,792 ,10 ,24 ,31 ,29 ,41 ,86 ,180 ,141 ,195 ,55 ,0
전라북도 남원시 대산면(4519037000),1608 ,1608 ,61 ,78 ,77 ,79 ,141 ,247 ,410 ,235 ,239 ,39 ,2 ,823 ,823 ,34 ,52 ,45 ,50 ,85 ,144 ,221 ,114 ,74 ,4 ,0 ,785 ,785 ,27 ,26 ,32 ,29 ,56 ,103 ,189 ,121 ,165 ,35 ,2
전라북도 남원시 사매면(4519038000),1457 ,1457 ,50 ,70 ,80 ,71 ,99 ,219 ,315 ,249 ,270 ,32 ,2 ,755 ,755 ,34 ,39 ,48 ,34 ,56 ,138 ,182 ,129 ,86 ,9 ,0 ,702 ,702 ,16 ,31 ,32 ,37 ,43 ,81 ,133 ,120 ,184 ,23 ,2
전라북도 남원시 덕과면(4519039000),928 ,928 ,24 ,29 ,53 ,47 ,69 ,159 ,213 ,178 ,141 ,14 ,1 ,478 ,478 ,15 ,17 ,31 ,23 ,48 ,97 ,119 ,82 ,38 ,7 ,1 ,450 ,450 ,9 ,12 ,22 ,24 ,21 ,62 ,94 ,96 ,103 ,7 ,0
전라북도 남원시 보절면(4519040000),1388 ,1388 ,36 ,60 ,65 ,43 ,103 ,221 ,284 ,259 ,279 ,37 ,1 ,709 ,709 ,19 ,32 ,47 ,26 ,66 ,135 ,149 ,123 ,102 ,9 ,1 ,679 ,679 ,17 ,28 ,18 ,17 ,37 ,86 ,135 ,136 ,177 ,28 ,0
전라북도 남원시 산동면(4519041000),1719 ,1719 ,35 ,80 ,93 ,59 ,139 ,286 ,388 ,302 ,301 ,36 ,0 ,871 ,871 ,17 ,47 ,62 ,34 ,80 ,166 ,218 ,135 ,101 ,11 ,0 ,848 ,848 ,18 ,33 ,31 ,25 ,59 ,120 ,170 ,167 ,200 ,25 ,0
전라북도 남원시 이백면(4519042000),2197 ,2197 ,65 ,144 ,142 ,111 ,188 ,379 ,487 ,324 ,286 ,67 ,4 ,1082 ,1082 ,35 ,81 ,79 ,63 ,98 ,205 ,273 ,152 ,86 ,9 ,1 ,1115 ,1115 ,30 ,63 ,63 ,48 ,90 ,174 ,214 ,172 ,200 ,58 ,3
전라북도 남원시 아영면(4519045000),1846 ,1846 ,63 ,103 ,81 ,87 ,158 ,297 ,422 ,339 ,251 ,42 ,3 ,917 ,917 ,41 ,55 ,39 ,47 ,99 ,175 ,224 ,149 ,77 ,11 ,0 ,929 ,929 ,22 ,48 ,42 ,40 ,59 ,122 ,198 ,190 ,174 ,31 ,3
전라북도 남원시 산내면(4519046000),2066 ,2066 ,63 ,166 ,113 ,78 ,210 ,490 ,441 ,267 ,214 ,23 ,1 ,1007 ,1007 ,28 ,90 ,61 ,45 ,90 ,266 ,240 ,123 ,61 ,3 ,0 ,1059 ,1059 ,35 ,76 ,52 ,33 ,120 ,224 ,201 ,144 ,153 ,20 ,1
전라북도 남원시 인월면(4519047000),2737 ,2737 ,97 ,195 ,165 ,141 ,280 ,477 ,640 ,439 ,258 ,43 ,2 ,1341 ,1341 ,47 ,111 ,105 ,72 ,149 ,261 ,306 ,193 ,88 ,9 ,0 ,1396 ,1396 ,50 ,84 ,60 ,69 ,131 ,216 ,334 ,246 ,170 ,34 ,2
전라북도 남원시 동충동(4519051000),3180 ,3180 ,121 ,278 ,325 ,227 ,377 ,575 ,556 ,414 ,267 ,39 ,1 ,1512 ,1512 ,62 ,146 ,181 ,115 ,183 ,290 ,260 ,165 ,101 ,8 ,1 ,1668 ,1668 ,59 ,132 ,144 ,112 ,194 ,285 ,296 ,249 ,166 ,31 ,0
전라북도 남원시 죽항동(4519052000),3090 ,3090 ,136 ,198 ,304 ,248 ,356 ,548 ,554 ,445 ,260 ,40 ,1 ,1466 ,1466 ,73 ,95 ,164 ,129 ,170 ,298 ,248 ,184 ,94 ,10 ,1 ,1624 ,1624 ,63 ,103 ,140 ,119 ,186 ,250 ,306 ,261 ,166 ,30 ,0
전라북도 남원시 노암동(4519054000),5936 ,5936 ,527 ,556 ,588 ,630 ,877 ,998 ,880 ,538 ,309 ,33 ,0 ,2859 ,2859 ,269 ,278 ,311 ,319 ,422 ,507 ,434 ,207 ,102 ,10 ,0 ,3077 ,3077 ,258 ,278 ,277 ,311 ,455 ,491 ,446 ,331 ,207 ,23 ,0
전라북도 남원시 금동(4519055000),6269 ,6269 ,411 ,715 ,543 ,514 ,943 ,1019 ,1024 ,671 ,383 ,44 ,2 ,2998 ,2998 ,217 ,343 ,294 ,250 ,478 ,520 ,478 ,284 ,124 ,10 ,0 ,3271 ,3271 ,194 ,372 ,249 ,264 ,465 ,499 ,546 ,387 ,259 ,34 ,2
전라북도 남원시 왕정동(4519056000),4851 ,4851 ,273 ,431 ,478 ,504 ,659 ,819 ,779 ,545 ,321 ,40 ,2 ,2372 ,2372 ,146 ,238 ,261 ,290 ,308 ,411 ,359 ,241 ,110 ,8 ,0 ,2479 ,2479 ,127 ,193 ,217 ,214 ,351 ,408 ,420 ,304 ,211 ,32 ,2
전라북도 남원시 향교동(4519057000),6727 ,6727 ,331 ,540 ,662 ,547 ,867 ,1195 ,1226 ,773 ,504 ,81 ,1 ,3391 ,3391 ,162 ,283 ,361 ,281 ,452 ,655 ,623 ,369 ,185 ,20 ,0 ,3336 ,3336 ,169 ,257 ,301 ,266 ,415 ,540 ,603 ,404 ,319 ,61 ,1
전라북도 남원시 도통동(4519059000),16750 ,16750 ,1295 ,2366 ,1999 ,1642 ,2845 ,2937 ,2093 ,965 ,530 ,74 ,4 ,8183 ,8183 ,684 ,1207 ,1092 ,792 ,1308 ,1464 ,1011 ,441 ,165 ,19 ,0 ,8567 ,8567 ,611 ,1159 ,907 ,850 ,1537 ,1473 ,1082 ,524 ,365 ,55 ,4
전라북도 김제시 (4521000000),81886 ,81886 ,3633 ,5940 ,7081 ,6239 ,9449 ,13323 ,15996 ,10840 ,7935 ,1411 ,39 ,40756 ,40756 ,1862 ,3063 ,4005 ,3247 ,5248 ,7375 ,8178 ,4878 ,2589 ,305 ,6 ,41130 ,41130 ,1771 ,2877 ,3076 ,2992 ,4201 ,5948 ,7818 ,5962 ,5346 ,1106 ,33
전라북도 김제시 만경읍(4521025000),2634 ,2634 ,58 ,124 ,163 ,138 ,228 ,417 ,670 ,415 ,344 ,76 ,1 ,1331 ,1331 ,36 ,71 ,98 ,85 ,139 ,240 ,333 ,209 ,110 ,9 ,1 ,1303 ,1303 ,22 ,53 ,65 ,53 ,89 ,177 ,337 ,206 ,234 ,67 ,0
전라북도 김제시 죽산면(4521032000),2403 ,2403 ,53 ,94 ,99 ,126 ,200 ,328 ,595 ,469 ,364 ,74 ,1 ,1176 ,1176 ,24 ,58 ,62 ,69 ,124 ,199 ,296 ,231 ,102 ,11 ,0 ,1227 ,1227 ,29 ,36 ,37 ,57 ,76 ,129 ,299 ,238 ,262 ,63 ,1
전라북도 김제시 백산면(4521033000),3005 ,3005 ,103 ,158 ,231 ,232 ,342 ,512 ,593 ,472 ,316 ,44 ,2 ,1576 ,1576 ,54 ,84 ,135 ,131 ,215 ,310 ,307 ,221 ,108 ,11 ,0 ,1429 ,1429 ,49 ,74 ,96 ,101 ,127 ,202 ,286 ,251 ,208 ,33 ,2
전라북도 김제시 용지면(4521034000),3423 ,3423 ,75 ,142 ,233 ,191 ,303 ,484 ,824 ,614 ,452 ,101 ,4 ,1757 ,1757 ,43 ,77 ,128 ,108 ,212 ,284 ,445 ,287 ,148 ,25 ,0 ,1666 ,1666 ,32 ,65 ,105 ,83 ,91 ,200 ,379 ,327 ,304 ,76 ,4
전라북도 김제시 백구면(4521035000),3706 ,3706 ,95 ,179 ,240 ,230 ,353 ,629 ,847 ,616 ,428 ,89 ,0 ,1833 ,1833 ,47 ,83 ,133 ,128 ,217 ,351 ,448 ,274 ,128 ,24 ,0 ,1873 ,1873 ,48 ,96 ,107 ,102 ,136 ,278 ,399 ,342 ,300 ,65 ,0
전라북도 김제시 부량면(4521036000),1290 ,1290 ,33 ,65 ,69 ,79 ,112 ,171 ,302 ,227 ,189 ,43 ,0 ,619 ,619 ,18 ,34 ,42 ,45 ,71 ,98 ,153 ,95 ,53 ,10 ,0 ,671 ,671 ,15 ,31 ,27 ,34 ,41 ,73 ,149 ,132 ,136 ,33 ,0
전라북도 김제시 공덕면(4521038000),2468 ,2468 ,56 ,113 ,182 ,144 ,199 ,401 ,619 ,371 ,318 ,60 ,5 ,1276 ,1276 ,25 ,60 ,107 ,81 ,130 ,239 ,336 ,184 ,96 ,16 ,2 ,1192 ,1192 ,31 ,53 ,75 ,63 ,69 ,162 ,283 ,187 ,222 ,44 ,3
전라북도 김제시 청하면(4521039000),1698 ,1698 ,43 ,69 ,78 ,86 ,141 ,254 ,407 ,309 ,261 ,49 ,1 ,854 ,854 ,21 ,39 ,49 ,52 ,86 ,147 ,203 ,154 ,90 ,13 ,0 ,844 ,844 ,22 ,30 ,29 ,34 ,55 ,107 ,204 ,155 ,171 ,36 ,1
전라북도 김제시 성덕면(4521040000),1720 ,1720 ,38 ,67 ,93 ,80 ,160 ,258 ,417 ,313 ,239 ,55 ,0 ,867 ,867 ,18 ,34 ,58 ,46 ,102 ,161 ,226 ,135 ,77 ,10 ,0 ,853 ,853 ,20 ,33 ,35 ,34 ,58 ,97 ,191 ,178 ,162 ,45 ,0
전라북도 김제시 진봉면(4521041000),2511 ,2511 ,39 ,63 ,123 ,118 ,215 ,361 ,590 ,515 ,413 ,72 ,2 ,1208 ,1208 ,23 ,30 ,73 ,61 ,137 ,223 ,300 ,217 ,129 ,15 ,0 ,1303 ,1303 ,16 ,33 ,50 ,57 ,78 ,138 ,290 ,298 ,284 ,57 ,2
전라북도 김제시 금구면(4521042000),4954 ,4954 ,164 ,266 ,398 ,308 ,496 ,911 ,1111 ,717 ,495 ,86 ,2 ,2517 ,2517 ,81 ,143 ,218 ,165 ,300 ,515 ,579 ,320 ,175 ,21 ,0 ,2437 ,2437 ,83 ,123 ,180 ,143 ,196 ,396 ,532 ,397 ,320 ,65 ,2
전라북도 김제시 봉남면(4521043000),2171 ,2171 ,72 ,83 ,102 ,107 ,192 ,286 ,508 ,389 ,372 ,57 ,3 ,1067 ,1067 ,43 ,41 ,62 ,61 ,128 ,174 ,269 ,165 ,109 ,15 ,0 ,1104 ,1104 ,29 ,42 ,40 ,46 ,64 ,112 ,239 ,224 ,263 ,42 ,3
전라북도 김제시 황산면(4521044000),1908 ,1908 ,44 ,73 ,123 ,92 ,159 ,344 ,437 ,293 ,300 ,42 ,1 ,985 ,985 ,22 ,40 ,73 ,54 ,104 ,211 ,252 ,121 ,101 ,7 ,0 ,923 ,923 ,22 ,33 ,50 ,38 ,55 ,133 ,185 ,172 ,199 ,35 ,1
전라북도 김제시 금산면(4521045000),4562 ,4562 ,104 ,188 ,283 ,252 ,395 ,835 ,1116 ,736 ,555 ,92 ,6 ,2301 ,2301 ,49 ,110 ,156 ,144 ,247 ,461 ,596 ,334 ,181 ,23 ,0 ,2261 ,2261 ,55 ,78 ,127 ,108 ,148 ,374 ,520 ,402 ,374 ,69 ,6
전라북도 김제시 광활면(4521046000),1301 ,1301 ,39 ,55 ,76 ,70 ,114 ,197 ,288 ,244 ,193 ,25 ,0 ,661 ,661 ,18 ,24 ,47 ,34 ,84 ,119 ,151 ,113 ,66 ,5 ,0 ,640 ,640 ,21 ,31 ,29 ,36 ,30 ,78 ,137 ,131 ,127 ,20 ,0
전라북도 김제시 요촌동(4521051000),10843 ,10843 ,607 ,1002 ,1189 ,986 ,1463 ,1783 ,1828 ,1152 ,698 ,132 ,3 ,5374 ,5374 ,314 ,508 ,666 ,486 ,746 ,942 ,877 ,537 ,267 ,30 ,1 ,5469 ,5469 ,293 ,494 ,523 ,500 ,717 ,841 ,951 ,615 ,431 ,102 ,2
전라북도 김제시 신풍동(4521052000),12913 ,12913 ,800 ,1360 ,1344 ,1216 ,1803 ,2169 ,2007 ,1224 ,874 ,114 ,2 ,6278 ,6278 ,410 ,709 ,737 ,613 ,894 ,1102 ,984 ,520 ,282 ,26 ,1 ,6635 ,6635 ,390 ,651 ,607 ,603 ,909 ,1067 ,1023 ,704 ,592 ,88 ,1
전라북도 김제시 검산동(4521054000),12046 ,12046 ,828 ,1354 ,1543 ,1251 ,1825 ,2021 ,1637 ,923 ,551 ,110 ,3 ,5933 ,5933 ,429 ,673 ,869 ,611 ,899 ,1075 ,806 ,376 ,174 ,20 ,1 ,6113 ,6113 ,399 ,681 ,674 ,640 ,926 ,946 ,831 ,547 ,377 ,90 ,2
전라북도 김제시 교월동(4521058000),6330 ,6330 ,382 ,485 ,512 ,533 ,749 ,962 ,1200 ,841 ,573 ,90 ,3 ,3143 ,3143 ,187 ,245 ,292 ,273 ,413 ,524 ,617 ,385 ,193 ,14 ,0 ,3187 ,3187 ,195 ,240 ,220 ,260 ,336 ,438 ,583 ,456 ,380 ,76 ,3
전라북도 완주군 (4571000000),94776 ,94776 ,6169 ,8445 ,8983 ,9692 ,13503 ,15731 ,16085 ,9221 ,5977 ,938 ,32 ,48740 ,48740 ,3094 ,4418 ,5014 ,5047 ,7288 ,8709 ,8460 ,4463 ,2048 ,195 ,4 ,46036 ,46036 ,3075 ,4027 ,3969 ,4645 ,6215 ,7022 ,7625 ,4758 ,3929 ,743 ,28
전라북도 완주군 삼례읍(4571025000),19484 ,19484 ,1512 ,1525 ,2438 ,2779 ,2677 ,2869 ,2813 ,1625 ,1063 ,177 ,6 ,10086 ,10086 ,769 ,789 ,1292 ,1510 ,1494 ,1627 ,1452 ,758 ,358 ,36 ,1 ,9398 ,9398 ,743 ,736 ,1146 ,1269 ,1183 ,1242 ,1361 ,867 ,705 ,141 ,5
전라북도 완주군 봉동읍(4571025300),24871 ,24871 ,2098 ,3214 ,2521 ,2714 ,4514 ,3925 ,3098 ,1664 ,967 ,150 ,6 ,12901 ,12901 ,1044 ,1674 ,1473 ,1391 ,2389 ,2174 ,1610 ,780 ,331 ,33 ,2 ,11970 ,11970 ,1054 ,1540 ,1048 ,1323 ,2125 ,1751 ,1488 ,884 ,636 ,117 ,4
전라북도 완주군 용진읍(4571025600),7907 ,7907 ,370 ,556 ,717 ,733 ,990 ,1473 ,1534 ,885 ,576 ,72 ,1 ,4052 ,4052 ,181 ,299 ,406 ,387 ,528 ,814 ,791 ,436 ,191 ,19 ,0 ,3855 ,3855 ,189 ,257 ,311 ,346 ,462 ,659 ,743 ,449 ,385 ,53 ,1
전라북도 완주군 상관면(4571032000),4127 ,4127 ,193 ,358 ,306 ,264 ,566 ,768 ,828 ,513 ,284 ,47 ,0 ,2124 ,2124 ,106 ,185 ,173 ,144 ,299 ,417 ,431 ,254 ,106 ,9 ,0 ,2003 ,2003 ,87 ,173 ,133 ,120 ,267 ,351 ,397 ,259 ,178 ,38 ,0
전라북도 완주군 이서면(4571033000),14177 ,14177 ,1304 ,1458 ,1314 ,1908 ,2575 ,2216 ,1811 ,971 ,534 ,81 ,5 ,7122 ,7122 ,656 ,752 ,695 ,901 ,1330 ,1185 ,944 ,449 ,190 ,20 ,0 ,7055 ,7055 ,648 ,706 ,619 ,1007 ,1245 ,1031 ,867 ,522 ,344 ,61 ,5
전라북도 완주군 소양면(4571034000),5798 ,5798 ,178 ,294 ,448 ,353 ,489 ,1079 ,1472 ,849 ,546 ,87 ,3 ,2985 ,2985 ,90 ,146 ,261 ,199 ,283 ,574 ,771 ,441 ,203 ,16 ,1 ,2813 ,2813 ,88 ,148 ,187 ,154 ,206 ,505 ,701 ,408 ,343 ,71 ,2
전라북도 완주군 구이면(4571035000),5607 ,5607 ,156 ,321 ,482 ,307 ,516 ,1130 ,1384 ,743 ,497 ,67 ,4 ,2843 ,2843 ,67 ,173 ,267 ,159 ,265 ,607 ,760 ,375 ,163 ,7 ,0 ,2764 ,2764 ,89 ,148 ,215 ,148 ,251 ,523 ,624 ,368 ,334 ,60 ,4
전라북도 완주군 고산면(4571036000),4430 ,4430 ,184 ,261 ,303 ,284 ,468 ,792 ,969 ,632 ,470 ,65 ,2 ,2300 ,2300 ,96 ,141 ,190 ,163 ,278 ,450 ,522 ,302 ,143 ,15 ,0 ,2130 ,2130 ,88 ,120 ,113 ,121 ,190 ,342 ,447 ,330 ,327 ,50 ,2
전라북도 완주군 비봉면(4571037000),1831 ,1831 ,35 ,104 ,119 ,78 ,168 ,325 ,438 ,292 ,221 ,49 ,2 ,951 ,951 ,19 ,58 ,69 ,39 ,96 ,189 ,238 ,150 ,83 ,10 ,0 ,880 ,880 ,16 ,46 ,50 ,39 ,72 ,136 ,200 ,142 ,138 ,39 ,2
전라북도 완주군 운주면(4571038000),1910 ,1910 ,37 ,66 ,66 ,78 ,149 ,351 ,532 ,341 ,250 ,39 ,1 ,972 ,972 ,21 ,40 ,33 ,46 ,95 ,202 ,272 ,166 ,89 ,8 ,0 ,938 ,938 ,16 ,26 ,33 ,32 ,54 ,149 ,260 ,175 ,161 ,31 ,1
전라북도 완주군 화산면(4571039000),2573 ,2573 ,54 ,204 ,164 ,93 ,252 ,419 ,592 ,400 ,325 ,69 ,1 ,1352 ,1352 ,21 ,119 ,95 ,58 ,146 ,260 ,326 ,205 ,108 ,14 ,0 ,1221 ,1221 ,33 ,85 ,69 ,35 ,106 ,159 ,266 ,195 ,217 ,55 ,1
전라북도 완주군 동상면(4571040000),1084 ,1084 ,32 ,49 ,62 ,55 ,68 ,219 ,348 ,131 ,100 ,20 ,0 ,554 ,554 ,16 ,24 ,31 ,24 ,42 ,117 ,206 ,60 ,30 ,4 ,0 ,530 ,530 ,16 ,25 ,31 ,31 ,26 ,102 ,142 ,71 ,70 ,16 ,0
전라북도 완주군 경천면(4571041000),977 ,977 ,16 ,35 ,43 ,46 ,71 ,165 ,266 ,175 ,144 ,15 ,1 ,498 ,498 ,8 ,18 ,29 ,26 ,43 ,93 ,137 ,87 ,53 ,4 ,0 ,479 ,479 ,8 ,17 ,14 ,20 ,28 ,72 ,129 ,88 ,91 ,11 ,1
전라북도 진안군 (4572000000),24664 ,24664 ,985 ,1574 ,1658 ,1402 ,2330 ,4293 ,5561 ,3663 ,2739 ,443 ,16 ,12584 ,12584 ,498 ,831 ,960 ,687 ,1329 ,2447 ,3020 ,1797 ,930 ,84 ,1 ,12080 ,12080 ,487 ,743 ,698 ,715 ,1001 ,1846 ,2541 ,1866 ,1809 ,359 ,15
전라북도 진안군 진안읍(4572025000),9791 ,9791 ,545 ,796 ,866 ,699 ,1183 ,1674 ,1789 ,1206 ,887 ,143 ,3 ,4964 ,4964 ,273 ,416 ,493 ,323 ,658 ,952 ,930 ,587 ,301 ,31 ,0 ,4827 ,4827 ,272 ,380 ,373 ,376 ,525 ,722 ,859 ,619 ,586 ,112 ,3
전라북도 진안군 용담면(4572031000),840 ,840 ,7 ,22 ,26 ,21 ,53 ,155 ,279 ,166 ,98 ,12 ,1 ,412 ,412 ,2 ,13 ,13 ,13 ,33 ,82 ,141 ,83 ,31 ,1 ,0 ,428 ,428 ,5 ,9 ,13 ,8 ,20 ,73 ,138 ,83 ,67 ,11 ,1
전라북도 진안군 안천면(4572032000),1052 ,1052 ,32 ,66 ,54 ,45 ,76 ,173 ,260 ,171 ,144 ,30 ,1 ,508 ,508 ,13 ,30 ,36 ,21 ,40 ,92 ,133 ,87 ,52 ,4 ,0 ,544 ,544 ,19 ,36 ,18 ,24 ,36 ,81 ,127 ,84 ,92 ,26 ,1
전라북도 진안군 동향면(4572033000),1345 ,1345 ,34 ,83 ,55 ,58 ,84 ,237 ,349 ,225 ,187 ,32 ,1 ,652 ,652 ,15 ,42 ,27 ,29 ,39 ,145 ,183 ,114 ,52 ,5 ,1 ,693 ,693 ,19 ,41 ,28 ,29 ,45 ,92 ,166 ,111 ,135 ,27 ,0
전라북도 진안군 상전면(4572034000),818 ,818 ,25 ,38 ,33 ,38 ,61 ,163 ,211 ,122 ,115 ,11 ,1 ,415 ,415 ,11 ,14 ,21 ,16 ,34 ,95 ,120 ,65 ,36 ,3 ,0 ,403 ,403 ,14 ,24 ,12 ,22 ,27 ,68 ,91 ,57 ,79 ,8 ,1
전라북도 진안군 백운면(4572035000),1937 ,1937 ,56 ,91 ,123 ,103 ,168 ,332 ,484 ,305 ,230 ,42 ,3 ,1034 ,1034 ,30 ,49 ,76 ,59 ,106 ,190 ,281 ,147 ,89 ,7 ,0 ,903 ,903 ,26 ,42 ,47 ,44 ,62 ,142 ,203 ,158 ,141 ,35 ,3
전라북도 진안군 성수면(4572036000),1719 ,1719 ,58 ,72 ,101 ,82 ,141 ,281 ,434 ,291 ,222 ,35 ,2 ,881 ,881 ,27 ,41 ,54 ,41 ,92 ,160 ,261 ,137 ,64 ,4 ,0 ,838 ,838 ,31 ,31 ,47 ,41 ,49 ,121 ,173 ,154 ,158 ,31 ,2
전라북도 진안군 마령면(4572037000),1757 ,1757 ,47 ,78 ,98 ,87 ,121 ,308 ,393 ,336 ,252 ,36 ,1 ,911 ,911 ,29 ,42 ,55 ,49 ,72 ,184 ,216 ,162 ,93 ,9 ,0 ,846 ,846 ,18 ,36 ,43 ,38 ,49 ,124 ,177 ,174 ,159 ,27 ,1
전라북도 진안군 부귀면(4572038000),2868 ,2868 ,98 ,214 ,175 ,171 ,252 ,532 ,729 ,404 ,242 ,49 ,2 ,1488 ,1488 ,48 ,114 ,105 ,90 ,137 ,304 ,391 ,210 ,80 ,9 ,0 ,1380 ,1380 ,50 ,100 ,70 ,81 ,115 ,228 ,338 ,194 ,162 ,40 ,2
전라북도 진안군 정천면(4572039000),1065 ,1065 ,60 ,59 ,57 ,60 ,88 ,184 ,256 ,149 ,129 ,23 ,0 ,566 ,566 ,38 ,36 ,42 ,24 ,53 ,101 ,141 ,80 ,47 ,4 ,0 ,499 ,499 ,22 ,23 ,15 ,36 ,35 ,83 ,115 ,69 ,82 ,19 ,0
전라북도 진안군 주천면(4572040000),1472 ,1472 ,23 ,55 ,70 ,38 ,103 ,254 ,377 ,288 ,233 ,30 ,1 ,753 ,753 ,12 ,34 ,38 ,22 ,65 ,142 ,223 ,125 ,85 ,7 ,0 ,719 ,719 ,11 ,21 ,32 ,16 ,38 ,112 ,154 ,163 ,148 ,23 ,1
전라북도 무주군 (4573000000),23416 ,23416 ,904 ,1739 ,1573 ,1493 ,2581 ,3996 ,4962 ,3163 ,2609 ,377 ,19 ,11714 ,11714 ,483 ,882 ,877 ,811 ,1419 ,2240 ,2622 ,1404 ,886 ,89 ,1 ,11702 ,11702 ,421 ,857 ,696 ,682 ,1162 ,1756 ,2340 ,1759 ,1723 ,288 ,18
전라북도 무주군 무주읍(4573025000),9324 ,9324 ,580 ,1000 ,812 ,824 ,1357 ,1527 ,1448 ,963 ,700 ,104 ,9 ,4675 ,4675 ,318 ,507 ,454 ,423 ,704 ,851 ,726 ,429 ,240 ,23 ,0 ,4649 ,4649 ,262 ,493 ,358 ,401 ,653 ,676 ,722 ,534 ,460 ,81 ,9
전라북도 무주군 무풍면(4573031000),2126 ,2126 ,38 ,83 ,86 ,119 ,160 ,383 ,578 ,343 ,289 ,46 ,1 ,1077 ,1077 ,19 ,50 ,53 ,70 ,103 ,203 ,310 ,167 ,90 ,11 ,1 ,1049 ,1049 ,19 ,33 ,33 ,49 ,57 ,180 ,268 ,176 ,199 ,35 ,0
전라북도 무주군 설천면(4573032000),3911 ,3911 ,114 ,268 ,285 ,198 ,440 ,740 ,878 ,516 ,417 ,52 ,3 ,1971 ,1971 ,58 ,143 ,148 ,114 ,245 ,422 ,461 ,223 ,143 ,14 ,0 ,1940 ,1940 ,56 ,125 ,137 ,84 ,195 ,318 ,417 ,293 ,274 ,38 ,3
전라북도 무주군 적상면(4573033000),2551 ,2551 ,52 ,110 ,128 ,98 ,187 ,457 ,622 ,435 ,393 ,67 ,2 ,1261 ,1261 ,29 ,52 ,76 ,58 ,105 ,254 ,350 ,179 ,141 ,17 ,0 ,1290 ,1290 ,23 ,58 ,52 ,40 ,82 ,203 ,272 ,256 ,252 ,50 ,2
전라북도 무주군 안성면(4573034000),4126 ,4126 ,98 ,234 ,213 ,194 ,334 ,679 ,1055 ,634 ,608 ,74 ,3 ,2041 ,2041 ,49 ,109 ,119 ,109 ,202 ,384 ,566 ,286 ,201 ,16 ,0 ,2085 ,2085 ,49 ,125 ,94 ,85 ,132 ,295 ,489 ,348 ,407 ,58 ,3
전라북도 무주군 부남면(4573035000),1378 ,1378 ,22 ,44 ,49 ,60 ,103 ,210 ,381 ,272 ,202 ,34 ,1 ,689 ,689 ,10 ,21 ,27 ,37 ,60 ,126 ,209 ,120 ,71 ,8 ,0 ,689 ,689 ,12 ,23 ,22 ,23 ,43 ,84 ,172 ,152 ,131 ,26 ,1
전라북도 장수군 (4574000000),21145 ,21145 ,877 ,1544 ,1392 ,1256 ,2247 ,3536 ,4495 ,3067 ,2363 ,353 ,15 ,10627 ,10627 ,453 ,790 ,835 ,651 ,1266 ,1976 ,2355 ,1456 ,742 ,102 ,1 ,10518 ,10518 ,424 ,754 ,557 ,605 ,981 ,1560 ,2140 ,1611 ,1621 ,251 ,14
전라북도 장수군 장수읍(4574025000),7048 ,7048 ,413 ,712 ,571 ,529 ,940 ,1131 ,1268 ,840 ,558 ,84 ,2 ,3502 ,3502 ,227 ,333 ,327 ,259 ,511 ,618 ,631 ,389 ,185 ,21 ,1 ,3546 ,3546 ,186 ,379 ,244 ,270 ,429 ,513 ,637 ,451 ,373 ,63 ,1
전라북도 장수군 산서면(4574031000),2009 ,2009 ,63 ,107 ,104 ,85 ,166 ,342 ,420 ,352 ,319 ,50 ,1 ,1011 ,1011 ,29 ,61 ,62 ,53 ,105 ,188 ,224 ,166 ,105 ,18 ,0 ,998 ,998 ,34 ,46 ,42 ,32 ,61 ,154 ,196 ,186 ,214 ,32 ,1
전라북도 장수군 번암면(4574032000),2225 ,2225 ,62 ,104 ,96 ,88 ,165 ,357 ,560 ,433 ,308 ,48 ,4 ,1136 ,1136 ,35 ,60 ,60 ,52 ,103 ,202 ,298 ,215 ,97 ,14 ,0 ,1089 ,1089 ,27 ,44 ,36 ,36 ,62 ,155 ,262 ,218 ,211 ,34 ,4
전라북도 장수군 장계면(4574033500),4231 ,4231 ,192 ,347 ,289 ,291 ,498 ,763 ,832 ,524 ,434 ,58 ,3 ,2157 ,2157 ,93 ,195 ,179 ,140 ,276 ,436 ,441 ,249 ,134 ,14 ,0 ,2074 ,2074 ,99 ,152 ,110 ,151 ,222 ,327 ,391 ,275 ,300 ,44 ,3
전라북도 장수군 천천면(4574034000),2035 ,2035 ,47 ,75 ,126 ,97 ,157 ,325 ,530 ,364 ,271 ,39 ,4 ,997 ,997 ,22 ,41 ,78 ,55 ,85 ,175 ,280 ,170 ,77 ,14 ,0 ,1038 ,1038 ,25 ,34 ,48 ,42 ,72 ,150 ,250 ,194 ,194 ,25 ,4
전라북도 장수군 계남면(4574035000),2064 ,2064 ,58 ,122 ,131 ,100 ,197 ,371 ,474 ,327 ,244 ,39 ,1 ,1036 ,1036 ,29 ,63 ,78 ,60 ,105 ,216 ,253 ,145 ,77 ,10 ,0 ,1028 ,1028 ,29 ,59 ,53 ,40 ,92 ,155 ,221 ,182 ,167 ,29 ,1
전라북도 장수군 계북면(4574036000),1533 ,1533 ,42 ,77 ,75 ,66 ,124 ,247 ,411 ,227 ,229 ,35 ,0 ,788 ,788 ,18 ,37 ,51 ,32 ,81 ,141 ,228 ,122 ,67 ,11 ,0 ,745 ,745 ,24 ,40 ,24 ,34 ,43 ,106 ,183 ,105 ,162 ,24 ,0
전라북도 임실군 (4575000000),26335 ,26335 ,1193 ,1488 ,1732 ,1715 ,2458 ,4338 ,5577 ,3975 ,3307 ,536 ,16 ,13512 ,13512 ,619 ,790 ,1014 ,915 ,1493 ,2479 ,3096 ,1877 ,1096 ,130 ,3 ,12823 ,12823 ,574 ,698 ,718 ,800 ,965 ,1859 ,2481 ,2098 ,2211 ,406 ,13
전라북도 임실군 임실읍(4575025000),7222 ,7222 ,602 ,709 ,654 ,743 ,987 ,1059 ,1080 ,730 ,561 ,97 ,0 ,3676 ,3676 ,321 ,365 ,369 ,393 ,555 ,577 ,565 ,330 ,177 ,24 ,0 ,3546 ,3546 ,281 ,344 ,285 ,350 ,432 ,482 ,515 ,400 ,384 ,73 ,0
전라북도 임실군 청웅면(4575031000),1235 ,1235 ,27 ,45 ,49 ,48 ,100 ,208 ,275 ,229 ,224 ,29 ,1 ,622 ,622 ,11 ,21 ,30 ,26 ,69 ,133 ,152 ,101 ,76 ,2 ,1 ,613 ,613 ,16 ,24 ,19 ,22 ,31 ,75 ,123 ,128 ,148 ,27 ,0
전라북도 임실군 운암면(4575032000),1589 ,1589 ,44 ,46 ,96 ,76 ,123 ,306 ,451 ,238 ,172 ,36 ,1 ,829 ,829 ,18 ,31 ,54 ,33 ,72 ,172 ,251 ,124 ,63 ,11 ,0 ,760 ,760 ,26 ,15 ,42 ,43 ,51 ,134 ,200 ,114 ,109 ,25 ,1
전라북도 임실군 신평면(4575033000),1423 ,1423 ,49 ,55 ,78 ,96 ,102 ,215 ,327 ,262 ,205 ,32 ,2 ,741 ,741 ,24 ,33 ,55 ,56 ,70 ,119 ,180 ,131 ,67 ,6 ,0 ,682 ,682 ,25 ,22 ,23 ,40 ,32 ,96 ,147 ,131 ,138 ,26 ,2
전라북도 임실군 성수면(4575034000),1597 ,1597 ,38 ,62 ,84 ,79 ,122 ,243 ,383 ,285 ,271 ,30 ,0 ,840 ,840 ,18 ,38 ,57 ,49 ,84 ,131 ,221 ,132 ,98 ,12 ,0 ,757 ,757 ,20 ,24 ,27 ,30 ,38 ,112 ,162 ,153 ,173 ,18 ,0
전라북도 임실군 오수면(4575035500),3497 ,3497 ,95 ,182 ,227 ,191 ,289 ,575 ,807 ,581 ,468 ,80 ,2 ,1762 ,1762 ,48 ,107 ,131 ,102 ,176 ,330 ,431 ,266 ,148 ,23 ,0 ,1735 ,1735 ,47 ,75 ,96 ,89 ,113 ,245 ,376 ,315 ,320 ,57 ,2
전라북도 임실군 신덕면(4575036000),1311 ,1311 ,44 ,43 ,79 ,54 ,93 ,221 ,298 ,240 ,199 ,39 ,1 ,685 ,685 ,23 ,22 ,46 ,25 ,58 ,137 ,179 ,114 ,69 ,11 ,1 ,626 ,626 ,21 ,21 ,33 ,29 ,35 ,84 ,119 ,126 ,130 ,28 ,0
전라북도 임실군 삼계면(4575037000),1448 ,1448 ,38 ,54 ,65 ,54 ,98 ,213 ,324 ,301 ,248 ,53 ,0 ,749 ,749 ,22 ,28 ,37 ,32 ,68 ,129 ,181 ,157 ,90 ,5 ,0 ,699 ,699 ,16 ,26 ,28 ,22 ,30 ,84 ,143 ,144 ,158 ,48 ,0
전라북도 임실군 관촌면(4575038000),3196 ,3196 ,152 ,146 ,206 ,196 ,262 ,598 ,708 ,489 ,381 ,56 ,2 ,1638 ,1638 ,83 ,68 ,123 ,100 ,153 ,346 ,386 ,241 ,123 ,15 ,0 ,1558 ,1558 ,69 ,78 ,83 ,96 ,109 ,252 ,322 ,248 ,258 ,41 ,2
전라북도 임실군 강진면(4575039000),1450 ,1450 ,29 ,42 ,94 ,70 ,119 ,277 ,352 ,223 ,216 ,26 ,2 ,768 ,768 ,15 ,25 ,51 ,40 ,87 ,162 ,213 ,100 ,68 ,7 ,0 ,682 ,682 ,14 ,17 ,43 ,30 ,32 ,115 ,139 ,123 ,148 ,19 ,2
전라북도 임실군 덕치면(4575040000),1164 ,1164 ,27 ,47 ,47 ,56 ,70 ,216 ,304 ,206 ,174 ,13 ,4 ,602 ,602 ,10 ,18 ,28 ,33 ,47 ,134 ,182 ,92 ,56 ,2 ,0 ,562 ,562 ,17 ,29 ,19 ,23 ,23 ,82 ,122 ,114 ,118 ,11 ,4
전라북도 임실군 지사면(4575041000),1203 ,1203 ,48 ,57 ,53 ,52 ,93 ,207 ,268 ,191 ,188 ,45 ,1 ,600 ,600 ,26 ,34 ,33 ,26 ,54 ,109 ,155 ,89 ,61 ,12 ,1 ,603 ,603 ,22 ,23 ,20 ,26 ,39 ,98 ,113 ,102 ,127 ,33 ,0
전라북도 순창군 (4577000000),26823 ,26823 ,1152 ,2110 ,1915 ,1654 ,2984 ,4418 ,5335 ,3723 ,3076 ,441 ,15 ,13169 ,13169 ,583 ,1098 ,1083 ,828 ,1620 ,2448 ,2814 ,1622 ,958 ,114 ,1 ,13654 ,13654 ,569 ,1012 ,832 ,826 ,1364 ,1970 ,2521 ,2101 ,2118 ,327 ,14
전라북도 순창군 순창읍(4577025000),10225 ,10225 ,730 ,1311 ,1063 ,845 ,1583 ,1657 ,1429 ,937 ,577 ,91 ,2 ,4975 ,4975 ,380 ,671 ,588 ,393 ,760 ,901 ,700 ,372 ,190 ,20 ,0 ,5250 ,5250 ,350 ,640 ,475 ,452 ,823 ,756 ,729 ,565 ,387 ,71 ,2
전라북도 순창군 인계면(4577031000),1455 ,1455 ,31 ,70 ,88 ,80 ,114 ,263 ,345 ,212 ,220 ,29 ,3 ,709 ,709 ,11 ,39 ,49 ,37 ,72 ,142 ,189 ,102 ,63 ,5 ,0 ,746 ,746 ,20 ,31 ,39 ,43 ,42 ,121 ,156 ,110 ,157 ,24 ,3
전라북도 순창군 동계면(4577032000),1927 ,1927 ,39 ,94 ,83 ,78 ,174 ,321 ,430 ,350 ,314 ,40 ,4 ,944 ,944 ,19 ,49 ,47 ,41 ,107 ,178 ,250 ,150 ,95 ,8 ,0 ,983 ,983 ,20 ,45 ,36 ,37 ,67 ,143 ,180 ,200 ,219 ,32 ,4
전라북도 순창군 풍산면(4577033000),1636 ,1636 ,44 ,83 ,90 ,77 ,183 ,231 ,335 ,299 ,250 ,44 ,0 ,817 ,817 ,21 ,43 ,56 ,47 ,113 ,136 ,173 ,137 ,82 ,9 ,0 ,819 ,819 ,23 ,40 ,34 ,30 ,70 ,95 ,162 ,162 ,168 ,35 ,0
전라북도 순창군 금과면(4577034000),1724 ,1724 ,34 ,51 ,107 ,95 ,118 ,305 ,466 ,258 ,248 ,40 ,2 ,872 ,872 ,20 ,28 ,63 ,55 ,79 ,159 ,272 ,117 ,68 ,10 ,1 ,852 ,852 ,14 ,23 ,44 ,40 ,39 ,146 ,194 ,141 ,180 ,30 ,1
전라북도 순창군 팔덕면(4577035000),1371 ,1371 ,36 ,68 ,54 ,89 ,115 ,220 ,329 ,209 ,224 ,26 ,1 ,698 ,698 ,17 ,39 ,33 ,52 ,67 ,137 ,177 ,97 ,73 ,6 ,0 ,673 ,673 ,19 ,29 ,21 ,37 ,48 ,83 ,152 ,112 ,151 ,20 ,1
전라북도 순창군 쌍치면(4577036000),1892 ,1892 ,50 ,108 ,103 ,84 ,148 ,338 ,494 ,295 ,240 ,31 ,1 ,951 ,951 ,23 ,64 ,62 ,41 ,95 ,163 ,279 ,140 ,75 ,9 ,0 ,941 ,941 ,27 ,44 ,41 ,43 ,53 ,175 ,215 ,155 ,165 ,22 ,1
전라북도 순창군 복흥면(4577037000),2061 ,2061 ,76 ,142 ,95 ,91 ,172 ,365 ,494 ,339 ,249 ,38 ,0 ,988 ,988 ,35 ,68 ,59 ,44 ,91 ,207 ,250 ,147 ,77 ,10 ,0 ,1073 ,1073 ,41 ,74 ,36 ,47 ,81 ,158 ,244 ,192 ,172 ,28 ,0
전라북도 순창군 적성면(4577038000),1229 ,1229 ,36 ,36 ,65 ,59 ,103 ,195 ,278 ,209 ,218 ,29 ,1 ,595 ,595 ,12 ,19 ,41 ,35 ,60 ,115 ,148 ,89 ,66 ,10 ,0 ,634 ,634 ,24 ,17 ,24 ,24 ,43 ,80 ,130 ,120 ,152 ,19 ,1
전라북도 순창군 유등면(4577039000),1049 ,1049 ,31 ,43 ,54 ,54 ,95 ,153 ,222 ,201 ,166 ,29 ,1 ,517 ,517 ,21 ,24 ,28 ,23 ,61 ,96 ,116 ,88 ,49 ,11 ,0 ,532 ,532 ,10 ,19 ,26 ,31 ,34 ,57 ,106 ,113 ,117 ,18 ,1
전라북도 순창군 구림면(4577040000),2254 ,2254 ,45 ,104 ,113 ,102 ,179 ,370 ,513 ,414 ,370 ,44 ,0 ,1103 ,1103 ,24 ,54 ,57 ,60 ,115 ,214 ,260 ,183 ,120 ,16 ,0 ,1151 ,1151 ,21 ,50 ,56 ,42 ,64 ,156 ,253 ,231 ,250 ,28 ,0
전라북도 고창군 (4579000000),52144 ,52144 ,2180 ,3848 ,3619 ,3328 ,5443 ,8636 ,10480 ,7671 ,5951 ,953 ,35 ,25945 ,25945 ,1158 ,2124 ,2084 ,1768 ,3050 ,4847 ,5311 ,3493 ,1928 ,180 ,2 ,26199 ,26199 ,1022 ,1724 ,1535 ,1560 ,2393 ,3789 ,5169 ,4178 ,4023 ,773 ,33
전라북도 고창군 고창읍(4579025000),20818 ,20818 ,1541 ,2517 ,2087 ,1884 ,2922 ,3467 ,3191 ,1869 ,1150 ,181 ,9 ,10280 ,10280 ,808 ,1387 ,1175 ,922 ,1431 ,1756 ,1513 ,836 ,409 ,43 ,0 ,10538 ,10538 ,733 ,1130 ,912 ,962 ,1491 ,1711 ,1678 ,1033 ,741 ,138 ,9
전라북도 고창군 고수면(4579031000),2150 ,2150 ,33 ,90 ,107 ,107 ,176 ,342 ,528 ,397 ,312 ,56 ,2 ,1103 ,1103 ,20 ,47 ,75 ,70 ,103 ,217 ,286 ,187 ,93 ,5 ,0 ,1047 ,1047 ,13 ,43 ,32 ,37 ,73 ,125 ,242 ,210 ,219 ,51 ,2
전라북도 고창군 아산면(4579032000),2542 ,2542 ,56 ,86 ,114 ,127 ,207 ,459 ,625 ,436 ,379 ,51 ,2 ,1315 ,1315 ,31 ,54 ,62 ,77 ,139 ,286 ,326 ,204 ,123 ,13 ,0 ,1227 ,1227 ,25 ,32 ,52 ,50 ,68 ,173 ,299 ,232 ,256 ,38 ,2
전라북도 고창군 무장면(4579033000),2615 ,2615 ,62 ,175 ,139 ,113 ,204 ,423 ,557 ,476 ,417 ,46 ,3 ,1299 ,1299 ,36 ,97 ,85 ,62 ,129 ,253 ,282 ,205 ,140 ,10 ,0 ,1316 ,1316 ,26 ,78 ,54 ,51 ,75 ,170 ,275 ,271 ,277 ,36 ,3
전라북도 고창군 공음면(4579034000),2376 ,2376 ,42 ,103 ,104 ,116 ,196 ,372 ,553 ,437 ,389 ,60 ,4 ,1168 ,1168 ,24 ,48 ,64 ,68 ,121 ,221 ,281 ,205 ,124 ,12 ,0 ,1208 ,1208 ,18 ,55 ,40 ,48 ,75 ,151 ,272 ,232 ,265 ,48 ,4
전라북도 고창군 상하면(4579035000),2324 ,2324 ,51 ,123 ,137 ,110 ,213 ,382 ,507 ,425 ,325 ,47 ,4 ,1149 ,1149 ,29 ,74 ,79 ,60 ,136 ,223 ,249 ,206 ,84 ,9 ,0 ,1175 ,1175 ,22 ,49 ,58 ,50 ,77 ,159 ,258 ,219 ,241 ,38 ,4
전라북도 고창군 해리면(4579036000),2572 ,2572 ,56 ,91 ,120 ,89 ,208 ,368 ,631 ,548 ,404 ,54 ,3 ,1270 ,1270 ,34 ,43 ,65 ,49 ,138 ,231 ,309 ,268 ,126 ,7 ,0 ,1302 ,1302 ,22 ,48 ,55 ,40 ,70 ,137 ,322 ,280 ,278 ,47 ,3
전라북도 고창군 성송면(4579037000),1712 ,1712 ,29 ,47 ,67 ,71 ,117 ,289 ,418 ,311 ,302 ,60 ,1 ,865 ,865 ,15 ,27 ,49 ,45 ,70 ,187 ,220 ,150 ,87 ,15 ,0 ,847 ,847 ,14 ,20 ,18 ,26 ,47 ,102 ,198 ,161 ,215 ,45 ,1
전라북도 고창군 대산면(4579038000),3107 ,3107 ,58 ,124 ,144 ,129 ,239 ,520 ,727 ,585 ,504 ,74 ,3 ,1543 ,1543 ,34 ,76 ,85 ,74 ,165 ,284 ,401 ,246 ,162 ,15 ,1 ,1564 ,1564 ,24 ,48 ,59 ,55 ,74 ,236 ,326 ,339 ,342 ,59 ,2
전라북도 고창군 심원면(4579039000),2395 ,2395 ,55 ,108 ,118 ,133 ,191 ,462 ,571 ,392 ,327 ,38 ,0 ,1201 ,1201 ,26 ,57 ,65 ,76 ,130 ,273 ,292 ,169 ,111 ,2 ,0 ,1194 ,1194 ,29 ,51 ,53 ,57 ,61 ,189 ,279 ,223 ,216 ,36 ,0
전라북도 고창군 흥덕면(4579040000),3017 ,3017 ,78 ,140 ,181 ,136 ,253 ,513 ,710 ,501 ,418 ,86 ,1 ,1490 ,1490 ,40 ,72 ,107 ,77 ,155 ,290 ,377 ,225 ,134 ,13 ,0 ,1527 ,1527 ,38 ,68 ,74 ,59 ,98 ,223 ,333 ,276 ,284 ,73 ,1
전라북도 고창군 성내면(4579041000),1886 ,1886 ,32 ,63 ,95 ,92 ,153 ,281 ,446 ,361 ,295 ,68 ,0 ,985 ,985 ,15 ,45 ,60 ,55 ,109 ,166 ,245 ,170 ,104 ,16 ,0 ,901 ,901 ,17 ,18 ,35 ,37 ,44 ,115 ,201 ,191 ,191 ,52 ,0
전라북도 고창군 신림면(4579042000),2122 ,2122 ,37 ,86 ,104 ,107 ,172 ,351 ,467 ,398 ,339 ,61 ,0 ,1040 ,1040 ,18 ,42 ,58 ,58 ,101 ,217 ,245 ,182 ,109 ,10 ,0 ,1082 ,1082 ,19 ,44 ,46 ,49 ,71 ,134 ,222 ,216 ,230 ,51 ,0
전라북도 고창군 부안면(4579043000),2508 ,2508 ,50 ,95 ,102 ,114 ,192 ,407 ,549 ,535 ,390 ,71 ,3 ,1237 ,1237 ,28 ,55 ,55 ,75 ,123 ,243 ,285 ,240 ,122 ,10 ,1 ,1271 ,1271 ,22 ,40 ,47 ,39 ,69 ,164 ,264 ,295 ,268 ,61 ,2
전라북도 부안군 (4580000000),50020 ,50020 ,2078 ,3386 ,3710 ,3353 ,5613 ,8359 ,10259 ,7361 ,5157 ,729 ,15 ,24879 ,24879 ,1081 ,1768 ,2126 ,1802 ,3092 ,4620 ,5201 ,3338 ,1716 ,134 ,1 ,25141 ,25141 ,997 ,1618 ,1584 ,1551 ,2521 ,3739 ,5058 ,4023 ,3441 ,595 ,14
전라북도 부안군 부안읍(4580025000),20816 ,20816 ,1403 ,2239 ,2124 ,1852 ,3003 ,3500 ,3280 ,2023 ,1244 ,144 ,4 ,10140 ,10140 ,717 ,1163 ,1163 ,922 ,1447 ,1754 ,1592 ,911 ,443 ,28 ,0 ,10676 ,10676 ,686 ,1076 ,961 ,930 ,1556 ,1746 ,1688 ,1112 ,801 ,116 ,4
전라북도 부안군 주산면(4580031000),1783 ,1783 ,31 ,48 ,96 ,86 ,128 ,261 ,455 ,328 ,302 ,47 ,1 ,884 ,884 ,15 ,28 ,64 ,50 ,83 ,153 ,227 ,162 ,93 ,9 ,0 ,899 ,899 ,16 ,20 ,32 ,36 ,45 ,108 ,228 ,166 ,209 ,38 ,1
전라북도 부안군 동진면(4580032000),2677 ,2677 ,52 ,84 ,154 ,136 ,202 ,449 ,600 ,498 ,433 ,69 ,0 ,1356 ,1356 ,31 ,41 ,91 ,82 ,130 ,272 ,335 ,217 ,139 ,18 ,0 ,1321 ,1321 ,21 ,43 ,63 ,54 ,72 ,177 ,265 ,281 ,294 ,51 ,0
전라북도 부안군 행안면(4580033000),2099 ,2099 ,59 ,104 ,106 ,150 ,194 ,363 ,503 ,312 ,255 ,53 ,0 ,1093 ,1093 ,20 ,58 ,67 ,86 ,132 ,220 ,280 ,138 ,86 ,6 ,0 ,1006 ,1006 ,39 ,46 ,39 ,64 ,62 ,143 ,223 ,174 ,169 ,47 ,0
전라북도 부안군 계화면(4580034000),3182 ,3182 ,79 ,136 ,150 ,169 ,329 ,450 ,742 ,673 ,412 ,41 ,1 ,1601 ,1601 ,40 ,67 ,80 ,106 ,211 ,281 ,364 ,293 ,150 ,9 ,0 ,1581 ,1581 ,39 ,69 ,70 ,63 ,118 ,169 ,378 ,380 ,262 ,32 ,1
전라북도 부안군 보안면(4580035000),2317 ,2317 ,37 ,77 ,94 ,88 ,167 ,381 ,587 ,460 ,376 ,49 ,1 ,1159 ,1159 ,19 ,42 ,57 ,51 ,119 ,208 ,314 ,214 ,122 ,12 ,1 ,1158 ,1158 ,18 ,35 ,37 ,37 ,48 ,173 ,273 ,246 ,254 ,37 ,0
전라북도 부안군 변산면(4580036000),4251 ,4251 ,136 ,254 ,272 ,280 ,493 ,797 ,983 ,612 ,371 ,53 ,0 ,2175 ,2175 ,71 ,131 ,166 ,168 ,296 ,454 ,474 ,286 ,124 ,5 ,0 ,2076 ,2076 ,65 ,123 ,106 ,112 ,197 ,343 ,509 ,326 ,247 ,48 ,0
전라북도 부안군 진서면(4580037000),2261 ,2261 ,59 ,85 ,138 ,110 ,209 ,381 ,613 ,398 ,239 ,26 ,3 ,1166 ,1166 ,37 ,48 ,96 ,57 ,118 ,222 ,301 ,207 ,75 ,5 ,0 ,1095 ,1095 ,22 ,37 ,42 ,53 ,91 ,159 ,312 ,191 ,164 ,21 ,3
전라북도 부안군 백산면(4580038000),2397 ,2397 ,30 ,71 ,129 ,100 ,184 ,370 ,551 ,490 ,399 ,73 ,0 ,1188 ,1188 ,18 ,41 ,74 ,65 ,129 ,221 ,289 ,210 ,128 ,13 ,0 ,1209 ,1209 ,12 ,30 ,55 ,35 ,55 ,149 ,262 ,280 ,271 ,60 ,0
전라북도 부안군 상서면(4580039000),2108 ,2108 ,53 ,72 ,122 ,101 ,149 ,385 ,489 ,381 ,314 ,42 ,0 ,1044 ,1044 ,31 ,36 ,66 ,63 ,89 ,226 ,273 ,161 ,92 ,7 ,0 ,1064 ,1064 ,22 ,36 ,56 ,38 ,60 ,159 ,216 ,220 ,222 ,35 ,0
전라북도 부안군 하서면(4580040000),2549 ,2549 ,47 ,97 ,138 ,125 ,225 ,414 ,577 ,489 ,384 ,49 ,4 ,1251 ,1251 ,33 ,51 ,83 ,65 ,126 ,253 ,295 ,215 ,117 ,13 ,0 ,1298 ,1298 ,14 ,46 ,55 ,60 ,99 ,161 ,282 ,274 ,267 ,36 ,4
전라북도 부안군 줄포면(4580041000),2460 ,2460 ,66 ,93 ,132 ,106 ,217 ,408 ,604 ,479 ,297 ,58 ,0 ,1220 ,1220 ,40 ,50 ,86 ,58 ,130 ,231 ,305 ,212 ,101 ,7 ,0 ,1240 ,1240 ,26 ,43 ,46 ,48 ,87 ,177 ,299 ,267 ,196 ,51 ,0
전라북도 부안군 위도면(4580042000),1120 ,1120 ,26 ,26 ,55 ,50 ,113 ,200 ,275 ,218 ,131 ,25 ,1 ,602 ,602 ,9 ,12 ,33 ,29 ,82 ,125 ,152 ,112 ,46 ,2 ,0 ,518 ,518 ,17 ,14 ,22 ,21 ,31 ,75 ,123 ,106 ,85 ,23 ,1
전라남도  (4600000000),1813439 ,1813439 ,112226 ,160292 ,182524 ,171045 ,245776 ,310603 ,299433 ,187687 ,124433 ,18835 ,585 ,913624 ,913624 ,57400 ,82683 ,102164 ,89848 ,130762 ,167436 ,153138 ,85740 ,40604 ,3786 ,63 ,899815 ,899815 ,54826 ,77609 ,80360 ,81197 ,115014 ,143167 ,146295 ,101947 ,83829 ,15049 ,522
전라남도 목포시 (4611000000),215591 ,215591 ,14329 ,23491 ,24960 ,22069 ,35246 ,36575 ,30998 ,18240 ,8564 ,1085 ,34 ,107182 ,107182 ,7418 ,12012 ,13562 ,11226 ,18184 ,18657 ,14736 ,8115 ,3031 ,238 ,3 ,108409 ,108409 ,6911 ,11479 ,11398 ,10843 ,17062 ,17918 ,16262 ,10125 ,5533 ,847 ,31
전라남도 목포시 용당1동(4611051000),9874 ,9874 ,388 ,629 ,855 ,803 ,1262 ,1647 ,1977 ,1550 ,671 ,87 ,5 ,4911 ,4911 ,204 ,320 ,463 ,448 ,726 ,874 ,903 ,688 ,264 ,21 ,0 ,4963 ,4963 ,184 ,309 ,392 ,355 ,536 ,773 ,1074 ,862 ,407 ,66 ,5
전라남도 목포시 용당2동(4611052000),4766 ,4766 ,157 ,265 ,425 ,349 ,571 ,822 ,1022 ,778 ,335 ,41 ,1 ,2418 ,2418 ,84 ,138 ,250 ,186 ,340 ,456 ,474 ,356 ,129 ,5 ,0 ,2348 ,2348 ,73 ,127 ,175 ,163 ,231 ,366 ,548 ,422 ,206 ,36 ,1
전라남도 목포시 연동(4611053500),4233 ,4233 ,104 ,259 ,348 ,265 ,521 ,730 ,837 ,733 ,388 ,46 ,2 ,2135 ,2135 ,53 ,130 ,193 ,159 ,323 ,428 ,414 ,304 ,122 ,8 ,1 ,2098 ,2098 ,51 ,129 ,155 ,106 ,198 ,302 ,423 ,429 ,266 ,38 ,1
전라남도 목포시 산정동(4611054500),9179 ,9179 ,557 ,1047 ,980 ,910 ,1394 ,1599 ,1419 ,828 ,399 ,45 ,1 ,4467 ,4467 ,272 ,550 ,508 ,473 ,699 ,794 ,650 ,375 ,132 ,14 ,0 ,4712 ,4712 ,285 ,497 ,472 ,437 ,695 ,805 ,769 ,453 ,267 ,31 ,1
전라남도 목포시 연산동(4611055400),10448 ,10448 ,1322 ,1368 ,1130 ,1578 ,2054 ,1372 ,952 ,450 ,188 ,34 ,0 ,5148 ,5148 ,690 ,705 ,598 ,734 ,1036 ,669 ,433 ,211 ,67 ,5 ,0 ,5300 ,5300 ,632 ,663 ,532 ,844 ,1018 ,703 ,519 ,239 ,121 ,29 ,0
전라남도 목포시 원산동(4611055800),12175 ,12175 ,719 ,1333 ,1517 ,1160 ,1915 ,2299 ,1781 ,943 ,457 ,51 ,0 ,5984 ,5984 ,363 ,680 ,868 ,600 ,978 ,1158 ,812 ,394 ,117 ,14 ,0 ,6191 ,6191 ,356 ,653 ,649 ,560 ,937 ,1141 ,969 ,549 ,340 ,37 ,0
전라남도 목포시 대성동(4611056500),4816 ,4816 ,394 ,451 ,470 ,574 ,792 ,743 ,718 ,424 ,225 ,25 ,0 ,2396 ,2396 ,209 ,243 ,236 ,284 ,422 ,378 ,348 ,189 ,82 ,5 ,0 ,2420 ,2420 ,185 ,208 ,234 ,290 ,370 ,365 ,370 ,235 ,143 ,20 ,0
전라남도 목포시 목원동(4611059500),6874 ,6874 ,165 ,351 ,534 ,493 ,823 ,1186 ,1434 ,1186 ,619 ,77 ,6 ,3476 ,3476 ,82 ,184 ,300 ,276 ,477 ,662 ,711 ,540 ,227 ,16 ,1 ,3398 ,3398 ,83 ,167 ,234 ,217 ,346 ,524 ,723 ,646 ,392 ,61 ,5
전라남도 목포시 동명동(4611064000),4927 ,4927 ,142 ,260 ,406 ,343 ,614 ,806 ,964 ,944 ,403 ,43 ,2 ,2563 ,2563 ,73 ,142 ,234 ,201 ,385 ,479 ,445 ,420 ,167 ,16 ,1 ,2364 ,2364 ,69 ,118 ,172 ,142 ,229 ,327 ,519 ,524 ,236 ,27 ,1
전라남도 목포시 삼학동(4611064500),5779 ,5779 ,326 ,595 ,575 ,498 ,894 ,898 ,996 ,700 ,271 ,26 ,0 ,2814 ,2814 ,168 ,289 ,295 ,253 ,477 ,461 ,439 ,318 ,108 ,6 ,0 ,2965 ,2965 ,158 ,306 ,280 ,245 ,417 ,437 ,557 ,382 ,163 ,20 ,0
전라남도 목포시 만호동(4611065500),2528 ,2528 ,41 ,99 ,151 ,126 ,315 ,460 ,582 ,494 ,235 ,23 ,2 ,1332 ,1332 ,22 ,51 ,93 ,73 ,203 ,276 ,293 ,220 ,98 ,3 ,0 ,1196 ,1196 ,19 ,48 ,58 ,53 ,112 ,184 ,289 ,274 ,137 ,20 ,2
전라남도 목포시 유달동(4611066000),3933 ,3933 ,99 ,207 ,327 ,282 ,471 ,672 ,798 ,657 ,382 ,36 ,2 ,2100 ,2100 ,63 ,112 ,206 ,162 ,321 ,425 ,416 ,269 ,122 ,4 ,0 ,1833 ,1833 ,36 ,95 ,121 ,120 ,150 ,247 ,382 ,388 ,260 ,32 ,2
전라남도 목포시 죽교동(4611069500),2898 ,2898 ,95 ,204 ,260 ,205 ,380 ,461 ,573 ,445 ,246 ,29 ,0 ,1496 ,1496 ,49 ,92 ,145 ,123 ,240 ,275 ,295 ,187 ,86 ,4 ,0 ,1402 ,1402 ,46 ,112 ,115 ,82 ,140 ,186 ,278 ,258 ,160 ,25 ,0
전라남도 목포시 북항동(4611070500),8826 ,8826 ,503 ,920 ,1004 ,805 ,1373 ,1503 ,1479 ,803 ,395 ,40 ,1 ,4416 ,4416 ,269 ,460 ,571 ,428 ,736 ,752 ,682 ,361 ,148 ,9 ,0 ,4410 ,4410 ,234 ,460 ,433 ,377 ,637 ,751 ,797 ,442 ,247 ,31 ,1
전라남도 목포시 용해동(4611074500),16610 ,16610 ,1252 ,2363 ,1917 ,1659 ,3082 ,2605 ,1983 ,1122 ,539 ,87 ,1 ,8157 ,8157 ,646 ,1211 ,1035 ,818 ,1526 ,1312 ,925 ,468 ,192 ,24 ,0 ,8453 ,8453 ,606 ,1152 ,882 ,841 ,1556 ,1293 ,1058 ,654 ,347 ,63 ,1
전라남도 목포시 이로동(4611075000),10455 ,10455 ,785 ,1396 ,1101 ,1008 ,1804 ,1560 ,1508 ,846 ,391 ,54 ,2 ,5137 ,5137 ,411 ,719 ,608 ,508 ,900 ,742 ,686 ,389 ,161 ,13 ,0 ,5318 ,5318 ,374 ,677 ,493 ,500 ,904 ,818 ,822 ,457 ,230 ,41 ,2
전라남도 목포시 상동(4611075600),21388 ,21388 ,1671 ,2272 ,2380 ,2372 ,3501 ,3651 ,3078 ,1635 ,710 ,113 ,5 ,10471 ,10471 ,901 ,1171 ,1283 ,1205 ,1730 ,1748 ,1454 ,746 ,212 ,21 ,0 ,10917 ,10917 ,770 ,1101 ,1097 ,1167 ,1771 ,1903 ,1624 ,889 ,498 ,92 ,5
전라남도 목포시 하당동(4611075700),13041 ,13041 ,768 ,1244 ,2301 ,1695 ,2219 ,2315 ,1530 ,626 ,305 ,36 ,2 ,6744 ,6744 ,416 ,630 ,1159 ,934 ,1162 ,1263 ,781 ,299 ,90 ,10 ,0 ,6297 ,6297 ,352 ,614 ,1142 ,761 ,1057 ,1052 ,749 ,327 ,215 ,26 ,2
전라남도 목포시 신흥동(4611075800),16152 ,16152 ,996 ,1805 ,2312 ,1780 ,2524 ,3094 ,2254 ,882 ,449 ,55 ,1 ,8007 ,8007 ,503 ,913 ,1293 ,895 ,1256 ,1440 ,1126 ,412 ,155 ,14 ,0 ,8145 ,8145 ,493 ,892 ,1019 ,885 ,1268 ,1654 ,1128 ,470 ,294 ,41 ,1
전라남도 목포시 삼향동(4611078000),4553 ,4553 ,283 ,461 ,500 ,455 ,764 ,752 ,721 ,406 ,181 ,30 ,0 ,2288 ,2288 ,141 ,241 ,284 ,231 ,395 ,384 ,354 ,189 ,68 ,1 ,0 ,2265 ,2265 ,142 ,220 ,216 ,224 ,369 ,368 ,367 ,217 ,113 ,29 ,0
전라남도 목포시 옥암동(4611079000),11106 ,11106 ,890 ,1558 ,1388 ,1272 ,1984 ,1911 ,1239 ,568 ,262 ,34 ,0 ,5323 ,5323 ,441 ,768 ,710 ,591 ,915 ,940 ,573 ,255 ,118 ,12 ,0 ,5783 ,5783 ,449 ,790 ,678 ,681 ,1069 ,971 ,666 ,313 ,144 ,22 ,0
전라남도 목포시 부흥동(4611080000),8284 ,8284 ,516 ,806 ,1167 ,943 ,1366 ,1586 ,1114 ,492 ,262 ,31 ,1 ,4008 ,4008 ,256 ,411 ,627 ,469 ,705 ,748 ,495 ,203 ,85 ,9 ,0 ,4276 ,4276 ,260 ,395 ,540 ,474 ,661 ,838 ,619 ,289 ,177 ,22 ,1
전라남도 목포시 부주동(4611081000),22746 ,22746 ,2156 ,3598 ,2912 ,2494 ,4623 ,3903 ,2039 ,728 ,251 ,42 ,0 ,11391 ,11391 ,1102 ,1852 ,1603 ,1175 ,2232 ,1993 ,1027 ,322 ,81 ,4 ,0 ,11355 ,11355 ,1054 ,1746 ,1309 ,1319 ,2391 ,1910 ,1012 ,406 ,170 ,38 ,0
전라남도 여수시 (4613000000),273659 ,273659 ,17917 ,25018 ,30734 ,28574 ,39500 ,47620 ,44093 ,25593 ,12663 ,1890 ,57 ,139340 ,139340 ,9174 ,12824 ,17363 ,15461 ,20727 ,25091 ,21872 ,12026 ,4438 ,358 ,6 ,134319 ,134319 ,8743 ,12194 ,13371 ,13113 ,18773 ,22529 ,22221 ,13567 ,8225 ,1532 ,51
전라남도 여수시 돌산읍(4613025000),2499 ,2499 ,41 ,68 ,139 ,113 ,186 ,404 ,615 ,528 ,354 ,49 ,2 ,1278 ,1278 ,23 ,33 ,79 ,69 ,138 ,236 ,329 ,232 ,125 ,14 ,0 ,1221 ,1221 ,18 ,35 ,60 ,44 ,48 ,168 ,286 ,296 ,229 ,35 ,2
전라남도 여수시 돌산읍우두출장소(4613025100),8311 ,8311 ,404 ,669 ,669 ,679 ,1163 ,1415 ,1617 ,1061 ,546 ,87 ,1 ,4335 ,4335 ,208 ,349 ,383 ,390 ,655 ,814 ,788 ,517 ,209 ,22 ,0 ,3976 ,3976 ,196 ,320 ,286 ,289 ,508 ,601 ,829 ,544 ,337 ,65 ,1
전라남도 여수시 돌산읍죽포출장소(4613025200),1871 ,1871 ,35 ,48 ,131 ,64 ,126 ,301 ,476 ,393 ,242 ,52 ,3 ,914 ,914 ,18 ,23 ,76 ,38 ,79 ,164 ,237 ,195 ,75 ,9 ,0 ,957 ,957 ,17 ,25 ,55 ,26 ,47 ,137 ,239 ,198 ,167 ,43 ,3
전라남도 여수시 소라면(4613031000),22064 ,22064 ,2036 ,2249 ,2305 ,2667 ,3458 ,3826 ,3093 ,1429 ,860 ,131 ,10 ,11261 ,11261 ,1053 ,1153 ,1296 ,1339 ,1816 ,1961 ,1655 ,685 ,275 ,27 ,1 ,10803 ,10803 ,983 ,1096 ,1009 ,1328 ,1642 ,1865 ,1438 ,744 ,585 ,104 ,9
전라남도 여수시 율촌면(4613032000),5967 ,5967 ,185 ,309 ,380 ,369 ,671 ,943 ,1302 ,986 ,687 ,132 ,3 ,3077 ,3077 ,97 ,159 ,227 ,208 ,420 ,584 ,665 ,458 ,236 ,22 ,1 ,2890 ,2890 ,88 ,150 ,153 ,161 ,251 ,359 ,637 ,528 ,451 ,110 ,2
전라남도 여수시 화양면(4613033000),6274 ,6274 ,122 ,243 ,475 ,315 ,524 ,1150 ,1468 ,1094 ,745 ,137 ,1 ,3236 ,3236 ,71 ,133 ,284 ,177 ,320 ,666 ,838 ,495 ,224 ,28 ,0 ,3038 ,3038 ,51 ,110 ,191 ,138 ,204 ,484 ,630 ,599 ,521 ,109 ,1
전라남도 여수시 남면(4613034000),2717 ,2717 ,49 ,115 ,115 ,101 ,212 ,412 ,685 ,591 ,379 ,56 ,2 ,1392 ,1392 ,26 ,64 ,72 ,65 ,137 ,259 ,370 ,273 ,117 ,9 ,0 ,1325 ,1325 ,23 ,51 ,43 ,36 ,75 ,153 ,315 ,318 ,262 ,47 ,2
전라남도 여수시 화정면(4613035000),1321 ,1321 ,12 ,24 ,51 ,49 ,87 ,183 ,326 ,295 ,247 ,46 ,1 ,665 ,665 ,4 ,14 ,24 ,34 ,65 ,105 ,190 ,138 ,80 ,11 ,0 ,656 ,656 ,8 ,10 ,27 ,15 ,22 ,78 ,136 ,157 ,167 ,35 ,1
전라남도 여수시 화정면개도출장소(4613035600),774 ,774 ,10 ,34 ,37 ,22 ,57 ,139 ,178 ,168 ,112 ,17 ,0 ,392 ,392 ,6 ,19 ,19 ,12 ,35 ,85 ,96 ,79 ,38 ,3 ,0 ,382 ,382 ,4 ,15 ,18 ,10 ,22 ,54 ,82 ,89 ,74 ,14 ,0
전라남도 여수시 삼산면(4613036000),2021 ,2021 ,44 ,87 ,116 ,110 ,222 ,406 ,518 ,319 ,174 ,23 ,2 ,1142 ,1142 ,21 ,50 ,72 ,69 ,148 ,258 ,283 ,170 ,65 ,5 ,1 ,879 ,879 ,23 ,37 ,44 ,41 ,74 ,148 ,235 ,149 ,109 ,18 ,1
전라남도 여수시 동문동(4613051500),4343 ,4343 ,162 ,295 ,361 ,383 ,523 ,617 ,890 ,765 ,294 ,53 ,0 ,2191 ,2191 ,84 ,153 ,211 ,210 ,314 ,339 ,413 ,349 ,110 ,8 ,0 ,2152 ,2152 ,78 ,142 ,150 ,173 ,209 ,278 ,477 ,416 ,184 ,45 ,0
전라남도 여수시 한려동(4613053500),2815 ,2815 ,72 ,159 ,289 ,250 ,304 ,435 ,522 ,522 ,238 ,23 ,1 ,1399 ,1399 ,31 ,80 ,145 ,150 ,184 ,248 ,232 ,230 ,90 ,9 ,0 ,1416 ,1416 ,41 ,79 ,144 ,100 ,120 ,187 ,290 ,292 ,148 ,14 ,1
전라남도 여수시 중앙동(4613057000),4012 ,4012 ,112 ,231 ,316 ,282 ,482 ,647 ,889 ,729 ,293 ,31 ,0 ,2001 ,2001 ,60 ,120 ,188 ,153 ,292 ,349 ,394 ,320 ,115 ,10 ,0 ,2011 ,2011 ,52 ,111 ,128 ,129 ,190 ,298 ,495 ,409 ,178 ,21 ,0
전라남도 여수시 충무동(4613060000),3597 ,3597 ,65 ,172 ,276 ,247 ,348 ,601 ,770 ,720 ,355 ,41 ,2 ,1840 ,1840 ,37 ,83 ,157 ,149 ,219 ,353 ,371 ,325 ,136 ,10 ,0 ,1757 ,1757 ,28 ,89 ,119 ,98 ,129 ,248 ,399 ,395 ,219 ,31 ,2
전라남도 여수시 광림동(4613062500),5680 ,5680 ,145 ,280 ,529 ,462 ,650 ,946 ,1257 ,956 ,403 ,52 ,0 ,2973 ,2973 ,89 ,163 ,322 ,277 ,390 ,527 ,596 ,441 ,156 ,12 ,0 ,2707 ,2707 ,56 ,117 ,207 ,185 ,260 ,419 ,661 ,515 ,247 ,40 ,0
전라남도 여수시 서강동(4613063500),3326 ,3326 ,103 ,167 ,319 ,247 ,379 ,496 ,751 ,562 ,256 ,46 ,0 ,1646 ,1646 ,54 ,74 ,171 ,148 ,219 ,263 ,324 ,273 ,112 ,8 ,0 ,1680 ,1680 ,49 ,93 ,148 ,99 ,160 ,233 ,427 ,289 ,144 ,38 ,0
전라남도 여수시 대교동(4613065500),4909 ,4909 ,140 ,208 ,382 ,363 ,509 ,762 ,1107 ,936 ,445 ,56 ,1 ,2469 ,2469 ,73 ,96 ,221 ,191 ,318 ,452 ,510 ,414 ,186 ,8 ,0 ,2440 ,2440 ,67 ,112 ,161 ,172 ,191 ,310 ,597 ,522 ,259 ,48 ,1
전라남도 여수시 국동(4613067000),10634 ,10634 ,504 ,848 ,995 ,954 ,1384 ,1785 ,2150 ,1375 ,580 ,56 ,3 ,5331 ,5331 ,253 ,440 ,568 ,564 ,743 ,888 ,977 ,653 ,233 ,12 ,0 ,5303 ,5303 ,251 ,408 ,427 ,390 ,641 ,897 ,1173 ,722 ,347 ,44 ,3
전라남도 여수시 월호동(4613068500),7203 ,7203 ,456 ,632 ,676 ,679 ,994 ,1111 ,1444 ,844 ,335 ,30 ,2 ,3581 ,3581 ,232 ,313 ,376 ,346 ,519 ,551 ,705 ,399 ,134 ,6 ,0 ,3622 ,3622 ,224 ,319 ,300 ,333 ,475 ,560 ,739 ,445 ,201 ,24 ,2
전라남도 여수시 여서동(4613070000),16938 ,16938 ,820 ,1532 ,2112 ,1614 ,2328 ,3009 ,3168 ,1523 ,724 ,105 ,3 ,8287 ,8287 ,382 ,787 ,1184 ,881 ,1184 ,1434 ,1465 ,704 ,252 ,14 ,0 ,8651 ,8651 ,438 ,745 ,928 ,733 ,1144 ,1575 ,1703 ,819 ,472 ,91 ,3
전라남도 여수시 문수동(4613071000),19721 ,19721 ,1422 ,2092 ,2275 ,2092 ,3145 ,3393 ,2904 ,1599 ,695 ,102 ,2 ,9910 ,9910 ,741 ,1060 ,1233 ,1099 ,1593 ,1742 ,1423 ,774 ,231 ,14 ,0 ,9811 ,9811 ,681 ,1032 ,1042 ,993 ,1552 ,1651 ,1481 ,825 ,464 ,88 ,2
전라남도 여수시 미평동(4613073000),10946 ,10946 ,479 ,935 ,1637 ,974 ,1482 ,2142 ,1816 ,974 ,454 ,50 ,3 ,5878 ,5878 ,247 ,489 ,1010 ,572 ,828 ,1162 ,956 ,458 ,147 ,9 ,0 ,5068 ,5068 ,232 ,446 ,627 ,402 ,654 ,980 ,860 ,516 ,307 ,41 ,3
전라남도 여수시 둔덕동(4613074000),9783 ,9783 ,565 ,1073 ,1305 ,960 ,1433 ,1953 ,1526 ,705 ,237 ,26 ,0 ,4933 ,4933 ,280 ,551 ,729 ,539 ,681 ,990 ,742 ,337 ,78 ,6 ,0 ,4850 ,4850 ,285 ,522 ,576 ,421 ,752 ,963 ,784 ,368 ,159 ,20 ,0
전라남도 여수시 만덕동(4613076500),10212 ,10212 ,892 ,974 ,1012 ,1142 ,1590 ,1477 ,1626 ,980 ,455 ,60 ,4 ,5143 ,5143 ,439 ,506 ,546 ,608 ,847 ,760 ,770 ,478 ,177 ,12 ,0 ,5069 ,5069 ,453 ,468 ,466 ,534 ,743 ,717 ,856 ,502 ,278 ,48 ,4
전라남도 여수시 쌍봉동(4613078000),31981 ,31981 ,2302 ,3559 ,4727 ,3844 ,5042 ,6083 ,3971 ,1662 ,684 ,104 ,3 ,16305 ,16305 ,1172 ,1784 ,2667 ,2063 ,2438 ,3114 ,2001 ,796 ,254 ,16 ,0 ,15676 ,15676 ,1130 ,1775 ,2060 ,1781 ,2604 ,2969 ,1970 ,866 ,430 ,88 ,3
전라남도 여수시 시전동(4613079000),42479 ,42479 ,5022 ,5079 ,5039 ,6314 ,7498 ,6950 ,4253 ,1560 ,641 ,120 ,3 ,21265 ,21265 ,2593 ,2649 ,2680 ,3139 ,3622 ,3505 ,2102 ,761 ,193 ,21 ,0 ,21214 ,21214 ,2429 ,2430 ,2359 ,3175 ,3876 ,3445 ,2151 ,799 ,448 ,99 ,3
전라남도 여수시 여천동(4613080000),20104 ,20104 ,879 ,1715 ,2868 ,2138 ,2862 ,4177 ,3305 ,1375 ,670 ,110 ,5 ,10681 ,10681 ,454 ,852 ,1724 ,1343 ,1566 ,2186 ,1683 ,647 ,205 ,18 ,3 ,9423 ,9423 ,425 ,863 ,1144 ,795 ,1296 ,1991 ,1622 ,728 ,465 ,92 ,2
전라남도 여수시 주삼동(4613081000),7870 ,7870 ,779 ,1072 ,876 ,944 ,1548 ,1192 ,752 ,463 ,210 ,34 ,0 ,4039 ,4039 ,395 ,555 ,491 ,500 ,763 ,681 ,363 ,211 ,74 ,6 ,0 ,3831 ,3831 ,384 ,517 ,385 ,444 ,785 ,511 ,389 ,252 ,136 ,28 ,0
전라남도 여수시 삼일동(4613082000),2153 ,2153 ,47 ,94 ,220 ,144 ,200 ,431 ,485 ,297 ,203 ,32 ,0 ,1183 ,1183 ,26 ,48 ,151 ,91 ,129 ,262 ,270 ,139 ,62 ,5 ,0 ,970 ,970 ,21 ,46 ,69 ,53 ,71 ,169 ,215 ,158 ,141 ,27 ,0
전라남도 여수시 묘도동(4613083000),1134 ,1134 ,13 ,55 ,102 ,52 ,93 ,234 ,229 ,182 ,145 ,29 ,0 ,593 ,593 ,5 ,24 ,57 ,37 ,65 ,153 ,124 ,75 ,49 ,4 ,0 ,541 ,541 ,8 ,31 ,45 ,15 ,28 ,81 ,105 ,107 ,96 ,25 ,0
전라남도 순천시 (4615000000),278709 ,278709 ,20928 ,28785 ,34444 ,32048 ,41164 ,49046 ,39282 ,19516 ,11594 ,1852 ,50 ,139084 ,139084 ,10732 ,14890 ,18856 ,16559 ,20291 ,24592 ,19780 ,9101 ,3894 ,385 ,4 ,139625 ,139625 ,10196 ,13895 ,15588 ,15489 ,20873 ,24454 ,19502 ,10415 ,7700 ,1467 ,46
전라남도 순천시 승주읍(4615025000),2553 ,2553 ,47 ,92 ,144 ,114 ,168 ,424 ,665 ,402 ,439 ,58 ,0 ,1271 ,1271 ,31 ,44 ,84 ,68 ,100 ,261 ,359 ,188 ,122 ,14 ,0 ,1282 ,1282 ,16 ,48 ,60 ,46 ,68 ,163 ,306 ,214 ,317 ,44 ,0
전라남도 순천시 해룡면(4615031000),4295 ,4295 ,94 ,158 ,316 ,233 ,343 ,844 ,978 ,707 ,511 ,110 ,1 ,2217 ,2217 ,49 ,87 ,196 ,146 ,200 ,508 ,522 ,325 ,163 ,21 ,0 ,2078 ,2078 ,45 ,71 ,120 ,87 ,143 ,336 ,456 ,382 ,348 ,89 ,1
전라남도 순천시 해룡면상삼출장소(4615031500),19262 ,19262 ,1400 ,2440 ,3150 ,2432 ,3228 ,3983 ,1755 ,523 ,303 ,46 ,2 ,9534 ,9534 ,713 ,1281 ,1720 ,1237 ,1458 ,1903 ,903 ,218 ,93 ,8 ,0 ,9728 ,9728 ,687 ,1159 ,1430 ,1195 ,1770 ,2080 ,852 ,305 ,210 ,38 ,2
전라남도 순천시 해룡면신대출장소(4615031600),32927 ,32927 ,5300 ,5305 ,3156 ,5801 ,7184 ,3960 ,1578 ,434 ,170 ,39 ,0 ,16739 ,16739 ,2715 ,2779 ,1737 ,2779 ,3532 ,2145 ,797 ,203 ,44 ,8 ,0 ,16188 ,16188 ,2585 ,2526 ,1419 ,3022 ,3652 ,1815 ,781 ,231 ,126 ,31 ,0
전라남도 순천시 서면(4615032000),15368 ,15368 ,1237 ,1325 ,1546 ,2054 ,2153 ,2566 ,2353 ,1260 ,754 ,115 ,5 ,7778 ,7778 ,657 ,698 ,812 ,1083 ,1109 ,1348 ,1245 ,578 ,232 ,16 ,0 ,7590 ,7590 ,580 ,627 ,734 ,971 ,1044 ,1218 ,1108 ,682 ,522 ,99 ,5
전라남도 순천시 황전면(4615033000),2811 ,2811 ,32 ,86 ,118 ,106 ,178 ,422 ,682 ,604 ,501 ,81 ,1 ,1432 ,1432 ,19 ,43 ,73 ,63 ,124 ,264 ,369 ,295 ,165 ,16 ,1 ,1379 ,1379 ,13 ,43 ,45 ,43 ,54 ,158 ,313 ,309 ,336 ,65 ,0
전라남도 순천시 월등면(4615034000),1716 ,1716 ,28 ,45 ,94 ,68 ,111 ,287 ,463 ,317 ,261 ,42 ,0 ,827 ,827 ,13 ,18 ,43 ,36 ,68 ,165 ,258 ,149 ,66 ,11 ,0 ,889 ,889 ,15 ,27 ,51 ,32 ,43 ,122 ,205 ,168 ,195 ,31 ,0
전라남도 순천시 주암면(4615035000),2987 ,2987 ,47 ,97 ,152 ,117 ,180 ,449 ,763 ,562 ,534 ,84 ,2 ,1506 ,1506 ,28 ,54 ,86 ,75 ,126 ,275 ,395 ,269 ,172 ,26 ,0 ,1481 ,1481 ,19 ,43 ,66 ,42 ,54 ,174 ,368 ,293 ,362 ,58 ,2
전라남도 순천시 송광면(4615036000),1438 ,1438 ,7 ,31 ,48 ,57 ,104 ,252 ,350 ,268 ,278 ,43 ,0 ,759 ,759 ,5 ,21 ,26 ,37 ,74 ,160 ,211 ,135 ,82 ,8 ,0 ,679 ,679 ,2 ,10 ,22 ,20 ,30 ,92 ,139 ,133 ,196 ,35 ,0
전라남도 순천시 외서면(4615037000),806 ,806 ,14 ,24 ,38 ,23 ,45 ,125 ,207 ,148 ,151 ,31 ,0 ,403 ,403 ,8 ,14 ,25 ,16 ,27 ,85 ,106 ,81 ,38 ,3 ,0 ,403 ,403 ,6 ,10 ,13 ,7 ,18 ,40 ,101 ,67 ,113 ,28 ,0
전라남도 순천시 낙안면(4615038000),3044 ,3044 ,69 ,134 ,166 ,125 ,193 ,461 ,780 ,585 ,461 ,66 ,4 ,1479 ,1479 ,37 ,69 ,93 ,62 ,120 ,247 ,410 ,276 ,154 ,11 ,0 ,1565 ,1565 ,32 ,65 ,73 ,63 ,73 ,214 ,370 ,309 ,307 ,55 ,4
전라남도 순천시 별량면(4615039000),5369 ,5369 ,110 ,244 ,346 ,253 ,429 ,920 ,1237 ,897 ,792 ,138 ,3 ,2681 ,2681 ,58 ,126 ,195 ,143 ,272 ,518 ,683 ,408 ,248 ,29 ,1 ,2688 ,2688 ,52 ,118 ,151 ,110 ,157 ,402 ,554 ,489 ,544 ,109 ,2
전라남도 순천시 상사면(4615040000),2807 ,2807 ,55 ,127 ,242 ,146 ,227 ,536 ,684 ,399 ,337 ,49 ,5 ,1425 ,1425 ,35 ,74 ,144 ,79 ,126 ,276 ,376 ,194 ,112 ,9 ,0 ,1382 ,1382 ,20 ,53 ,98 ,67 ,101 ,260 ,308 ,205 ,225 ,40 ,5
전라남도 순천시 향동(4615051500),3348 ,3348 ,109 ,232 ,282 ,233 ,362 ,502 ,693 ,572 ,317 ,45 ,1 ,1634 ,1634 ,48 ,121 ,165 ,140 ,195 ,262 ,336 ,264 ,98 ,5 ,0 ,1714 ,1714 ,61 ,111 ,117 ,93 ,167 ,240 ,357 ,308 ,219 ,40 ,1
전라남도 순천시 매곡동(4615054000),6556 ,6556 ,438 ,516 ,1058 ,778 ,803 ,936 ,920 ,663 ,403 ,41 ,0 ,3238 ,3238 ,221 ,276 ,547 ,406 ,406 ,484 ,434 ,293 ,158 ,13 ,0 ,3318 ,3318 ,217 ,240 ,511 ,372 ,397 ,452 ,486 ,370 ,245 ,28 ,0
전라남도 순천시 삼산동(4615055000),26681 ,26681 ,2039 ,2683 ,3863 ,3197 ,3796 ,4473 ,3939 ,1775 ,757 ,157 ,2 ,13140 ,13140 ,1072 ,1330 ,2133 ,1646 ,1832 ,2075 ,1908 ,845 ,262 ,37 ,0 ,13541 ,13541 ,967 ,1353 ,1730 ,1551 ,1964 ,2398 ,2031 ,930 ,495 ,120 ,2
전라남도 순천시 조곡동(4615056000),6851 ,6851 ,448 ,586 ,755 ,817 ,916 ,1197 ,1128 ,617 ,333 ,52 ,2 ,3406 ,3406 ,232 ,297 ,399 ,439 ,445 ,635 ,533 ,278 ,138 ,10 ,0 ,3445 ,3445 ,216 ,289 ,356 ,378 ,471 ,562 ,595 ,339 ,195 ,42 ,2
전라남도 순천시 덕연동(4615057000),41904 ,41904 ,2616 ,4757 ,5862 ,4426 ,6305 ,8311 ,6223 ,2270 ,966 ,165 ,3 ,20830 ,20830 ,1297 ,2471 ,3249 ,2290 ,3036 ,3952 ,3048 ,1112 ,348 ,27 ,0 ,21074 ,21074 ,1319 ,2286 ,2613 ,2136 ,3269 ,4359 ,3175 ,1158 ,618 ,138 ,3
전라남도 순천시 풍덕동(4615058000),7287 ,7287 ,288 ,527 ,811 ,626 ,894 ,1192 ,1435 ,953 ,503 ,58 ,0 ,3621 ,3621 ,156 ,279 ,445 ,332 ,492 ,586 ,691 ,414 ,213 ,13 ,0 ,3666 ,3666 ,132 ,248 ,366 ,294 ,402 ,606 ,744 ,539 ,290 ,45 ,0
전라남도 순천시 남제동(4615059000),8166 ,8166 ,270 ,545 ,891 ,720 ,895 ,1493 ,1656 ,1103 ,529 ,61 ,3 ,4144 ,4144 ,138 ,303 ,519 ,381 ,514 ,778 ,774 ,497 ,224 ,16 ,0 ,4022 ,4022 ,132 ,242 ,372 ,339 ,381 ,715 ,882 ,606 ,305 ,45 ,3
전라남도 순천시 저전동(4615060000),2645 ,2645 ,91 ,163 ,258 ,232 ,275 ,399 ,521 ,433 ,244 ,28 ,1 ,1302 ,1302 ,51 ,82 ,136 ,136 ,150 ,212 ,225 ,196 ,105 ,9 ,0 ,1343 ,1343 ,40 ,81 ,122 ,96 ,125 ,187 ,296 ,237 ,139 ,19 ,1
전라남도 순천시 장천동(4615061000),2045 ,2045 ,40 ,74 ,215 ,161 ,235 ,365 ,487 ,302 ,137 ,26 ,3 ,1094 ,1094 ,19 ,44 ,112 ,97 ,149 ,218 ,248 ,139 ,61 ,6 ,1 ,951 ,951 ,21 ,30 ,103 ,64 ,86 ,147 ,239 ,163 ,76 ,20 ,2
전라남도 순천시 중앙동(4615062000),2768 ,2768 ,76 ,158 ,288 ,288 ,310 ,476 ,574 ,372 ,196 ,30 ,0 ,1413 ,1413 ,37 ,85 ,169 ,164 ,165 ,246 ,279 ,183 ,78 ,7 ,0 ,1355 ,1355 ,39 ,73 ,119 ,124 ,145 ,230 ,295 ,189 ,118 ,23 ,0
전라남도 순천시 도사동(4615063500),17650 ,17650 ,1701 ,1766 ,1875 ,2078 ,2793 ,3046 ,2440 ,1157 ,662 ,126 ,6 ,8858 ,8858 ,866 ,926 ,1043 ,1066 ,1399 ,1547 ,1217 ,557 ,212 ,25 ,0 ,8792 ,8792 ,835 ,840 ,832 ,1012 ,1394 ,1499 ,1223 ,600 ,450 ,101 ,6
전라남도 순천시 왕조1동(4615066100),39385 ,39385 ,3060 ,4461 ,5920 ,4802 ,6146 ,7643 ,4765 ,1647 ,810 ,125 ,6 ,19483 ,19483 ,1577 ,2281 ,3149 ,2519 ,2869 ,3652 ,2418 ,761 ,226 ,30 ,1 ,19902 ,19902 ,1483 ,2180 ,2771 ,2283 ,3277 ,3991 ,2347 ,886 ,584 ,95 ,5
전라남도 순천시 왕조2동(4615066500),18040 ,18040 ,1312 ,2209 ,2850 ,2161 ,2891 ,3784 ,2006 ,546 ,245 ,36 ,0 ,8870 ,8870 ,650 ,1087 ,1556 ,1119 ,1303 ,1790 ,1035 ,243 ,80 ,7 ,0 ,9170 ,9170 ,662 ,1122 ,1294 ,1042 ,1588 ,1994 ,971 ,303 ,165 ,29 ,0
전라남도 나주시 (4617000000),116994 ,116994 ,9146 ,9997 ,11492 ,14074 ,17115 ,17507 ,17883 ,11059 ,7519 ,1171 ,31 ,59072 ,59072 ,4725 ,5120 ,6046 ,7270 ,9328 ,9619 ,9282 ,5037 ,2384 ,255 ,6 ,57922 ,57922 ,4421 ,4877 ,5446 ,6804 ,7787 ,7888 ,8601 ,6022 ,5135 ,916 ,25
전라남도 나주시 남평읍(4617025000),11740 ,11740 ,923 ,845 ,968 ,1348 ,1724 ,1911 ,2099 ,1166 ,649 ,105 ,2 ,5858 ,5858 ,477 ,418 ,534 ,671 ,947 ,992 ,1050 ,541 ,204 ,24 ,0 ,5882 ,5882 ,446 ,427 ,434 ,677 ,777 ,919 ,1049 ,625 ,445 ,81 ,2
전라남도 나주시 세지면(4617031000),2458 ,2458 ,24 ,112 ,168 ,106 ,198 ,406 ,581 ,451 ,352 ,59 ,1 ,1265 ,1265 ,14 ,63 ,100 ,59 ,134 ,246 ,320 ,204 ,111 ,14 ,0 ,1193 ,1193 ,10 ,49 ,68 ,47 ,64 ,160 ,261 ,247 ,241 ,45 ,1
전라남도 나주시 왕곡면(4617032000),2763 ,2763 ,48 ,101 ,216 ,134 ,224 ,497 ,650 ,442 ,389 ,61 ,1 ,1457 ,1457 ,29 ,55 ,130 ,84 ,145 ,318 ,351 ,212 ,123 ,10 ,0 ,1306 ,1306 ,19 ,46 ,86 ,50 ,79 ,179 ,299 ,230 ,266 ,51 ,1
전라남도 나주시 반남면(4617033000),1355 ,1355 ,20 ,31 ,76 ,62 ,104 ,227 ,327 ,243 ,224 ,41 ,0 ,673 ,673 ,12 ,17 ,44 ,43 ,67 ,131 ,180 ,109 ,58 ,12 ,0 ,682 ,682 ,8 ,14 ,32 ,19 ,37 ,96 ,147 ,134 ,166 ,29 ,0
전라남도 나주시 공산면(4617034000),2224 ,2224 ,65 ,121 ,112 ,106 ,191 ,358 ,519 ,388 ,326 ,35 ,3 ,1147 ,1147 ,35 ,67 ,73 ,63 ,117 ,229 ,278 ,178 ,104 ,3 ,0 ,1077 ,1077 ,30 ,54 ,39 ,43 ,74 ,129 ,241 ,210 ,222 ,32 ,3
전라남도 나주시 동강면(4617035000),2327 ,2327 ,34 ,72 ,132 ,81 ,178 ,358 ,580 ,449 ,373 ,69 ,1 ,1162 ,1162 ,13 ,38 ,79 ,47 ,126 ,212 ,316 ,202 ,113 ,16 ,0 ,1165 ,1165 ,21 ,34 ,53 ,34 ,52 ,146 ,264 ,247 ,260 ,53 ,1
전라남도 나주시 다시면(4617036000),3418 ,3418 ,49 ,129 ,181 ,177 ,270 ,558 ,878 ,600 ,506 ,66 ,4 ,1716 ,1716 ,22 ,71 ,103 ,106 ,181 ,308 ,484 ,266 ,158 ,17 ,0 ,1702 ,1702 ,27 ,58 ,78 ,71 ,89 ,250 ,394 ,334 ,348 ,49 ,4
전라남도 나주시 문평면(4617037000),1847 ,1847 ,21 ,44 ,101 ,70 ,131 ,297 ,496 ,298 ,332 ,55 ,2 ,929 ,929 ,10 ,19 ,60 ,47 ,90 ,177 ,282 ,133 ,103 ,8 ,0 ,918 ,918 ,11 ,25 ,41 ,23 ,41 ,120 ,214 ,165 ,229 ,47 ,2
전라남도 나주시 노안면(4617038000),4360 ,4360 ,66 ,125 ,270 ,213 ,322 ,792 ,1154 ,734 ,573 ,110 ,1 ,2268 ,2268 ,39 ,69 ,148 ,136 ,212 ,481 ,637 ,345 ,175 ,25 ,1 ,2092 ,2092 ,27 ,56 ,122 ,77 ,110 ,311 ,517 ,389 ,398 ,85 ,0
전라남도 나주시 금천면(4617039000),6259 ,6259 ,349 ,393 ,615 ,798 ,819 ,976 ,1079 ,709 ,462 ,58 ,1 ,3267 ,3267 ,183 ,216 ,328 ,442 ,473 ,553 ,572 ,319 ,169 ,12 ,0 ,2992 ,2992 ,166 ,177 ,287 ,356 ,346 ,423 ,507 ,390 ,293 ,46 ,1
전라남도 나주시 산포면(4617040000),3186 ,3186 ,48 ,116 ,238 ,194 ,306 ,595 ,759 ,507 ,371 ,51 ,1 ,1668 ,1668 ,25 ,61 ,132 ,117 ,201 ,359 ,402 ,245 ,113 ,12 ,1 ,1518 ,1518 ,23 ,55 ,106 ,77 ,105 ,236 ,357 ,262 ,258 ,39 ,0
전라남도 나주시 다도면(4617042000),1777 ,1777 ,18 ,61 ,69 ,89 ,122 ,331 ,477 ,303 ,261 ,45 ,1 ,921 ,921 ,8 ,31 ,40 ,54 ,81 ,200 ,289 ,130 ,79 ,9 ,0 ,856 ,856 ,10 ,30 ,29 ,35 ,41 ,131 ,188 ,173 ,182 ,36 ,1
전라남도 나주시 봉황면(4617043000),3996 ,3996 ,60 ,137 ,263 ,176 ,312 ,644 ,1012 ,748 ,560 ,78 ,6 ,2107 ,2107 ,37 ,80 ,154 ,101 ,215 ,401 ,570 ,347 ,181 ,19 ,2 ,1889 ,1889 ,23 ,57 ,109 ,75 ,97 ,243 ,442 ,401 ,379 ,59 ,4
전라남도 나주시 송월동(4617051000),7869 ,7869 ,523 ,777 ,1175 ,994 ,1198 ,1378 ,946 ,523 ,309 ,45 ,1 ,3946 ,3946 ,263 ,406 ,643 ,535 ,608 ,725 ,456 ,208 ,89 ,13 ,0 ,3923 ,3923 ,260 ,371 ,532 ,459 ,590 ,653 ,490 ,315 ,220 ,32 ,1
전라남도 나주시 영강동(4617052000),2660 ,2660 ,113 ,175 ,281 ,274 ,348 ,487 ,477 ,297 ,175 ,32 ,1 ,1324 ,1324 ,56 ,87 ,156 ,148 ,191 ,267 ,221 ,135 ,57 ,6 ,0 ,1336 ,1336 ,57 ,88 ,125 ,126 ,157 ,220 ,256 ,162 ,118 ,26 ,1
전라남도 나주시 금남동(4617054000),4613 ,4613 ,177 ,314 ,441 ,347 ,474 ,823 ,895 ,678 ,415 ,49 ,0 ,2318 ,2318 ,105 ,188 ,246 ,173 ,267 ,423 ,460 ,285 ,158 ,13 ,0 ,2295 ,2295 ,72 ,126 ,195 ,174 ,207 ,400 ,435 ,393 ,257 ,36 ,0
전라남도 나주시 성북동(4617055000),8511 ,8511 ,553 ,911 ,1209 ,777 ,1270 ,1443 ,1193 ,708 ,376 ,71 ,0 ,4259 ,4259 ,280 ,491 ,677 ,391 ,647 ,757 ,573 ,306 ,122 ,15 ,0 ,4252 ,4252 ,273 ,420 ,532 ,386 ,623 ,686 ,620 ,402 ,254 ,56 ,0
전라남도 나주시 영산동(4617058000),2954 ,2954 ,66 ,150 ,216 ,174 ,271 ,527 ,639 ,502 ,349 ,60 ,0 ,1490 ,1490 ,37 ,72 ,119 ,101 ,168 ,297 ,337 ,238 ,107 ,14 ,0 ,1464 ,1464 ,29 ,78 ,97 ,73 ,103 ,230 ,302 ,264 ,242 ,46 ,0
전라남도 나주시 이창동(4617060000),3318 ,3318 ,104 ,179 ,358 ,277 ,408 ,564 ,676 ,464 ,242 ,44 ,2 ,1786 ,1786 ,55 ,87 ,207 ,172 ,250 ,346 ,372 ,226 ,63 ,8 ,0 ,1532 ,1532 ,49 ,92 ,151 ,105 ,158 ,218 ,304 ,238 ,179 ,36 ,2
전라남도 나주시 빛가람동(4617062000),39359 ,39359 ,5885 ,5204 ,4403 ,7677 ,8245 ,4335 ,2446 ,849 ,275 ,37 ,3 ,19511 ,19511 ,3025 ,2584 ,2073 ,3780 ,4208 ,2197 ,1132 ,408 ,97 ,5 ,2 ,19848 ,19848 ,2860 ,2620 ,2330 ,3897 ,4037 ,2138 ,1314 ,441 ,178 ,32 ,1
전라남도 광양시 (4623000000),152044 ,152044 ,11807 ,15626 ,18518 ,18108 ,22974 ,29843 ,20339 ,8784 ,5129 ,885 ,31 ,79483 ,79483 ,5998 ,8079 ,10674 ,9780 ,12081 ,16051 ,10779 ,4210 ,1682 ,149 ,0 ,72561 ,72561 ,5809 ,7547 ,7844 ,8328 ,10893 ,13792 ,9560 ,4574 ,3447 ,736 ,31
전라남도 광양시 광양읍(4623025000),47594 ,47594 ,3596 ,5033 ,5417 ,5191 ,7583 ,8635 ,6878 ,3205 ,1748 ,295 ,13 ,24434 ,24434 ,1830 ,2619 ,2971 ,2667 ,4015 ,4598 ,3590 ,1528 ,566 ,50 ,0 ,23160 ,23160 ,1766 ,2414 ,2446 ,2524 ,3568 ,4037 ,3288 ,1677 ,1182 ,245 ,13
전라남도 광양시 봉강면(4623031000),2090 ,2090 ,51 ,91 ,180 ,133 ,170 ,404 ,486 ,284 ,235 ,55 ,1 ,1079 ,1079 ,33 ,53 ,105 ,77 ,99 ,230 ,260 ,128 ,82 ,12 ,0 ,1011 ,1011 ,18 ,38 ,75 ,56 ,71 ,174 ,226 ,156 ,153 ,43 ,1
전라남도 광양시 옥룡면(4623032000),3004 ,3004 ,66 ,118 ,227 ,144 ,226 ,569 ,740 ,454 ,385 ,73 ,2 ,1500 ,1500 ,32 ,57 ,137 ,76 ,117 ,328 ,411 ,205 ,122 ,15 ,0 ,1504 ,1504 ,34 ,61 ,90 ,68 ,109 ,241 ,329 ,249 ,263 ,58 ,2
전라남도 광양시 옥곡면(4623033000),4893 ,4893 ,265 ,258 ,511 ,491 ,486 ,1127 ,883 ,491 ,330 ,50 ,1 ,2478 ,2478 ,134 ,128 ,278 ,276 ,246 ,580 ,472 ,241 ,114 ,9 ,0 ,2415 ,2415 ,131 ,130 ,233 ,215 ,240 ,547 ,411 ,250 ,216 ,41 ,1
전라남도 광양시 진상면(4623034000),2639 ,2639 ,40 ,98 ,156 ,115 ,171 ,514 ,595 ,475 ,403 ,69 ,3 ,1348 ,1348 ,21 ,57 ,103 ,62 ,101 ,311 ,319 ,216 ,147 ,11 ,0 ,1291 ,1291 ,19 ,41 ,53 ,53 ,70 ,203 ,276 ,259 ,256 ,58 ,3
전라남도 광양시 진월면(4623035000),2665 ,2665 ,58 ,77 ,166 ,130 ,214 ,425 ,603 ,533 ,380 ,76 ,3 ,1326 ,1326 ,30 ,35 ,92 ,76 ,137 ,266 ,305 ,248 ,125 ,12 ,0 ,1339 ,1339 ,28 ,42 ,74 ,54 ,77 ,159 ,298 ,285 ,255 ,64 ,3
전라남도 광양시 다압면(4623036000),1698 ,1698 ,28 ,73 ,97 ,77 ,126 ,290 ,470 ,270 ,243 ,24 ,0 ,855 ,855 ,14 ,38 ,63 ,36 ,83 ,174 ,246 ,109 ,87 ,5 ,0 ,843 ,843 ,14 ,35 ,34 ,41 ,43 ,116 ,224 ,161 ,156 ,19 ,0
전라남도 광양시 골약동(4623051500),6447 ,6447 ,1252 ,450 ,548 ,1667 ,936 ,634 ,426 ,276 ,207 ,49 ,2 ,3380 ,3380 ,634 ,247 ,292 ,864 ,522 ,370 ,226 ,140 ,73 ,12 ,0 ,3067 ,3067 ,618 ,203 ,256 ,803 ,414 ,264 ,200 ,136 ,134 ,37 ,2
전라남도 광양시 중마동(4623053000),57688 ,57688 ,5210 ,7189 ,8015 ,7955 ,10173 ,11849 ,5076 ,1459 ,649 ,109 ,4 ,30442 ,30442 ,2664 ,3667 ,4591 ,4340 ,5231 ,6290 ,2754 ,684 ,208 ,13 ,0 ,27246 ,27246 ,2546 ,3522 ,3424 ,3615 ,4942 ,5559 ,2322 ,775 ,441 ,96 ,4
전라남도 광양시 광영동(4623054000),11109 ,11109 ,611 ,1050 ,1314 ,1028 ,1559 ,2656 ,1931 ,634 ,277 ,47 ,2 ,5878 ,5878 ,287 ,553 ,758 ,593 ,833 ,1469 ,996 ,303 ,83 ,3 ,0 ,5231 ,5231 ,324 ,497 ,556 ,435 ,726 ,1187 ,935 ,331 ,194 ,44 ,2
전라남도 광양시 금호동(4623055000),10586 ,10586 ,596 ,1100 ,1726 ,1065 ,1156 ,2420 ,1874 ,503 ,127 ,19 ,0 ,5848 ,5848 ,302 ,584 ,1166 ,632 ,579 ,1237 ,992 ,312 ,41 ,3 ,0 ,4738 ,4738 ,294 ,516 ,560 ,433 ,577 ,1183 ,882 ,191 ,86 ,16 ,0
전라남도 광양시 태인동(4623057000),1631 ,1631 ,34 ,89 ,161 ,112 ,174 ,320 ,377 ,200 ,145 ,19 ,0 ,915 ,915 ,17 ,41 ,118 ,81 ,118 ,198 ,208 ,96 ,34 ,4 ,0 ,716 ,716 ,17 ,48 ,43 ,31 ,56 ,122 ,169 ,104 ,111 ,15 ,0
전라남도 담양군 (4671000000),45611 ,45611 ,1971 ,2938 ,4009 ,3385 ,4894 ,8056 ,9252 ,5995 ,4415 ,666 ,30 ,23064 ,23064 ,973 ,1505 ,2333 ,1742 ,2733 ,4468 ,4907 ,2780 ,1463 ,156 ,4 ,22547 ,22547 ,998 ,1433 ,1676 ,1643 ,2161 ,3588 ,4345 ,3215 ,2952 ,510 ,26
전라남도 담양군 담양읍(4671025000),15189 ,15189 ,1076 ,1264 ,1604 ,1537 ,2033 ,2488 ,2447 ,1561 ,1005 ,165 ,9 ,7592 ,7592 ,499 ,657 ,903 ,769 ,1077 ,1318 ,1253 ,716 ,361 ,38 ,1 ,7597 ,7597 ,577 ,607 ,701 ,768 ,956 ,1170 ,1194 ,845 ,644 ,127 ,8
전라남도 담양군 봉산면(4671031000),2652 ,2652 ,98 ,82 ,178 ,171 ,273 ,501 ,596 ,412 ,297 ,44 ,0 ,1374 ,1374 ,50 ,40 ,103 ,95 ,173 ,284 ,327 ,175 ,117 ,10 ,0 ,1278 ,1278 ,48 ,42 ,75 ,76 ,100 ,217 ,269 ,237 ,180 ,34 ,0
전라남도 담양군 고서면(4671032000),3043 ,3043 ,78 ,158 ,217 ,190 ,265 ,553 ,739 ,495 ,307 ,40 ,1 ,1535 ,1535 ,34 ,77 ,122 ,100 ,155 ,310 ,387 ,241 ,101 ,8 ,0 ,1508 ,1508 ,44 ,81 ,95 ,90 ,110 ,243 ,352 ,254 ,206 ,32 ,1
전라남도 담양군 가사문학면(4671033500),1208 ,1208 ,18 ,45 ,73 ,63 ,85 ,247 ,299 ,182 ,162 ,33 ,1 ,598 ,598 ,9 ,19 ,36 ,29 ,48 ,135 ,174 ,81 ,59 ,8 ,0 ,610 ,610 ,9 ,26 ,37 ,34 ,37 ,112 ,125 ,101 ,103 ,25 ,1
전라남도 담양군 창평면(4671034000),3603 ,3603 ,102 ,266 ,258 ,229 ,315 ,646 ,818 ,520 ,398 ,49 ,2 ,1817 ,1817 ,58 ,119 ,156 ,120 ,175 ,359 ,445 ,237 ,138 ,10 ,0 ,1786 ,1786 ,44 ,147 ,102 ,109 ,140 ,287 ,373 ,283 ,260 ,39 ,2
전라남도 담양군 대덕면(4671035000),1853 ,1853 ,43 ,89 ,151 ,101 ,141 ,358 ,472 ,252 ,219 ,25 ,2 ,948 ,948 ,19 ,54 ,85 ,53 ,79 ,196 ,263 ,119 ,77 ,3 ,0 ,905 ,905 ,24 ,35 ,66 ,48 ,62 ,162 ,209 ,133 ,142 ,22 ,2
전라남도 담양군 무정면(4671036000),2471 ,2471 ,46 ,81 ,348 ,129 ,179 ,392 ,543 ,385 ,313 ,54 ,1 ,1318 ,1318 ,21 ,41 ,277 ,70 ,107 ,232 ,279 ,174 ,103 ,14 ,0 ,1153 ,1153 ,25 ,40 ,71 ,59 ,72 ,160 ,264 ,211 ,210 ,40 ,1
전라남도 담양군 금성면(4671037000),2489 ,2489 ,44 ,92 ,175 ,130 ,229 ,418 ,589 ,398 ,348 ,61 ,5 ,1265 ,1265 ,21 ,51 ,92 ,81 ,148 ,247 ,303 ,193 ,112 ,17 ,0 ,1224 ,1224 ,23 ,41 ,83 ,49 ,81 ,171 ,286 ,205 ,236 ,44 ,5
전라남도 담양군 용면(4671038000),1786 ,1786 ,47 ,72 ,118 ,99 ,167 ,327 ,407 ,317 ,203 ,25 ,4 ,888 ,888 ,28 ,34 ,55 ,51 ,98 ,177 ,212 ,155 ,70 ,6 ,2 ,898 ,898 ,19 ,38 ,63 ,48 ,69 ,150 ,195 ,162 ,133 ,19 ,2
전라남도 담양군 월산면(4671039000),2363 ,2363 ,77 ,111 ,140 ,168 ,223 ,420 ,533 ,378 ,274 ,36 ,3 ,1220 ,1220 ,45 ,57 ,86 ,78 ,126 ,246 ,296 ,181 ,98 ,6 ,1 ,1143 ,1143 ,32 ,54 ,54 ,90 ,97 ,174 ,237 ,197 ,176 ,30 ,2
전라남도 담양군 수북면(4671040000),4711 ,4711 ,183 ,313 ,431 ,292 ,536 ,914 ,983 ,558 ,427 ,72 ,2 ,2411 ,2411 ,107 ,180 ,238 ,158 ,291 ,506 ,537 ,263 ,107 ,24 ,0 ,2300 ,2300 ,76 ,133 ,193 ,134 ,245 ,408 ,446 ,295 ,320 ,48 ,2
전라남도 담양군 대전면(4671041000),4243 ,4243 ,159 ,365 ,316 ,276 ,448 ,792 ,826 ,537 ,462 ,62 ,0 ,2098 ,2098 ,82 ,176 ,180 ,138 ,256 ,458 ,431 ,245 ,120 ,12 ,0 ,2145 ,2145 ,77 ,189 ,136 ,138 ,192 ,334 ,395 ,292 ,342 ,50 ,0
전라남도 곡성군 (4672000000),27066 ,27066 ,836 ,1713 ,2054 ,1552 ,2665 ,4628 ,5639 ,3914 ,3447 ,599 ,19 ,13429 ,13429 ,419 ,945 ,1143 ,833 ,1452 ,2618 ,3024 ,1787 ,1084 ,122 ,2 ,13637 ,13637 ,417 ,768 ,911 ,719 ,1213 ,2010 ,2615 ,2127 ,2363 ,477 ,17
전라남도 곡성군 곡성읍(4672025000),7619 ,7619 ,367 ,633 ,669 ,578 ,990 ,1262 ,1348 ,957 ,684 ,127 ,4 ,3702 ,3702 ,178 ,339 ,352 ,288 ,503 ,692 ,672 ,428 ,223 ,27 ,0 ,3917 ,3917 ,189 ,294 ,317 ,290 ,487 ,570 ,676 ,529 ,461 ,100 ,4
전라남도 곡성군 오곡면(4672031000),1803 ,1803 ,48 ,105 ,104 ,90 ,137 ,283 ,405 ,310 ,281 ,40 ,0 ,886 ,886 ,22 ,57 ,59 ,55 ,87 ,159 ,226 ,131 ,82 ,8 ,0 ,917 ,917 ,26 ,48 ,45 ,35 ,50 ,124 ,179 ,179 ,199 ,32 ,0
전라남도 곡성군 삼기면(4672032000),1647 ,1647 ,16 ,76 ,90 ,62 ,114 ,284 ,377 ,286 ,283 ,57 ,2 ,812 ,812 ,6 ,46 ,55 ,38 ,69 ,156 ,210 ,133 ,89 ,9 ,1 ,835 ,835 ,10 ,30 ,35 ,24 ,45 ,128 ,167 ,153 ,194 ,48 ,1
전라남도 곡성군 석곡면(4672033000),2221 ,2221 ,46 ,98 ,122 ,90 ,174 ,386 ,492 ,360 ,381 ,68 ,4 ,1050 ,1050 ,29 ,60 ,66 ,43 ,89 ,214 ,262 ,157 ,117 ,12 ,1 ,1171 ,1171 ,17 ,38 ,56 ,47 ,85 ,172 ,230 ,203 ,264 ,56 ,3
전라남도 곡성군 목사동면(4672034000),1337 ,1337 ,18 ,38 ,63 ,64 ,83 ,229 ,332 ,243 ,236 ,30 ,1 ,682 ,682 ,15 ,20 ,37 ,40 ,50 ,139 ,183 ,122 ,70 ,6 ,0 ,655 ,655 ,3 ,18 ,26 ,24 ,33 ,90 ,149 ,121 ,166 ,24 ,1
전라남도 곡성군 죽곡면(4672035000),1858 ,1858 ,40 ,67 ,124 ,81 ,128 ,318 ,457 ,321 ,272 ,49 ,1 ,914 ,914 ,21 ,42 ,67 ,44 ,64 ,170 ,245 ,163 ,91 ,7 ,0 ,944 ,944 ,19 ,25 ,57 ,37 ,64 ,148 ,212 ,158 ,181 ,42 ,1
전라남도 곡성군 고달면(4672036000),1136 ,1136 ,26 ,40 ,73 ,61 ,69 ,175 ,268 ,192 ,203 ,28 ,1 ,575 ,575 ,17 ,20 ,39 ,38 ,48 ,101 ,156 ,78 ,73 ,5 ,0 ,561 ,561 ,9 ,20 ,34 ,23 ,21 ,74 ,112 ,114 ,130 ,23 ,1
전라남도 곡성군 옥과면(4672037000),4055 ,4055 ,164 ,378 ,427 ,284 ,477 ,696 ,747 ,474 ,347 ,58 ,3 ,2064 ,2064 ,71 ,207 ,245 ,155 ,252 ,395 ,393 ,219 ,110 ,17 ,0 ,1991 ,1991 ,93 ,171 ,182 ,129 ,225 ,301 ,354 ,255 ,237 ,41 ,3
전라남도 곡성군 입면(4672038000),2329 ,2329 ,48 ,146 ,193 ,103 ,241 ,464 ,456 ,306 ,313 ,58 ,1 ,1201 ,1201 ,26 ,83 ,116 ,56 ,142 ,288 ,248 ,137 ,90 ,15 ,0 ,1128 ,1128 ,22 ,63 ,77 ,47 ,99 ,176 ,208 ,169 ,223 ,43 ,1
전라남도 곡성군 겸면(4672039000),1625 ,1625 ,25 ,77 ,91 ,77 ,141 ,281 ,370 ,255 ,259 ,48 ,1 ,794 ,794 ,13 ,38 ,46 ,38 ,92 ,164 ,207 ,108 ,78 ,10 ,0 ,831 ,831 ,12 ,39 ,45 ,39 ,49 ,117 ,163 ,147 ,181 ,38 ,1
전라남도 곡성군 오산면(4672040000),1436 ,1436 ,38 ,55 ,98 ,62 ,111 ,250 ,387 ,210 ,188 ,36 ,1 ,749 ,749 ,21 ,33 ,61 ,38 ,56 ,140 ,222 ,111 ,61 ,6 ,0 ,687 ,687 ,17 ,22 ,37 ,24 ,55 ,110 ,165 ,99 ,127 ,30 ,1
전라남도 구례군 (4673000000),24480 ,24480 ,900 ,1656 ,1651 ,1338 ,2518 ,4351 ,5136 ,3591 ,2889 ,439 ,11 ,11942 ,11942 ,436 ,861 ,950 ,661 ,1361 ,2403 ,2648 ,1624 ,903 ,94 ,1 ,12538 ,12538 ,464 ,795 ,701 ,677 ,1157 ,1948 ,2488 ,1967 ,1986 ,345 ,10
전라남도 구례군 구례읍(4673025000),10410 ,10410 ,540 ,958 ,920 ,718 ,1319 ,1860 ,1864 ,1267 ,826 ,135 ,3 ,5073 ,5073 ,256 ,496 ,529 ,340 ,663 ,976 ,929 ,580 ,272 ,32 ,0 ,5337 ,5337 ,284 ,462 ,391 ,378 ,656 ,884 ,935 ,687 ,554 ,103 ,3
전라남도 구례군 문척면(4673031000),1262 ,1262 ,39 ,56 ,68 ,45 ,114 ,246 ,305 ,188 ,175 ,24 ,2 ,639 ,639 ,21 ,32 ,38 ,22 ,73 ,128 ,180 ,78 ,62 ,5 ,0 ,623 ,623 ,18 ,24 ,30 ,23 ,41 ,118 ,125 ,110 ,113 ,19 ,2
전라남도 구례군 간전면(4673032000),1428 ,1428 ,32 ,59 ,68 ,63 ,120 ,260 ,322 ,246 ,225 ,33 ,0 ,712 ,712 ,16 ,28 ,31 ,34 ,76 ,159 ,171 ,112 ,77 ,8 ,0 ,716 ,716 ,16 ,31 ,37 ,29 ,44 ,101 ,151 ,134 ,148 ,25 ,0
전라남도 구례군 토지면(4673033000),2440 ,2440 ,39 ,114 ,122 ,87 ,193 ,479 ,664 ,361 ,326 ,54 ,1 ,1197 ,1197 ,19 ,63 ,70 ,42 ,110 ,264 ,353 ,161 ,100 ,14 ,1 ,1243 ,1243 ,20 ,51 ,52 ,45 ,83 ,215 ,311 ,200 ,226 ,40 ,0
전라남도 구례군 마산면(4673034000),2510 ,2510 ,77 ,167 ,163 ,118 ,264 ,427 ,543 ,387 ,307 ,55 ,2 ,1217 ,1217 ,42 ,96 ,84 ,61 ,147 ,248 ,266 ,175 ,89 ,9 ,0 ,1293 ,1293 ,35 ,71 ,79 ,57 ,117 ,179 ,277 ,212 ,218 ,46 ,2
전라남도 구례군 광의면(4673035000),2182 ,2182 ,53 ,90 ,95 ,103 ,154 ,342 ,493 ,408 ,383 ,60 ,1 ,1040 ,1040 ,25 ,42 ,63 ,55 ,95 ,200 ,254 ,183 ,112 ,11 ,0 ,1142 ,1142 ,28 ,48 ,32 ,48 ,59 ,142 ,239 ,225 ,271 ,49 ,1
전라남도 구례군 용방면(4673036000),1367 ,1367 ,33 ,48 ,72 ,74 ,131 ,216 ,283 ,245 ,234 ,30 ,1 ,654 ,654 ,18 ,25 ,38 ,36 ,74 ,121 ,150 ,110 ,76 ,6 ,0 ,713 ,713 ,15 ,23 ,34 ,38 ,57 ,95 ,133 ,135 ,158 ,24 ,1
전라남도 구례군 산동면(4673037000),2881 ,2881 ,87 ,164 ,143 ,130 ,223 ,521 ,662 ,489 ,413 ,48 ,1 ,1410 ,1410 ,39 ,79 ,97 ,71 ,123 ,307 ,345 ,225 ,115 ,9 ,0 ,1471 ,1471 ,48 ,85 ,46 ,59 ,100 ,214 ,317 ,264 ,298 ,39 ,1
전라남도 고흥군 (4677000000),61618 ,61618 ,2148 ,3458 ,3533 ,3221 ,5654 ,9591 ,13399 ,10752 ,8323 ,1491 ,48 ,30045 ,30045 ,1068 ,1835 ,2064 ,1726 ,3216 ,5481 ,6832 ,4812 ,2700 ,305 ,6 ,31573 ,31573 ,1080 ,1623 ,1469 ,1495 ,2438 ,4110 ,6567 ,5940 ,5623 ,1186 ,42
전라남도 고흥군 고흥읍(4677025000),12449 ,12449 ,898 ,1387 ,1178 ,1114 ,1771 ,2021 ,1961 ,1225 ,747 ,138 ,9 ,6053 ,6053 ,438 ,721 ,659 ,526 ,855 ,1075 ,935 ,572 ,248 ,23 ,1 ,6396 ,6396 ,460 ,666 ,519 ,588 ,916 ,946 ,1026 ,653 ,499 ,115 ,8
전라남도 고흥군 도양읍(4677025300),9435 ,9435 ,434 ,654 ,685 ,615 ,1047 ,1617 ,1957 ,1489 ,799 ,132 ,6 ,4625 ,4625 ,208 ,348 ,387 ,310 ,547 ,898 ,979 ,631 ,294 ,23 ,0 ,4810 ,4810 ,226 ,306 ,298 ,305 ,500 ,719 ,978 ,858 ,505 ,109 ,6
전라남도 고흥군 도양읍소록출장소(4677025400),566 ,566 ,20 ,29 ,11 ,26 ,43 ,28 ,76 ,152 ,148 ,33 ,0 ,284 ,284 ,10 ,18 ,3 ,13 ,21 ,18 ,40 ,74 ,74 ,13 ,0 ,282 ,282 ,10 ,11 ,8 ,13 ,22 ,10 ,36 ,78 ,74 ,20 ,0
전라남도 고흥군 도양읍시산출장소(4677025500),202 ,202 ,0 ,9 ,7 ,9 ,30 ,39 ,33 ,34 ,38 ,3 ,0 ,102 ,102 ,0 ,4 ,5 ,7 ,24 ,23 ,20 ,12 ,7 ,0 ,0 ,100 ,100 ,0 ,5 ,2 ,2 ,6 ,16 ,13 ,22 ,31 ,3 ,0
전라남도 고흥군 풍양면(4677031000),3000 ,3000 ,52 ,76 ,98 ,115 ,218 ,421 ,713 ,665 ,540 ,100 ,2 ,1498 ,1498 ,30 ,41 ,66 ,74 ,154 ,270 ,373 ,295 ,175 ,20 ,0 ,1502 ,1502 ,22 ,35 ,32 ,41 ,64 ,151 ,340 ,370 ,365 ,80 ,2
전라남도 고흥군 도덕면(4677032000),2822 ,2822 ,49 ,109 ,138 ,98 ,199 ,440 ,659 ,535 ,490 ,103 ,2 ,1385 ,1385 ,23 ,53 ,73 ,69 ,121 ,266 ,366 ,240 ,148 ,25 ,1 ,1437 ,1437 ,26 ,56 ,65 ,29 ,78 ,174 ,293 ,295 ,342 ,78 ,1
전라남도 고흥군 금산면(4677033000),4184 ,4184 ,92 ,152 ,180 ,148 ,304 ,623 ,988 ,910 ,679 ,106 ,2 ,2042 ,2042 ,46 ,81 ,112 ,86 ,188 ,357 ,512 ,383 ,250 ,26 ,1 ,2142 ,2142 ,46 ,71 ,68 ,62 ,116 ,266 ,476 ,527 ,429 ,80 ,1
전라남도 고흥군 도화면(4677034000),3702 ,3702 ,76 ,144 ,155 ,137 ,254 ,593 ,875 ,743 ,611 ,104 ,10 ,1814 ,1814 ,32 ,67 ,94 ,90 ,163 ,340 ,438 ,357 ,218 ,15 ,0 ,1888 ,1888 ,44 ,77 ,61 ,47 ,91 ,253 ,437 ,386 ,393 ,89 ,10
전라남도 고흥군 포두면(4677035000),4728 ,4728 ,89 ,192 ,212 ,179 ,360 ,755 ,1081 ,938 ,772 ,148 ,2 ,2283 ,2283 ,39 ,101 ,131 ,103 ,220 ,437 ,549 ,401 ,267 ,35 ,0 ,2445 ,2445 ,50 ,91 ,81 ,76 ,140 ,318 ,532 ,537 ,505 ,113 ,2
전라남도 고흥군 봉래면(4677036000),1838 ,1838 ,45 ,73 ,80 ,56 ,156 ,264 ,443 ,371 ,301 ,46 ,3 ,912 ,912 ,24 ,38 ,46 ,30 ,106 ,168 ,226 ,176 ,87 ,10 ,1 ,926 ,926 ,21 ,35 ,34 ,26 ,50 ,96 ,217 ,195 ,214 ,36 ,2
전라남도 고흥군 점암면(4677037000),2614 ,2614 ,34 ,92 ,90 ,84 ,175 ,394 ,664 ,515 ,458 ,107 ,1 ,1256 ,1256 ,15 ,50 ,61 ,46 ,116 ,235 ,342 ,239 ,135 ,17 ,0 ,1358 ,1358 ,19 ,42 ,29 ,38 ,59 ,159 ,322 ,276 ,323 ,90 ,1
전라남도 고흥군 과역면(4677038000),3168 ,3168 ,67 ,106 ,166 ,119 ,213 ,519 ,771 ,577 ,540 ,88 ,2 ,1523 ,1523 ,36 ,65 ,96 ,63 ,139 ,284 ,403 ,253 ,163 ,20 ,1 ,1645 ,1645 ,31 ,41 ,70 ,56 ,74 ,235 ,368 ,324 ,377 ,68 ,1
전라남도 고흥군 남양면(4677039000),2209 ,2209 ,38 ,97 ,87 ,95 ,141 ,317 ,605 ,433 ,326 ,69 ,1 ,1043 ,1043 ,26 ,52 ,48 ,48 ,82 ,187 ,322 ,174 ,97 ,7 ,0 ,1166 ,1166 ,12 ,45 ,39 ,47 ,59 ,130 ,283 ,259 ,229 ,62 ,1
전라남도 고흥군 동강면(4677040000),3000 ,3000 ,85 ,102 ,168 ,155 ,235 ,437 ,718 ,561 ,443 ,93 ,3 ,1483 ,1483 ,50 ,55 ,105 ,91 ,147 ,256 ,356 ,269 ,130 ,24 ,0 ,1517 ,1517 ,35 ,47 ,63 ,64 ,88 ,181 ,362 ,292 ,313 ,69 ,3
전라남도 고흥군 대서면(4677041000),2161 ,2161 ,51 ,61 ,97 ,83 ,123 ,313 ,564 ,406 ,409 ,53 ,1 ,1057 ,1057 ,28 ,37 ,64 ,50 ,89 ,182 ,303 ,190 ,104 ,10 ,0 ,1104 ,1104 ,23 ,24 ,33 ,33 ,34 ,131 ,261 ,216 ,305 ,43 ,1
전라남도 고흥군 두원면(4677042000),2912 ,2912 ,52 ,98 ,92 ,70 ,195 ,407 ,641 ,651 ,595 ,108 ,3 ,1386 ,1386 ,31 ,53 ,56 ,41 ,120 ,245 ,326 ,301 ,188 ,24 ,1 ,1526 ,1526 ,21 ,45 ,36 ,29 ,75 ,162 ,315 ,350 ,407 ,84 ,2
전라남도 고흥군 영남면(4677044000),1233 ,1233 ,39 ,31 ,45 ,51 ,85 ,190 ,277 ,268 ,214 ,32 ,1 ,592 ,592 ,20 ,19 ,28 ,34 ,58 ,111 ,136 ,118 ,61 ,7 ,0 ,641 ,641 ,19 ,12 ,17 ,17 ,27 ,79 ,141 ,150 ,153 ,25 ,1
전라남도 고흥군 동일면(4677045000),1395 ,1395 ,27 ,46 ,44 ,67 ,105 ,213 ,373 ,279 ,213 ,28 ,0 ,707 ,707 ,12 ,32 ,30 ,45 ,66 ,129 ,206 ,127 ,54 ,6 ,0 ,688 ,688 ,15 ,14 ,14 ,22 ,39 ,84 ,167 ,152 ,159 ,22 ,0
전라남도 보성군 (4678000000),38234 ,38234 ,1323 ,2343 ,2431 ,2066 ,3639 ,6265 ,7962 ,6109 ,5168 ,897 ,31 ,18759 ,18759 ,688 ,1216 ,1397 ,1128 ,2059 ,3553 ,4142 ,2752 ,1625 ,193 ,6 ,19475 ,19475 ,635 ,1127 ,1034 ,938 ,1580 ,2712 ,3820 ,3357 ,3543 ,704 ,25
전라남도 보성군 보성읍(4678025000),8621 ,8621 ,553 ,777 ,782 ,718 ,1104 ,1458 ,1442 ,966 ,695 ,122 ,4 ,4241 ,4241 ,295 ,390 ,418 ,384 ,554 ,782 ,712 ,434 ,244 ,28 ,0 ,4380 ,4380 ,258 ,387 ,364 ,334 ,550 ,676 ,730 ,532 ,451 ,94 ,4
전라남도 보성군 벌교읍(4678025300),11149 ,11149 ,387 ,769 ,721 ,566 ,1115 ,1799 ,2285 ,1862 ,1398 ,236 ,11 ,5458 ,5458 ,204 ,402 ,414 ,293 ,630 ,1016 ,1132 ,861 ,452 ,50 ,4 ,5691 ,5691 ,183 ,367 ,307 ,273 ,485 ,783 ,1153 ,1001 ,946 ,186 ,7
전라남도 보성군 노동면(4678031000),1070 ,1070 ,17 ,36 ,50 ,36 ,82 ,165 ,247 ,184 ,211 ,39 ,3 ,529 ,529 ,7 ,24 ,31 ,23 ,52 ,107 ,140 ,83 ,54 ,7 ,1 ,541 ,541 ,10 ,12 ,19 ,13 ,30 ,58 ,107 ,101 ,157 ,32 ,2
전라남도 보성군 미력면(4678032000),1373 ,1373 ,27 ,50 ,76 ,64 ,99 ,245 ,323 ,220 ,229 ,38 ,2 ,678 ,678 ,15 ,31 ,43 ,32 ,62 ,147 ,186 ,91 ,66 ,5 ,0 ,695 ,695 ,12 ,19 ,33 ,32 ,37 ,98 ,137 ,129 ,163 ,33 ,2
전라남도 보성군 겸백면(4678033000),1110 ,1110 ,19 ,37 ,54 ,42 ,86 ,182 ,225 ,206 ,221 ,36 ,2 ,542 ,542 ,8 ,21 ,30 ,20 ,51 ,113 ,134 ,93 ,59 ,13 ,0 ,568 ,568 ,11 ,16 ,24 ,22 ,35 ,69 ,91 ,113 ,162 ,23 ,2
전라남도 보성군 율어면(4678034000),1150 ,1150 ,24 ,65 ,46 ,47 ,99 ,175 ,237 ,196 ,233 ,28 ,0 ,577 ,577 ,15 ,36 ,29 ,28 ,62 ,115 ,132 ,83 ,72 ,5 ,0 ,573 ,573 ,9 ,29 ,17 ,19 ,37 ,60 ,105 ,113 ,161 ,23 ,0
전라남도 보성군 복내면(4678035000),1566 ,1566 ,42 ,61 ,76 ,61 ,95 ,245 ,375 ,279 ,281 ,51 ,0 ,744 ,744 ,12 ,34 ,38 ,33 ,58 ,146 ,221 ,123 ,69 ,10 ,0 ,822 ,822 ,30 ,27 ,38 ,28 ,37 ,99 ,154 ,156 ,212 ,41 ,0
전라남도 보성군 문덕면(4678036000),927 ,927 ,18 ,50 ,52 ,31 ,73 ,165 ,210 ,153 ,148 ,26 ,1 ,476 ,476 ,10 ,20 ,32 ,19 ,49 ,104 ,117 ,78 ,41 ,6 ,0 ,451 ,451 ,8 ,30 ,20 ,12 ,24 ,61 ,93 ,75 ,107 ,20 ,1
전라남도 보성군 조성면(4678037000),3507 ,3507 ,83 ,147 ,180 ,150 ,274 ,557 ,778 ,684 ,553 ,97 ,4 ,1680 ,1680 ,44 ,74 ,121 ,87 ,173 ,313 ,381 ,295 ,172 ,19 ,1 ,1827 ,1827 ,39 ,73 ,59 ,63 ,101 ,244 ,397 ,389 ,381 ,78 ,3
전라남도 보성군 득량면(4678038000),2632 ,2632 ,40 ,119 ,104 ,114 ,221 ,412 ,627 ,466 ,443 ,82 ,4 ,1302 ,1302 ,16 ,68 ,62 ,67 ,135 ,245 ,342 ,208 ,140 ,19 ,0 ,1330 ,1330 ,24 ,51 ,42 ,47 ,86 ,167 ,285 ,258 ,303 ,63 ,4
전라남도 보성군 득량면예당출장소(4678038500),1156 ,1156 ,34 ,69 ,67 ,66 ,113 ,179 ,264 ,184 ,157 ,23 ,0 ,560 ,560 ,22 ,34 ,43 ,38 ,68 ,85 ,135 ,86 ,47 ,2 ,0 ,596 ,596 ,12 ,35 ,24 ,28 ,45 ,94 ,129 ,98 ,110 ,21 ,0
전라남도 보성군 회천면(4678039000),2928 ,2928 ,62 ,140 ,162 ,125 ,220 ,524 ,709 ,501 ,411 ,74 ,0 ,1454 ,1454 ,32 ,66 ,100 ,74 ,128 ,285 ,386 ,223 ,141 ,19 ,0 ,1474 ,1474 ,30 ,74 ,62 ,51 ,92 ,239 ,323 ,278 ,270 ,55 ,0
전라남도 보성군 웅치면(4678040000),1045 ,1045 ,17 ,23 ,61 ,46 ,58 ,159 ,240 ,208 ,188 ,45 ,0 ,518 ,518 ,8 ,16 ,36 ,30 ,37 ,95 ,124 ,94 ,68 ,10 ,0 ,527 ,527 ,9 ,7 ,25 ,16 ,21 ,64 ,116 ,114 ,120 ,35 ,0
전라남도 화순군 (4679000000),61743 ,61743 ,2862 ,5235 ,6341 ,4509 ,7349 ,11324 ,10920 ,6994 ,5431 ,755 ,23 ,30521 ,30521 ,1470 ,2753 ,3381 ,2324 ,3727 ,6111 ,5808 ,3093 ,1687 ,166 ,1 ,31222 ,31222 ,1392 ,2482 ,2960 ,2185 ,3622 ,5213 ,5112 ,3901 ,3744 ,589 ,22
전라남도 화순군 화순읍(4679025000),39371 ,39371 ,2394 ,4363 ,5036 ,3433 ,5697 ,7444 ,5499 ,3241 ,2009 ,245 ,10 ,19260 ,19260 ,1229 ,2276 ,2637 ,1724 ,2732 ,3815 ,2738 ,1377 ,677 ,55 ,0 ,20111 ,20111 ,1165 ,2087 ,2399 ,1709 ,2965 ,3629 ,2761 ,1864 ,1332 ,190 ,10
전라남도 화순군 화순읍민원출장소(4679025100),0 ,0 ,0 ,0 ,0 ,0 ,0 ,0 ,0 ,0 ,0 ,0 ,0 ,0 ,0 ,0 ,0 ,0 ,0 ,0 ,0 ,0 ,0 ,0 ,0 ,0 ,0 ,0 ,0 ,0 ,0 ,0 ,0 ,0 ,0 ,0 ,0 ,0 ,0
전라남도 화순군 한천면(4679031000),912 ,912 ,17 ,33 ,51 ,49 ,87 ,156 ,205 ,174 ,126 ,12 ,2 ,476 ,476 ,7 ,22 ,32 ,28 ,55 ,90 ,121 ,82 ,36 ,3 ,0 ,436 ,436 ,10 ,11 ,19 ,21 ,32 ,66 ,84 ,92 ,90 ,9 ,2
전라남도 화순군 한천면영외출장소(4679031500),412 ,412 ,5 ,12 ,10 ,7 ,36 ,62 ,107 ,89 ,75 ,9 ,0 ,193 ,193 ,0 ,9 ,3 ,6 ,20 ,39 ,57 ,36 ,22 ,1 ,0 ,219 ,219 ,5 ,3 ,7 ,1 ,16 ,23 ,50 ,53 ,53 ,8 ,0
전라남도 화순군 춘양면(4679032000),1734 ,1734 ,27 ,52 ,97 ,67 ,123 ,289 ,412 ,307 ,297 ,61 ,2 ,887 ,887 ,14 ,31 ,54 ,35 ,83 ,179 ,241 ,142 ,92 ,16 ,0 ,847 ,847 ,13 ,21 ,43 ,32 ,40 ,110 ,171 ,165 ,205 ,45 ,2
전라남도 화순군 청풍면(4679033000),1018 ,1018 ,19 ,27 ,34 ,37 ,57 ,172 ,246 ,176 ,209 ,40 ,1 ,496 ,496 ,8 ,12 ,17 ,19 ,41 ,103 ,148 ,85 ,55 ,8 ,0 ,522 ,522 ,11 ,15 ,17 ,18 ,16 ,69 ,98 ,91 ,154 ,32 ,1
전라남도 화순군 이양면(4679034000),1776 ,1776 ,32 ,46 ,90 ,79 ,125 ,280 ,421 ,321 ,323 ,58 ,1 ,872 ,872 ,15 ,27 ,55 ,44 ,76 ,175 ,239 ,150 ,82 ,9 ,0 ,904 ,904 ,17 ,19 ,35 ,35 ,49 ,105 ,182 ,171 ,241 ,49 ,1
전라남도 화순군 능주면(4679035000),3034 ,3034 ,95 ,213 ,230 ,180 ,293 ,473 ,721 ,452 ,329 ,46 ,2 ,1501 ,1501 ,44 ,104 ,134 ,101 ,167 ,265 ,384 ,191 ,103 ,7 ,1 ,1533 ,1533 ,51 ,109 ,96 ,79 ,126 ,208 ,337 ,261 ,226 ,39 ,1
전라남도 화순군 도곡면(4679036000),2811 ,2811 ,67 ,111 ,191 ,148 ,245 ,520 ,672 ,417 ,376 ,62 ,2 ,1421 ,1421 ,35 ,64 ,108 ,82 ,143 ,307 ,361 ,209 ,98 ,14 ,0 ,1390 ,1390 ,32 ,47 ,83 ,66 ,102 ,213 ,311 ,208 ,278 ,48 ,2
전라남도 화순군 도암면(4679037000),1407 ,1407 ,27 ,64 ,66 ,55 ,83 ,237 ,330 ,261 ,248 ,35 ,1 ,733 ,733 ,14 ,37 ,36 ,29 ,49 ,149 ,203 ,113 ,95 ,8 ,0 ,674 ,674 ,13 ,27 ,30 ,26 ,34 ,88 ,127 ,148 ,153 ,27 ,1
전라남도 화순군 이서면(4679038000),917 ,917 ,13 ,28 ,46 ,46 ,53 ,169 ,239 ,163 ,142 ,18 ,0 ,472 ,472 ,7 ,12 ,31 ,23 ,31 ,103 ,137 ,77 ,45 ,6 ,0 ,445 ,445 ,6 ,16 ,15 ,23 ,22 ,66 ,102 ,86 ,97 ,12 ,0
전라남도 화순군 백아면(4679039500),1556 ,1556 ,26 ,61 ,64 ,79 ,77 ,257 ,415 ,278 ,262 ,37 ,0 ,782 ,782 ,19 ,32 ,37 ,42 ,51 ,153 ,241 ,121 ,77 ,9 ,0 ,774 ,774 ,7 ,29 ,27 ,37 ,26 ,104 ,174 ,157 ,185 ,28 ,0
전라남도 화순군 동복면(4679040000),1549 ,1549 ,27 ,50 ,91 ,56 ,93 ,274 ,369 ,266 ,280 ,43 ,0 ,740 ,740 ,13 ,26 ,50 ,35 ,55 ,151 ,214 ,112 ,75 ,9 ,0 ,809 ,809 ,14 ,24 ,41 ,21 ,38 ,123 ,155 ,154 ,205 ,34 ,0
전라남도 화순군 사평면(4679041500),2063 ,2063 ,40 ,51 ,105 ,102 ,137 ,372 ,527 ,345 ,339 ,45 ,0 ,1065 ,1065 ,28 ,32 ,59 ,61 ,85 ,229 ,293 ,160 ,106 ,12 ,0 ,998 ,998 ,12 ,19 ,46 ,41 ,52 ,143 ,234 ,185 ,233 ,33 ,0
전라남도 화순군 동면(4679042000),3183 ,3183 ,73 ,124 ,230 ,171 ,243 ,619 ,757 ,504 ,416 ,44 ,2 ,1623 ,1623 ,37 ,69 ,128 ,95 ,139 ,353 ,431 ,238 ,124 ,9 ,0 ,1560 ,1560 ,36 ,55 ,102 ,76 ,104 ,266 ,326 ,266 ,292 ,35 ,2
전라남도 장흥군 (4680000000),35419 ,35419 ,1596 ,2460 ,2565 ,2309 ,3621 ,5963 ,6956 ,5061 ,4169 ,702 ,17 ,17275 ,17275 ,802 ,1276 ,1475 ,1212 ,2040 ,3252 ,3517 ,2273 ,1290 ,133 ,5 ,18144 ,18144 ,794 ,1184 ,1090 ,1097 ,1581 ,2711 ,3439 ,2788 ,2879 ,569 ,12
전라남도 장흥군 장흥읍(4680025000),14473 ,14473 ,1065 ,1482 ,1386 ,1345 ,1928 ,2457 ,2264 ,1435 ,951 ,158 ,2 ,7081 ,7081 ,539 ,755 ,790 ,664 ,981 ,1287 ,1081 ,651 ,310 ,23 ,0 ,7392 ,7392 ,526 ,727 ,596 ,681 ,947 ,1170 ,1183 ,784 ,641 ,135 ,2
전라남도 장흥군 관산읍(4680025300),4667 ,4667 ,121 ,259 ,255 ,218 ,405 ,733 ,1055 ,836 ,666 ,116 ,3 ,2265 ,2265 ,63 ,150 ,148 ,129 ,237 ,396 ,543 ,379 ,194 ,25 ,1 ,2402 ,2402 ,58 ,109 ,107 ,89 ,168 ,337 ,512 ,457 ,472 ,91 ,2
전라남도 장흥군 대덕읍(4680025600),3179 ,3179 ,90 ,171 ,195 ,150 ,263 ,547 ,700 ,525 ,467 ,68 ,3 ,1520 ,1520 ,32 ,83 ,113 ,83 ,160 ,313 ,356 ,225 ,141 ,13 ,1 ,1659 ,1659 ,58 ,88 ,82 ,67 ,103 ,234 ,344 ,300 ,326 ,55 ,2
전라남도 장흥군 용산면(4680031000),2222 ,2222 ,78 ,97 ,107 ,113 ,184 ,311 ,523 ,373 ,364 ,71 ,1 ,1068 ,1068 ,40 ,50 ,67 ,61 ,125 ,176 ,270 ,174 ,95 ,10 ,0 ,1154 ,1154 ,38 ,47 ,40 ,52 ,59 ,135 ,253 ,199 ,269 ,61 ,1
전라남도 장흥군 안양면(4680032000),2702 ,2702 ,61 ,115 ,144 ,146 ,228 ,470 ,617 ,466 ,368 ,85 ,2 ,1333 ,1333 ,39 ,65 ,76 ,86 ,141 ,263 ,326 ,213 ,109 ,15 ,0 ,1369 ,1369 ,22 ,50 ,68 ,60 ,87 ,207 ,291 ,253 ,259 ,70 ,2
전라남도 장흥군 장동면(4680033000),1181 ,1181 ,34 ,36 ,52 ,58 ,86 ,182 ,274 ,195 ,226 ,35 ,3 ,565 ,565 ,14 ,17 ,28 ,33 ,57 ,107 ,143 ,87 ,70 ,8 ,1 ,616 ,616 ,20 ,19 ,24 ,25 ,29 ,75 ,131 ,108 ,156 ,27 ,2
전라남도 장흥군 장평면(4680034000),2004 ,2004 ,30 ,74 ,132 ,80 ,122 ,360 ,424 ,341 ,385 ,55 ,1 ,972 ,972 ,15 ,35 ,77 ,43 ,86 ,203 ,237 ,153 ,110 ,13 ,0 ,1032 ,1032 ,15 ,39 ,55 ,37 ,36 ,157 ,187 ,188 ,275 ,42 ,1
전라남도 장흥군 유치면(4680035000),980 ,980 ,10 ,19 ,51 ,30 ,68 ,221 ,266 ,150 ,142 ,22 ,1 ,497 ,497 ,3 ,11 ,31 ,18 ,43 ,133 ,140 ,68 ,44 ,5 ,1 ,483 ,483 ,7 ,8 ,20 ,12 ,25 ,88 ,126 ,82 ,98 ,17 ,0
전라남도 장흥군 부산면(4680036000),1380 ,1380 ,32 ,58 ,81 ,45 ,114 ,254 ,248 ,239 ,254 ,54 ,1 ,678 ,678 ,20 ,28 ,41 ,23 ,70 ,149 ,137 ,104 ,92 ,13 ,1 ,702 ,702 ,12 ,30 ,40 ,22 ,44 ,105 ,111 ,135 ,162 ,41 ,0
전라남도 장흥군 회진면(4680037000),2631 ,2631 ,75 ,149 ,162 ,124 ,223 ,428 ,585 ,501 ,346 ,38 ,0 ,1296 ,1296 ,37 ,82 ,104 ,72 ,140 ,225 ,284 ,219 ,125 ,8 ,0 ,1335 ,1335 ,38 ,67 ,58 ,52 ,83 ,203 ,301 ,282 ,221 ,30 ,0
전라남도 강진군 (4681000000),32984 ,32984 ,1387 ,2281 ,2456 ,2139 ,3318 ,5350 ,6651 ,4880 ,3870 ,636 ,16 ,16022 ,16022 ,678 ,1188 ,1391 ,1106 ,1790 ,2946 ,3394 ,2182 ,1230 ,114 ,3 ,16962 ,16962 ,709 ,1093 ,1065 ,1033 ,1528 ,2404 ,3257 ,2698 ,2640 ,522 ,13
전라남도 강진군 강진읍(4681025000),13017 ,13017 ,812 ,1246 ,1333 ,1114 ,1688 ,2167 ,2168 ,1440 ,901 ,145 ,3 ,6227 ,6227 ,397 ,631 ,714 ,552 ,822 ,1090 ,1060 ,637 ,296 ,27 ,1 ,6790 ,6790 ,415 ,615 ,619 ,562 ,866 ,1077 ,1108 ,803 ,605 ,118 ,2
전라남도 강진군 군동면(4681031000),4354 ,4354 ,230 ,335 ,325 ,339 ,415 ,718 ,840 ,562 ,507 ,80 ,3 ,2135 ,2135 ,121 ,190 ,186 ,176 ,215 ,382 ,455 ,244 ,156 ,10 ,0 ,2219 ,2219 ,109 ,145 ,139 ,163 ,200 ,336 ,385 ,318 ,351 ,70 ,3
전라남도 강진군 칠량면(4681032000),2163 ,2163 ,43 ,101 ,114 ,85 ,164 ,348 ,519 ,377 ,364 ,47 ,1 ,1069 ,1069 ,23 ,47 ,78 ,48 ,98 ,200 ,268 ,173 ,124 ,10 ,0 ,1094 ,1094 ,20 ,54 ,36 ,37 ,66 ,148 ,251 ,204 ,240 ,37 ,1
전라남도 강진군 대구면(4681033000),1086 ,1086 ,27 ,41 ,41 ,48 ,86 ,179 ,242 ,224 ,168 ,29 ,1 ,524 ,524 ,9 ,19 ,25 ,28 ,56 ,112 ,117 ,101 ,51 ,6 ,0 ,562 ,562 ,18 ,22 ,16 ,20 ,30 ,67 ,125 ,123 ,117 ,23 ,1
전라남도 강진군 도암면(4681034000),2378 ,2378 ,45 ,109 ,108 ,95 ,169 ,336 ,568 ,476 ,392 ,78 ,2 ,1153 ,1153 ,23 ,52 ,69 ,55 ,104 ,201 ,300 ,214 ,125 ,10 ,0 ,1225 ,1225 ,22 ,57 ,39 ,40 ,65 ,135 ,268 ,262 ,267 ,68 ,2
전라남도 강진군 신전면(4681035000),1684 ,1684 ,40 ,80 ,65 ,57 ,143 ,250 ,417 ,323 ,270 ,38 ,1 ,825 ,825 ,15 ,40 ,42 ,34 ,86 ,143 ,218 ,152 ,89 ,6 ,0 ,859 ,859 ,25 ,40 ,23 ,23 ,57 ,107 ,199 ,171 ,181 ,32 ,1
전라남도 강진군 성전면(4681036000),2653 ,2653 ,56 ,111 ,145 ,144 ,202 ,418 ,637 ,482 ,396 ,62 ,0 ,1309 ,1309 ,27 ,54 ,89 ,78 ,127 ,244 ,335 ,231 ,113 ,11 ,0 ,1344 ,1344 ,29 ,57 ,56 ,66 ,75 ,174 ,302 ,251 ,283 ,51 ,0
전라남도 강진군 작천면(4681037000),1808 ,1808 ,41 ,63 ,103 ,81 ,124 ,280 ,413 ,322 ,319 ,60 ,2 ,895 ,895 ,26 ,37 ,60 ,46 ,79 ,177 ,226 ,131 ,102 ,10 ,1 ,913 ,913 ,15 ,26 ,43 ,35 ,45 ,103 ,187 ,191 ,217 ,50 ,1
전라남도 강진군 병영면(4681038000),1548 ,1548 ,35 ,67 ,88 ,61 ,119 ,271 ,339 ,271 ,247 ,47 ,3 ,737 ,737 ,14 ,41 ,47 ,35 ,74 ,157 ,163 ,119 ,74 ,12 ,1 ,811 ,811 ,21 ,26 ,41 ,26 ,45 ,114 ,176 ,152 ,173 ,35 ,2
전라남도 강진군 옴천면(4681039000),604 ,604 ,11 ,42 ,37 ,20 ,45 ,90 ,110 ,117 ,111 ,21 ,0 ,308 ,308 ,6 ,24 ,24 ,6 ,32 ,61 ,61 ,57 ,30 ,7 ,0 ,296 ,296 ,5 ,18 ,13 ,14 ,13 ,29 ,49 ,60 ,81 ,14 ,0
전라남도 강진군 마량면(4681040000),1689 ,1689 ,47 ,86 ,97 ,95 ,163 ,293 ,398 ,286 ,195 ,29 ,0 ,840 ,840 ,17 ,53 ,57 ,48 ,97 ,179 ,191 ,123 ,70 ,5 ,0 ,849 ,849 ,30 ,33 ,40 ,47 ,66 ,114 ,207 ,163 ,125 ,24 ,0
전라남도 해남군 (4682000000),65414 ,65414 ,3113 ,4801 ,4915 ,4165 ,7268 ,11029 ,12982 ,9374 ,6786 ,952 ,29 ,32614 ,32614 ,1616 ,2442 ,2848 ,2236 ,4016 ,6193 ,6658 ,4232 ,2201 ,172 ,0 ,32800 ,32800 ,1497 ,2359 ,2067 ,1929 ,3252 ,4836 ,6324 ,5142 ,4585 ,780 ,29
전라남도 해남군 해남읍(4682025000),24085 ,24085 ,1903 ,2765 ,2601 ,2189 ,3622 ,4188 ,3502 ,2012 ,1130 ,170 ,3 ,11870 ,11870 ,976 ,1396 ,1441 ,1080 ,1739 ,2177 ,1740 ,895 ,389 ,37 ,0 ,12215 ,12215 ,927 ,1369 ,1160 ,1109 ,1883 ,2011 ,1762 ,1117 ,741 ,133 ,3
전라남도 해남군 삼산면(4682031000),2822 ,2822 ,68 ,125 ,187 ,139 ,237 ,501 ,654 ,516 ,339 ,52 ,4 ,1415 ,1415 ,33 ,66 ,98 ,89 ,140 ,283 ,347 ,238 ,109 ,12 ,0 ,1407 ,1407 ,35 ,59 ,89 ,50 ,97 ,218 ,307 ,278 ,230 ,40 ,4
전라남도 해남군 화산면(4682032000),3032 ,3032 ,104 ,105 ,156 ,157 ,261 ,484 ,688 ,582 ,446 ,47 ,2 ,1522 ,1522 ,58 ,49 ,86 ,98 ,173 ,291 ,343 ,274 ,140 ,10 ,0 ,1510 ,1510 ,46 ,56 ,70 ,59 ,88 ,193 ,345 ,308 ,306 ,37 ,2
전라남도 해남군 현산면(4682033000),2668 ,2668 ,53 ,109 ,136 ,108 ,180 ,461 ,649 ,503 ,408 ,57 ,4 ,1328 ,1328 ,33 ,60 ,95 ,61 ,112 ,260 ,349 ,210 ,144 ,4 ,0 ,1340 ,1340 ,20 ,49 ,41 ,47 ,68 ,201 ,300 ,293 ,264 ,53 ,4
전라남도 해남군 송지면(4682034000),5777 ,5777 ,216 ,332 ,363 ,328 ,581 ,964 ,1320 ,890 ,696 ,85 ,2 ,2864 ,2864 ,111 ,163 ,226 ,200 ,341 ,525 ,651 ,412 ,227 ,8 ,0 ,2913 ,2913 ,105 ,169 ,137 ,128 ,240 ,439 ,669 ,478 ,469 ,77 ,2
전라남도 해남군 북평면(4682035000),2645 ,2645 ,52 ,140 ,171 ,97 ,217 ,418 ,590 ,518 ,396 ,46 ,0 ,1292 ,1292 ,23 ,67 ,107 ,48 ,141 ,235 ,296 ,232 ,129 ,14 ,0 ,1353 ,1353 ,29 ,73 ,64 ,49 ,76 ,183 ,294 ,286 ,267 ,32 ,0
전라남도 해남군 북일면(4682036000),1991 ,1991 ,61 ,84 ,106 ,66 ,159 ,327 ,429 ,386 ,325 ,47 ,1 ,964 ,964 ,37 ,40 ,61 ,36 ,90 ,201 ,228 ,161 ,105 ,5 ,0 ,1027 ,1027 ,24 ,44 ,45 ,30 ,69 ,126 ,201 ,225 ,220 ,42 ,1
전라남도 해남군 옥천면(4682037000),2870 ,2870 ,73 ,137 ,167 ,119 ,251 ,514 ,594 ,503 ,436 ,72 ,4 ,1456 ,1456 ,42 ,73 ,92 ,78 ,141 ,304 ,334 ,230 ,144 ,18 ,0 ,1414 ,1414 ,31 ,64 ,75 ,41 ,110 ,210 ,260 ,273 ,292 ,54 ,4
전라남도 해남군 계곡면(4682038000),2075 ,2075 ,66 ,81 ,63 ,94 ,183 ,298 ,457 ,364 ,414 ,53 ,2 ,993 ,993 ,36 ,46 ,38 ,47 ,110 ,176 ,230 ,179 ,121 ,10 ,0 ,1082 ,1082 ,30 ,35 ,25 ,47 ,73 ,122 ,227 ,185 ,293 ,43 ,2
전라남도 해남군 마산면(4682039000),2313 ,2313 ,43 ,130 ,108 ,91 ,212 ,394 ,489 ,420 ,361 ,63 ,2 ,1177 ,1177 ,26 ,73 ,74 ,49 ,144 ,253 ,249 ,174 ,122 ,13 ,0 ,1136 ,1136 ,17 ,57 ,34 ,42 ,68 ,141 ,240 ,246 ,239 ,50 ,2
전라남도 해남군 황산면(4682040000),4430 ,4430 ,112 ,223 ,214 ,217 ,354 ,714 ,1162 ,791 ,568 ,75 ,0 ,2209 ,2209 ,54 ,116 ,135 ,130 ,220 ,410 ,593 ,365 ,171 ,15 ,0 ,2221 ,2221 ,58 ,107 ,79 ,87 ,134 ,304 ,569 ,426 ,397 ,60 ,0
전라남도 해남군 산이면(4682041000),3545 ,3545 ,131 ,180 ,211 ,196 ,350 ,566 ,785 ,634 ,422 ,70 ,0 ,1827 ,1827 ,67 ,96 ,125 ,101 ,244 ,351 ,422 ,273 ,145 ,3 ,0 ,1718 ,1718 ,64 ,84 ,86 ,95 ,106 ,215 ,363 ,361 ,277 ,67 ,0
전라남도 해남군 문내면(4682042000),3819 ,3819 ,143 ,219 ,213 ,200 ,328 ,618 ,882 ,680 ,469 ,66 ,1 ,1933 ,1933 ,76 ,116 ,137 ,114 ,199 ,358 ,447 ,324 ,150 ,12 ,0 ,1886 ,1886 ,67 ,103 ,76 ,86 ,129 ,260 ,435 ,356 ,319 ,54 ,1
전라남도 해남군 화원면(4682043000),3342 ,3342 ,88 ,171 ,219 ,164 ,333 ,582 ,781 ,575 ,376 ,49 ,4 ,1764 ,1764 ,44 ,81 ,133 ,105 ,222 ,369 ,429 ,265 ,105 ,11 ,0 ,1578 ,1578 ,44 ,90 ,86 ,59 ,111 ,213 ,352 ,310 ,271 ,38 ,4
전라남도 영암군 (4683000000),52592 ,52592 ,2754 ,4163 ,4733 ,4075 ,7096 ,9554 ,9190 ,6006 ,4368 ,638 ,15 ,27465 ,27465 ,1414 ,2183 ,2843 ,2154 ,4213 ,5545 ,4911 ,2680 ,1384 ,136 ,2 ,25127 ,25127 ,1340 ,1980 ,1890 ,1921 ,2883 ,4009 ,4279 ,3326 ,2984 ,502 ,13
전라남도 영암군 영암읍(4683025000),7810 ,7810 ,481 ,724 ,757 ,584 ,997 ,1340 ,1364 ,897 ,558 ,105 ,3 ,3857 ,3857 ,250 ,371 ,421 ,277 ,508 ,711 ,707 ,402 ,184 ,26 ,0 ,3953 ,3953 ,231 ,353 ,336 ,307 ,489 ,629 ,657 ,495 ,374 ,79 ,3
전라남도 영암군 삼호읍(4683025300),15420 ,15420 ,1307 ,1824 ,1677 ,1630 ,2936 ,2828 ,1843 ,899 ,430 ,45 ,1 ,8265 ,8265 ,645 ,950 ,960 ,779 ,1709 ,1662 ,994 ,425 ,135 ,6 ,0 ,7155 ,7155 ,662 ,874 ,717 ,851 ,1227 ,1166 ,849 ,474 ,295 ,39 ,1
전라남도 영암군 삼호읍서부출장소(4683025400),6492 ,6492 ,400 ,643 ,908 ,718 ,1236 ,1509 ,692 ,233 ,129 ,23 ,1 ,3861 ,3861 ,201 ,340 ,595 ,444 ,795 ,918 ,425 ,103 ,37 ,3 ,0 ,2631 ,2631 ,199 ,303 ,313 ,274 ,441 ,591 ,267 ,130 ,92 ,20 ,1
전라남도 영암군 덕진면(4683031000),1756 ,1756 ,51 ,82 ,94 ,101 ,149 ,296 ,370 ,291 ,272 ,50 ,0 ,883 ,883 ,32 ,43 ,54 ,66 ,93 ,188 ,195 ,121 ,78 ,13 ,0 ,873 ,873 ,19 ,39 ,40 ,35 ,56 ,108 ,175 ,170 ,194 ,37 ,0
전라남도 영암군 금정면(4683032000),2056 ,2056 ,29 ,59 ,121 ,79 ,170 ,387 ,485 ,377 ,295 ,52 ,2 ,1041 ,1041 ,14 ,32 ,76 ,37 ,97 ,231 ,284 ,175 ,86 ,9 ,0 ,1015 ,1015 ,15 ,27 ,45 ,42 ,73 ,156 ,201 ,202 ,209 ,43 ,2
전라남도 영암군 신북면(4683033000),3551 ,3551 ,76 ,147 ,203 ,194 ,317 ,616 ,885 ,603 ,443 ,66 ,1 ,1796 ,1796 ,37 ,77 ,146 ,108 ,187 ,342 ,461 ,275 ,144 ,19 ,0 ,1755 ,1755 ,39 ,70 ,57 ,86 ,130 ,274 ,424 ,328 ,299 ,47 ,1
전라남도 영암군 시종면(4683034000),3331 ,3331 ,94 ,109 ,188 ,166 ,295 ,541 ,800 ,613 ,460 ,63 ,2 ,1716 ,1716 ,55 ,61 ,125 ,99 ,199 ,338 ,419 ,277 ,134 ,8 ,1 ,1615 ,1615 ,39 ,48 ,63 ,67 ,96 ,203 ,381 ,336 ,326 ,55 ,1
전라남도 영암군 도포면(4683035000),2154 ,2154 ,47 ,87 ,149 ,115 ,166 ,375 ,487 ,375 ,321 ,31 ,1 ,1122 ,1122 ,33 ,57 ,101 ,73 ,103 ,209 ,268 ,169 ,102 ,7 ,0 ,1032 ,1032 ,14 ,30 ,48 ,42 ,63 ,166 ,219 ,206 ,219 ,24 ,1
전라남도 영암군 군서면(4683036000),3146 ,3146 ,83 ,153 ,201 ,164 ,257 ,516 ,687 ,565 ,448 ,70 ,2 ,1539 ,1539 ,50 ,88 ,126 ,88 ,160 ,304 ,345 ,231 ,135 ,11 ,1 ,1607 ,1607 ,33 ,65 ,75 ,76 ,97 ,212 ,342 ,334 ,313 ,59 ,1
전라남도 영암군 서호면(4683037000),1850 ,1850 ,55 ,68 ,98 ,83 ,140 ,279 ,418 ,342 ,321 ,45 ,1 ,900 ,900 ,23 ,38 ,61 ,47 ,92 ,156 ,219 ,150 ,104 ,10 ,0 ,950 ,950 ,32 ,30 ,37 ,36 ,48 ,123 ,199 ,192 ,217 ,35 ,1
전라남도 영암군 학산면(4683038000),2877 ,2877 ,89 ,179 ,222 ,133 ,249 ,490 ,646 ,452 ,361 ,56 ,0 ,1396 ,1396 ,53 ,83 ,114 ,66 ,143 ,272 ,325 ,194 ,132 ,14 ,0 ,1481 ,1481 ,36 ,96 ,108 ,67 ,106 ,218 ,321 ,258 ,229 ,42 ,0
전라남도 영암군 미암면(4683039000),2149 ,2149 ,42 ,88 ,115 ,108 ,184 ,377 ,513 ,359 ,330 ,32 ,1 ,1089 ,1089 ,21 ,43 ,64 ,70 ,127 ,214 ,269 ,158 ,113 ,10 ,0 ,1060 ,1060 ,21 ,45 ,51 ,38 ,57 ,163 ,244 ,201 ,217 ,22 ,1
전라남도 무안군 (4684000000),90671 ,90671 ,7381 ,10014 ,9277 ,10430 ,14537 ,13548 ,12161 ,7784 ,4823 ,694 ,22 ,45562 ,45562 ,3815 ,5062 ,4994 ,5225 ,7589 ,7423 ,6183 ,3620 ,1537 ,114 ,0 ,45109 ,45109 ,3566 ,4952 ,4283 ,5205 ,6948 ,6125 ,5978 ,4164 ,3286 ,580 ,22
전라남도 무안군 무안읍(4684025000),10922 ,10922 ,664 ,1105 ,1311 ,910 ,1475 ,1913 ,1759 ,1119 ,585 ,80 ,1 ,5446 ,5446 ,338 ,594 ,752 ,455 ,767 ,1005 ,845 ,482 ,197 ,11 ,0 ,5476 ,5476 ,326 ,511 ,559 ,455 ,708 ,908 ,914 ,637 ,388 ,69 ,1
전라남도 무안군 일로읍(4684025300),16374 ,16374 ,2376 ,1957 ,993 ,2365 ,3066 ,1926 ,1725 ,1119 ,722 ,122 ,3 ,8194 ,8194 ,1249 ,942 ,579 ,1088 ,1665 ,1056 ,864 ,504 ,231 ,16 ,0 ,8180 ,8180 ,1127 ,1015 ,414 ,1277 ,1401 ,870 ,861 ,615 ,491 ,106 ,3
전라남도 무안군 삼향읍(4684025600),5304 ,5304 ,141 ,278 ,437 ,325 ,499 ,1011 ,1287 ,783 ,468 ,71 ,4 ,2809 ,2809 ,66 ,140 ,237 ,188 ,297 ,599 ,713 ,392 ,167 ,10 ,0 ,2495 ,2495 ,75 ,138 ,200 ,137 ,202 ,412 ,574 ,391 ,301 ,61 ,4
전라남도 무안군 삼향읍남악출장소(4684025800),34880 ,34880 ,3742 ,5637 ,4589 ,5614 ,7519 ,4633 ,1992 ,797 ,310 ,47 ,0 ,17203 ,17203 ,1926 ,2851 ,2325 ,2742 ,3610 ,2338 ,942 ,364 ,95 ,10 ,0 ,17677 ,17677 ,1816 ,2786 ,2264 ,2872 ,3909 ,2295 ,1050 ,433 ,215 ,37 ,0
전라남도 무안군 몽탄면(4684032000),2945 ,2945 ,34 ,101 ,203 ,128 ,216 ,518 ,691 ,521 ,470 ,63 ,0 ,1480 ,1480 ,19 ,49 ,123 ,82 ,138 ,308 ,369 ,248 ,129 ,15 ,0 ,1465 ,1465 ,15 ,52 ,80 ,46 ,78 ,210 ,322 ,273 ,341 ,48 ,0
전라남도 무안군 청계면(4684033000),6401 ,6401 ,146 ,367 ,878 ,422 ,611 ,1087 ,1338 ,887 ,563 ,95 ,7 ,3323 ,3323 ,75 ,192 ,494 ,243 ,371 ,622 ,708 ,424 ,176 ,18 ,0 ,3078 ,3078 ,71 ,175 ,384 ,179 ,240 ,465 ,630 ,463 ,387 ,77 ,7
전라남도 무안군 현경면(4684034000),4442 ,4442 ,82 ,154 ,279 ,216 ,334 ,823 ,1074 ,852 ,551 ,77 ,0 ,2292 ,2292 ,42 ,70 ,153 ,141 ,226 ,517 ,562 ,394 ,174 ,13 ,0 ,2150 ,2150 ,40 ,84 ,126 ,75 ,108 ,306 ,512 ,458 ,377 ,64 ,0
전라남도 무안군 망운면(4684035000),1874 ,1874 ,50 ,74 ,114 ,102 ,172 ,314 ,479 ,339 ,198 ,29 ,3 ,968 ,968 ,25 ,41 ,57 ,61 ,113 ,186 ,253 ,162 ,65 ,5 ,0 ,906 ,906 ,25 ,33 ,57 ,41 ,59 ,128 ,226 ,177 ,133 ,24 ,3
전라남도 무안군 해제면(4684036000),4727 ,4727 ,100 ,189 ,280 ,206 ,410 ,803 ,1109 ,900 ,652 ,74 ,4 ,2413 ,2413 ,54 ,108 ,176 ,128 ,260 ,478 ,562 ,424 ,214 ,9 ,0 ,2314 ,2314 ,46 ,81 ,104 ,78 ,150 ,325 ,547 ,476 ,438 ,65 ,4
전라남도 무안군 운남면(4684037000),2802 ,2802 ,46 ,152 ,193 ,142 ,235 ,520 ,707 ,467 ,304 ,36 ,0 ,1434 ,1434 ,21 ,75 ,98 ,97 ,142 ,314 ,365 ,226 ,89 ,7 ,0 ,1368 ,1368 ,25 ,77 ,95 ,45 ,93 ,206 ,342 ,241 ,215 ,29 ,0
전라남도 함평군 (4686000000),30791 ,30791 ,1029 ,1933 ,2163 ,1782 ,3073 ,5244 ,6434 ,4663 ,3864 ,587 ,19 ,15573 ,15573 ,519 ,1044 ,1279 ,967 ,1814 ,3113 ,3456 ,2037 ,1222 ,121 ,1 ,15218 ,15218 ,510 ,889 ,884 ,815 ,1259 ,2131 ,2978 ,2626 ,2642 ,466 ,18
전라남도 함평군 함평읍(4686025000),8290 ,8290 ,440 ,757 ,739 ,626 ,1054 ,1404 ,1393 ,993 ,779 ,103 ,2 ,4079 ,4079 ,212 ,405 ,418 ,309 ,555 ,774 ,704 ,434 ,254 ,14 ,0 ,4211 ,4211 ,228 ,352 ,321 ,317 ,499 ,630 ,689 ,559 ,525 ,89 ,2
전라남도 함평군 손불면(4686031000),3220 ,3220 ,96 ,158 ,167 ,141 ,301 ,527 ,687 ,616 ,460 ,64 ,3 ,1660 ,1660 ,47 ,85 ,96 ,86 ,203 ,334 ,382 ,253 ,157 ,16 ,1 ,1560 ,1560 ,49 ,73 ,71 ,55 ,98 ,193 ,305 ,363 ,303 ,48 ,2
전라남도 함평군 신광면(4686032000),1747 ,1747 ,46 ,65 ,100 ,97 ,137 ,270 ,435 ,295 ,249 ,51 ,2 ,876 ,876 ,23 ,32 ,54 ,57 ,95 ,156 ,222 ,138 ,85 ,14 ,0 ,871 ,871 ,23 ,33 ,46 ,40 ,42 ,114 ,213 ,157 ,164 ,37 ,2
전라남도 함평군 학교면(4686033000),3570 ,3570 ,83 ,178 ,209 ,171 ,327 ,596 ,818 ,571 ,520 ,92 ,5 ,1800 ,1800 ,45 ,100 ,119 ,91 ,206 ,372 ,436 ,254 ,156 ,21 ,0 ,1770 ,1770 ,38 ,78 ,90 ,80 ,121 ,224 ,382 ,317 ,364 ,71 ,5
전라남도 함평군 엄다면(4686034000),1860 ,1860 ,48 ,74 ,120 ,86 ,158 ,346 ,391 ,294 ,296 ,46 ,1 ,911 ,911 ,22 ,38 ,81 ,50 ,102 ,202 ,210 ,116 ,83 ,7 ,0 ,949 ,949 ,26 ,36 ,39 ,36 ,56 ,144 ,181 ,178 ,213 ,39 ,1
전라남도 함평군 대동면(4686035000),3034 ,3034 ,66 ,248 ,221 ,158 ,230 ,540 ,622 ,475 ,415 ,57 ,2 ,1580 ,1580 ,33 ,145 ,143 ,90 ,127 ,325 ,345 ,216 ,147 ,9 ,0 ,1454 ,1454 ,33 ,103 ,78 ,68 ,103 ,215 ,277 ,259 ,268 ,48 ,2
전라남도 함평군 나산면(4686036000),2767 ,2767 ,75 ,117 ,158 ,154 ,242 ,447 ,697 ,440 ,375 ,61 ,1 ,1380 ,1380 ,34 ,66 ,91 ,83 ,144 ,271 ,387 ,189 ,108 ,7 ,0 ,1387 ,1387 ,41 ,51 ,67 ,71 ,98 ,176 ,310 ,251 ,267 ,54 ,1
전라남도 함평군 해보면(4686037000),2696 ,2696 ,66 ,133 ,193 ,153 ,255 ,486 ,641 ,385 ,331 ,52 ,1 ,1371 ,1371 ,38 ,66 ,111 ,81 ,132 ,293 ,354 ,174 ,108 ,14 ,0 ,1325 ,1325 ,28 ,67 ,82 ,72 ,123 ,193 ,287 ,211 ,223 ,38 ,1
전라남도 함평군 월야면(4686038000),3607 ,3607 ,109 ,203 ,256 ,196 ,369 ,628 ,750 ,594 ,439 ,61 ,2 ,1916 ,1916 ,65 ,107 ,166 ,120 ,250 ,386 ,416 ,263 ,124 ,19 ,0 ,1691 ,1691 ,44 ,96 ,90 ,76 ,119 ,242 ,334 ,331 ,315 ,42 ,2
전라남도 영광군 (4687000000),52274 ,52274 ,3473 ,3993 ,4594 ,4532 ,6215 ,8446 ,9097 ,6617 ,4686 ,587 ,34 ,26144 ,26144 ,1727 ,2071 ,2591 ,2321 ,3463 ,4735 ,4702 ,2903 ,1503 ,125 ,3 ,26130 ,26130 ,1746 ,1922 ,2003 ,2211 ,2752 ,3711 ,4395 ,3714 ,3183 ,462 ,31
전라남도 영광군 영광읍(4687025000),22203 ,22203 ,1973 ,2364 ,2360 ,2274 ,3291 ,3621 ,3134 ,1935 ,1108 ,133 ,10 ,10904 ,10904 ,998 ,1210 ,1255 ,1093 ,1656 ,1845 ,1559 ,861 ,398 ,28 ,1 ,11299 ,11299 ,975 ,1154 ,1105 ,1181 ,1635 ,1776 ,1575 ,1074 ,710 ,105 ,9
전라남도 영광군 백수읍(4687025300),4522 ,4522 ,164 ,218 ,295 ,253 ,372 ,754 ,932 ,774 ,664 ,92 ,4 ,2231 ,2231 ,78 ,126 ,180 ,140 ,241 ,452 ,473 ,311 ,205 ,25 ,0 ,2291 ,2291 ,86 ,92 ,115 ,113 ,131 ,302 ,459 ,463 ,459 ,67 ,4
전라남도 영광군 홍농읍(4687025600),6659 ,6659 ,549 ,508 ,766 ,814 ,835 ,1142 ,937 ,639 ,420 ,45 ,4 ,3515 ,3515 ,269 ,249 ,456 ,456 ,493 ,675 ,484 ,288 ,139 ,5 ,1 ,3144 ,3144 ,280 ,259 ,310 ,358 ,342 ,467 ,453 ,351 ,281 ,40 ,3
전라남도 영광군 대마면(4687031000),1685 ,1685 ,77 ,74 ,127 ,140 ,149 ,252 ,356 ,253 ,221 ,32 ,4 ,893 ,893 ,40 ,48 ,77 ,84 ,96 ,155 ,203 ,107 ,74 ,8 ,1 ,792 ,792 ,37 ,26 ,50 ,56 ,53 ,97 ,153 ,146 ,147 ,24 ,3
전라남도 영광군 묘량면(4687032000),1723 ,1723 ,96 ,70 ,88 ,121 ,129 ,262 ,368 ,279 ,280 ,29 ,1 ,858 ,858 ,52 ,38 ,45 ,56 ,74 ,155 ,206 ,138 ,85 ,9 ,0 ,865 ,865 ,44 ,32 ,43 ,65 ,55 ,107 ,162 ,141 ,195 ,20 ,1
전라남도 영광군 불갑면(4687033000),1432 ,1432 ,64 ,88 ,94 ,98 ,118 ,224 ,318 ,241 ,161 ,25 ,1 ,744 ,744 ,28 ,54 ,54 ,50 ,67 ,133 ,178 ,117 ,57 ,6 ,0 ,688 ,688 ,36 ,34 ,40 ,48 ,51 ,91 ,140 ,124 ,104 ,19 ,1
전라남도 영광군 군서면(4687034000),2283 ,2283 ,80 ,145 ,160 ,133 ,218 ,395 ,429 ,364 ,318 ,38 ,3 ,1165 ,1165 ,37 ,76 ,104 ,79 ,131 ,260 ,227 ,148 ,97 ,6 ,0 ,1118 ,1118 ,43 ,69 ,56 ,54 ,87 ,135 ,202 ,216 ,221 ,32 ,3
전라남도 영광군 군남면(4687035000),2275 ,2275 ,59 ,75 ,101 ,110 ,174 ,300 ,487 ,436 ,470 ,62 ,1 ,1086 ,1086 ,29 ,45 ,61 ,54 ,105 ,182 ,264 ,181 ,150 ,15 ,0 ,1189 ,1189 ,30 ,30 ,40 ,56 ,69 ,118 ,223 ,255 ,320 ,47 ,1
전라남도 영광군 염산면(4687036000),3867 ,3867 ,130 ,144 ,196 ,192 ,339 ,588 ,935 ,812 ,468 ,60 ,3 ,1911 ,1911 ,63 ,73 ,119 ,104 ,235 ,343 ,469 ,363 ,130 ,12 ,0 ,1956 ,1956 ,67 ,71 ,77 ,88 ,104 ,245 ,466 ,449 ,338 ,48 ,3
전라남도 영광군 법성면(4687037000),5009 ,5009 ,256 ,291 ,376 ,362 ,492 ,798 ,1022 ,797 ,546 ,66 ,3 ,2461 ,2461 ,120 ,143 ,222 ,181 ,298 ,454 ,531 ,343 ,158 ,11 ,0 ,2548 ,2548 ,136 ,148 ,154 ,181 ,194 ,344 ,491 ,454 ,388 ,55 ,3
전라남도 영광군 낙월면(4687038000),417 ,417 ,16 ,13 ,23 ,24 ,71 ,79 ,115 ,50 ,22 ,4 ,0 ,254 ,254 ,7 ,7 ,13 ,17 ,49 ,57 ,68 ,28 ,8 ,0 ,0 ,163 ,163 ,9 ,6 ,10 ,7 ,22 ,22 ,47 ,22 ,14 ,4 ,0
전라남도 영광군 낙월면안마출장소(4687038500),199 ,199 ,9 ,3 ,8 ,11 ,27 ,31 ,64 ,37 ,8 ,1 ,0 ,122 ,122 ,6 ,2 ,5 ,7 ,18 ,24 ,40 ,18 ,2 ,0 ,0 ,77 ,77 ,3 ,1 ,3 ,4 ,9 ,7 ,24 ,19 ,6 ,1 ,0
전라남도 장성군 (4688000000),42947 ,42947 ,2085 ,3062 ,3770 ,3186 ,4992 ,7438 ,8088 ,5545 ,4185 ,577 ,19 ,22093 ,22093 ,1056 ,1588 ,2279 ,1732 ,2768 ,4261 ,4352 ,2563 ,1355 ,135 ,4 ,20854 ,20854 ,1029 ,1474 ,1491 ,1454 ,2224 ,3177 ,3736 ,2982 ,2830 ,442 ,15
전라남도 장성군 장성읍(4688025000),13392 ,13392 ,827 ,1252 ,1232 ,1001 ,1886 ,2215 ,2189 ,1612 ,1039 ,136 ,3 ,6634 ,6634 ,432 ,650 ,671 ,490 ,979 ,1242 ,1089 ,729 ,326 ,26 ,0 ,6758 ,6758 ,395 ,602 ,561 ,511 ,907 ,973 ,1100 ,883 ,713 ,110 ,3
전라남도 장성군 진원면(4688031000),3611 ,3611 ,218 ,295 ,285 ,228 ,427 ,643 ,683 ,448 ,330 ,51 ,3 ,1859 ,1859 ,119 ,163 ,171 ,106 ,215 ,380 ,366 ,221 ,102 ,15 ,1 ,1752 ,1752 ,99 ,132 ,114 ,122 ,212 ,263 ,317 ,227 ,228 ,36 ,2
전라남도 장성군 남면(4688032000),3719 ,3719 ,116 ,172 ,358 ,295 ,408 ,663 ,813 ,480 ,362 ,51 ,1 ,2034 ,2034 ,63 ,87 ,213 ,182 ,263 ,390 ,456 ,245 ,117 ,17 ,1 ,1685 ,1685 ,53 ,85 ,145 ,113 ,145 ,273 ,357 ,235 ,245 ,34 ,0
전라남도 장성군 동화면(4688033000),1807 ,1807 ,43 ,63 ,112 ,117 ,163 ,344 ,430 ,258 ,239 ,36 ,2 ,960 ,960 ,22 ,29 ,72 ,78 ,103 ,207 ,245 ,119 ,72 ,13 ,0 ,847 ,847 ,21 ,34 ,40 ,39 ,60 ,137 ,185 ,139 ,167 ,23 ,2
전라남도 장성군 삼서면(4688034000),3045 ,3045 ,128 ,162 ,192 ,180 ,311 ,561 ,643 ,439 ,392 ,35 ,2 ,1633 ,1633 ,79 ,95 ,133 ,103 ,185 ,325 ,360 ,210 ,129 ,13 ,1 ,1412 ,1412 ,49 ,67 ,59 ,77 ,126 ,236 ,283 ,229 ,263 ,22 ,1
전라남도 장성군 삼계면(4688035000),5733 ,5733 ,463 ,538 ,775 ,707 ,770 ,848 ,725 ,470 ,398 ,36 ,3 ,3037 ,3037 ,207 ,268 ,524 ,394 ,423 ,487 ,403 ,206 ,117 ,8 ,0 ,2696 ,2696 ,256 ,270 ,251 ,313 ,347 ,361 ,322 ,264 ,281 ,28 ,3
전라남도 장성군 황룡면(4688036000),3967 ,3967 ,114 ,240 ,355 ,236 ,422 ,837 ,819 ,525 ,356 ,63 ,0 ,2033 ,2033 ,48 ,114 ,221 ,132 ,245 ,469 ,449 ,237 ,107 ,11 ,0 ,1934 ,1934 ,66 ,126 ,134 ,104 ,177 ,368 ,370 ,288 ,249 ,52 ,0
전라남도 장성군 서삼면(4688037000),1466 ,1466 ,39 ,74 ,119 ,87 ,127 ,265 ,327 ,235 ,167 ,26 ,0 ,771 ,771 ,21 ,40 ,66 ,56 ,77 ,156 ,179 ,110 ,59 ,7 ,0 ,695 ,695 ,18 ,34 ,53 ,31 ,50 ,109 ,148 ,125 ,108 ,19 ,0
전라남도 장성군 북일면(4688038000),1350 ,1350 ,31 ,51 ,87 ,83 ,80 ,196 ,338 ,245 ,206 ,30 ,3 ,679 ,679 ,11 ,26 ,49 ,51 ,45 ,114 ,187 ,104 ,85 ,6 ,1 ,671 ,671 ,20 ,25 ,38 ,32 ,35 ,82 ,151 ,141 ,121 ,24 ,2
전라남도 장성군 북이면(4688039000),2729 ,2729 ,64 ,132 ,156 ,135 ,218 ,450 ,593 ,470 ,445 ,64 ,2 ,1356 ,1356 ,36 ,73 ,104 ,69 ,124 ,260 ,315 ,212 ,149 ,14 ,0 ,1373 ,1373 ,28 ,59 ,52 ,66 ,94 ,190 ,278 ,258 ,296 ,50 ,2
전라남도 장성군 북하면(4688040000),2128 ,2128 ,42 ,83 ,99 ,117 ,180 ,416 ,528 ,363 ,251 ,49 ,0 ,1097 ,1097 ,18 ,43 ,55 ,71 ,109 ,231 ,303 ,170 ,92 ,5 ,0 ,1031 ,1031 ,24 ,40 ,44 ,46 ,71 ,185 ,225 ,193 ,159 ,44 ,0
전라남도 완도군 (4689000000),47310 ,47310 ,2585 ,3385 ,3246 ,3232 ,5678 ,7622 ,9033 ,6934 ,4877 ,701 ,17 ,23874 ,23874 ,1348 ,1769 ,1911 ,1739 ,3319 ,4344 ,4566 ,3128 ,1615 ,134 ,1 ,23436 ,23436 ,1237 ,1616 ,1335 ,1493 ,2359 ,3278 ,4467 ,3806 ,3262 ,567 ,16
전라남도 완도군 완도읍(4689025000),17487 ,17487 ,1262 ,1629 ,1611 ,1543 ,2486 ,2996 ,3040 ,1847 ,938 ,131 ,4 ,8806 ,8806 ,675 ,857 ,904 ,779 ,1310 ,1614 ,1472 ,860 ,305 ,30 ,0 ,8681 ,8681 ,587 ,772 ,707 ,764 ,1176 ,1382 ,1568 ,987 ,633 ,101 ,4
전라남도 완도군 금일읍(4689025300),3519 ,3519 ,179 ,180 ,181 ,233 ,399 ,525 ,721 ,586 ,458 ,54 ,3 ,1782 ,1782 ,91 ,96 ,100 ,138 ,254 ,319 ,368 ,263 ,143 ,9 ,1 ,1737 ,1737 ,88 ,84 ,81 ,95 ,145 ,206 ,353 ,323 ,315 ,45 ,2
전라남도 완도군 노화읍(4689025600),4164 ,4164 ,244 ,386 ,263 ,278 ,561 ,619 ,700 ,558 ,472 ,83 ,0 ,2100 ,2100 ,121 ,201 ,165 ,147 ,335 ,360 ,360 ,243 ,159 ,9 ,0 ,2064 ,2064 ,123 ,185 ,98 ,131 ,226 ,259 ,340 ,315 ,313 ,74 ,0
전라남도 완도군 노화읍넙도출장소(4689029000),721 ,721 ,31 ,38 ,41 ,47 ,107 ,107 ,160 ,142 ,44 ,4 ,0 ,401 ,401 ,16 ,26 ,26 ,30 ,78 ,66 ,74 ,71 ,13 ,1 ,0 ,320 ,320 ,15 ,12 ,15 ,17 ,29 ,41 ,86 ,71 ,31 ,3 ,0
전라남도 완도군 군외면(4689031000),3076 ,3076 ,74 ,108 ,162 ,139 ,286 ,487 ,734 ,588 ,439 ,55 ,4 ,1559 ,1559 ,38 ,54 ,92 ,82 ,186 ,290 ,371 ,292 ,147 ,7 ,0 ,1517 ,1517 ,36 ,54 ,70 ,57 ,100 ,197 ,363 ,296 ,292 ,48 ,4
전라남도 완도군 신지면(4689032000),3233 ,3233 ,103 ,180 ,177 ,173 ,312 ,552 ,679 ,567 ,425 ,65 ,0 ,1645 ,1645 ,45 ,85 ,119 ,99 ,183 ,330 ,368 ,245 ,152 ,19 ,0 ,1588 ,1588 ,58 ,95 ,58 ,74 ,129 ,222 ,311 ,322 ,273 ,46 ,0
전라남도 완도군 고금면(4689033000),4048 ,4048 ,156 ,258 ,198 ,208 ,381 ,608 ,734 ,776 ,646 ,81 ,2 ,1993 ,1993 ,79 ,121 ,129 ,130 ,221 ,361 ,376 ,330 ,231 ,15 ,0 ,2055 ,2055 ,77 ,137 ,69 ,78 ,160 ,247 ,358 ,446 ,415 ,66 ,2
전라남도 완도군 약산면(4689034000),2190 ,2190 ,90 ,81 ,118 ,91 ,188 ,345 ,496 ,437 ,300 ,43 ,1 ,1120 ,1120 ,55 ,43 ,69 ,51 ,130 ,196 ,262 ,198 ,104 ,12 ,0 ,1070 ,1070 ,35 ,38 ,49 ,40 ,58 ,149 ,234 ,239 ,196 ,31 ,1
전라남도 완도군 청산면(4689035000),2035 ,2035 ,57 ,82 ,113 ,118 ,185 ,329 ,452 ,339 ,305 ,54 ,1 ,1002 ,1002 ,28 ,43 ,74 ,73 ,106 ,201 ,230 ,152 ,85 ,10 ,0 ,1033 ,1033 ,29 ,39 ,39 ,45 ,79 ,128 ,222 ,187 ,220 ,44 ,1
전라남도 완도군 청산면모도출장소(4689035500),220 ,220 ,5 ,7 ,12 ,2 ,21 ,40 ,42 ,41 ,41 ,9 ,0 ,114 ,114 ,4 ,4 ,10 ,1 ,13 ,26 ,23 ,21 ,12 ,0 ,0 ,106 ,106 ,1 ,3 ,2 ,1 ,8 ,14 ,19 ,20 ,29 ,9 ,0
전라남도 완도군 소안면(4689036000),2360 ,2360 ,120 ,129 ,119 ,137 ,257 ,335 ,464 ,426 ,321 ,52 ,0 ,1172 ,1172 ,62 ,68 ,73 ,70 ,184 ,196 ,228 ,163 ,115 ,13 ,0 ,1188 ,1188 ,58 ,61 ,46 ,67 ,73 ,139 ,236 ,263 ,206 ,39 ,0
전라남도 완도군 금당면(4689037000),927 ,927 ,37 ,41 ,59 ,45 ,87 ,162 ,174 ,160 ,140 ,21 ,1 ,462 ,462 ,18 ,23 ,37 ,23 ,55 ,96 ,99 ,68 ,39 ,4 ,0 ,465 ,465 ,19 ,18 ,22 ,22 ,32 ,66 ,75 ,92 ,101 ,17 ,1
전라남도 완도군 보길면(4689038000),2567 ,2567 ,195 ,238 ,146 ,179 ,322 ,398 ,480 ,322 ,251 ,36 ,0 ,1305 ,1305 ,97 ,128 ,83 ,94 ,203 ,218 ,247 ,155 ,77 ,3 ,0 ,1262 ,1262 ,98 ,110 ,63 ,85 ,119 ,180 ,233 ,167 ,174 ,33 ,0
전라남도 완도군 생일면(4689039000),763 ,763 ,32 ,28 ,46 ,39 ,86 ,119 ,157 ,145 ,97 ,13 ,1 ,413 ,413 ,19 ,20 ,30 ,22 ,61 ,71 ,88 ,67 ,33 ,2 ,0 ,350 ,350 ,13 ,8 ,16 ,17 ,25 ,48 ,69 ,78 ,64 ,11 ,1
전라남도 진도군 (4690000000),29326 ,29326 ,1357 ,2021 ,2225 ,1938 ,3264 ,4851 ,5638 ,4307 ,3257 ,455 ,13 ,14622 ,14622 ,640 ,1039 ,1311 ,1023 ,1908 ,2793 ,2916 ,1944 ,968 ,79 ,1 ,14704 ,14704 ,717 ,982 ,914 ,915 ,1356 ,2058 ,2722 ,2363 ,2289 ,376 ,12
전라남도 진도군 진도읍(4690025000),10495 ,10495 ,730 ,1070 ,1131 ,1001 ,1507 ,1688 ,1631 ,1047 ,608 ,80 ,2 ,5203 ,5203 ,332 ,565 ,652 ,502 ,785 ,889 ,795 ,482 ,186 ,15 ,0 ,5292 ,5292 ,398 ,505 ,479 ,499 ,722 ,799 ,836 ,565 ,422 ,65 ,2
전라남도 진도군 군내면(4690031000),2915 ,2915 ,86 ,161 ,183 ,151 ,287 ,478 ,616 ,492 ,409 ,51 ,1 ,1472 ,1472 ,47 ,73 ,113 ,82 ,171 ,279 ,337 ,228 ,127 ,15 ,0 ,1443 ,1443 ,39 ,88 ,70 ,69 ,116 ,199 ,279 ,264 ,282 ,36 ,1
전라남도 진도군 고군면(4690032000),3478 ,3478 ,158 ,237 ,224 ,214 ,368 ,542 ,746 ,520 ,395 ,68 ,6 ,1698 ,1698 ,80 ,114 ,133 ,113 ,232 ,304 ,369 ,228 ,114 ,11 ,0 ,1780 ,1780 ,78 ,123 ,91 ,101 ,136 ,238 ,377 ,292 ,281 ,57 ,6
전라남도 진도군 의신면(4690033000),3360 ,3360 ,98 ,135 ,191 ,171 ,328 ,570 ,773 ,579 ,448 ,65 ,2 ,1731 ,1731 ,48 ,73 ,119 ,97 ,225 ,346 ,399 ,264 ,151 ,8 ,1 ,1629 ,1629 ,50 ,62 ,72 ,74 ,103 ,224 ,374 ,315 ,297 ,57 ,1
전라남도 진도군 임회면(4690034000),3270 ,3270 ,97 ,153 ,184 ,150 ,264 ,580 ,706 ,596 ,456 ,84 ,0 ,1607 ,1607 ,49 ,76 ,102 ,81 ,163 ,345 ,381 ,263 ,131 ,16 ,0 ,1663 ,1663 ,48 ,77 ,82 ,69 ,101 ,235 ,325 ,333 ,325 ,68 ,0
전라남도 진도군 지산면(4690035000),2975 ,2975 ,84 ,111 ,160 ,117 ,215 ,481 ,632 ,604 ,507 ,63 ,1 ,1445 ,1445 ,42 ,55 ,97 ,66 ,142 ,294 ,334 ,262 ,145 ,8 ,0 ,1530 ,1530 ,42 ,56 ,63 ,51 ,73 ,187 ,298 ,342 ,362 ,55 ,1
전라남도 진도군 조도면(4690036000),2205 ,2205 ,72 ,114 ,119 ,107 ,230 ,386 ,427 ,366 ,357 ,26 ,1 ,1137 ,1137 ,26 ,59 ,76 ,64 ,145 ,249 ,250 ,169 ,97 ,2 ,0 ,1068 ,1068 ,46 ,55 ,43 ,43 ,85 ,137 ,177 ,197 ,260 ,24 ,1
전라남도 진도군 조도면가사출장소(4690036500),253 ,253 ,11 ,3 ,15 ,8 ,28 ,46 ,47 ,43 ,42 ,10 ,0 ,136 ,136 ,7 ,3 ,6 ,8 ,21 ,31 ,26 ,23 ,8 ,3 ,0 ,117 ,117 ,4 ,0 ,9 ,0 ,7 ,15 ,21 ,20 ,34 ,7 ,0
전라남도 진도군 조도면거차출장소(4690036600),375 ,375 ,21 ,37 ,18 ,19 ,37 ,80 ,60 ,60 ,35 ,8 ,0 ,193 ,193 ,9 ,21 ,13 ,10 ,24 ,56 ,25 ,25 ,9 ,1 ,0 ,182 ,182 ,12 ,16 ,5 ,9 ,13 ,24 ,35 ,35 ,26 ,7 ,0
전라남도 신안군 (4691000000),37962 ,37962 ,1299 ,1919 ,2413 ,2313 ,3996 ,6752 ,8300 ,5969 ,4406 ,576 ,19 ,20459 ,20459 ,684 ,981 ,1473 ,1423 ,2683 ,4187 ,4673 ,2841 ,1408 ,102 ,4 ,17503 ,17503 ,615 ,938 ,940 ,890 ,1313 ,2565 ,3627 ,3128 ,2998 ,474 ,15
전라남도 신안군 지도읍(4691025000),4293 ,4293 ,145 ,207 ,276 ,257 ,431 ,725 ,975 ,678 ,525 ,73 ,1 ,2265 ,2265 ,86 ,106 ,169 ,155 ,274 ,440 ,546 ,313 ,163 ,12 ,1 ,2028 ,2028 ,59 ,101 ,107 ,102 ,157 ,285 ,429 ,365 ,362 ,61 ,0
전라남도 신안군 지도읍선도출장소(4691025100),233 ,233 ,4 ,8 ,11 ,11 ,15 ,40 ,64 ,33 ,41 ,6 ,0 ,127 ,127 ,2 ,3 ,10 ,7 ,9 ,30 ,41 ,12 ,12 ,1 ,0 ,106 ,106 ,2 ,5 ,1 ,4 ,6 ,10 ,23 ,21 ,29 ,5 ,0
전라남도 신안군 압해읍(4691025300),5509 ,5509 ,173 ,274 ,377 ,360 ,571 ,1005 ,1355 ,791 ,531 ,71 ,1 ,2990 ,2990 ,92 ,138 ,228 ,223 ,366 ,585 ,764 ,383 ,199 ,12 ,0 ,2519 ,2519 ,81 ,136 ,149 ,137 ,205 ,420 ,591 ,408 ,332 ,59 ,1
전라남도 신안군 압해읍매화출장소(4691025400),244 ,244 ,10 ,5 ,4 ,12 ,21 ,35 ,72 ,48 ,34 ,3 ,0 ,121 ,121 ,6 ,1 ,3 ,7 ,16 ,17 ,45 ,18 ,8 ,0 ,0 ,123 ,123 ,4 ,4 ,1 ,5 ,5 ,18 ,27 ,30 ,26 ,3 ,0
전라남도 신안군 압해읍고이도출장소(4691025500),215 ,215 ,13 ,8 ,5 ,14 ,20 ,30 ,43 ,50 ,28 ,4 ,0 ,122 ,122 ,7 ,5 ,4 ,11 ,13 ,21 ,22 ,26 ,11 ,2 ,0 ,93 ,93 ,6 ,3 ,1 ,3 ,7 ,9 ,21 ,24 ,17 ,2 ,0
전라남도 신안군 증도면(4691031000),1438 ,1438 ,34 ,48 ,71 ,69 ,153 ,300 ,297 ,238 ,209 ,18 ,1 ,780 ,780 ,17 ,23 ,44 ,43 ,116 ,189 ,171 ,108 ,66 ,3 ,0 ,658 ,658 ,17 ,25 ,27 ,26 ,37 ,111 ,126 ,130 ,143 ,15 ,1
전라남도 신안군 증도면병풍출장소(4691031500),303 ,303 ,9 ,13 ,17 ,14 ,27 ,63 ,69 ,56 ,32 ,3 ,0 ,174 ,174 ,3 ,11 ,8 ,13 ,19 ,44 ,37 ,25 ,14 ,0 ,0 ,129 ,129 ,6 ,2 ,9 ,1 ,8 ,19 ,32 ,31 ,18 ,3 ,0
전라남도 신안군 임자면(4691032000),3157 ,3157 ,138 ,215 ,227 ,179 ,385 ,586 ,605 ,488 ,307 ,26 ,1 ,1677 ,1677 ,66 ,110 ,141 ,100 ,266 ,354 ,333 ,219 ,86 ,2 ,0 ,1480 ,1480 ,72 ,105 ,86 ,79 ,119 ,232 ,272 ,269 ,221 ,24 ,1
전라남도 신안군 자은면(4691033000),2238 ,2238 ,70 ,81 ,116 ,127 ,194 ,413 ,540 ,378 ,298 ,21 ,0 ,1209 ,1209 ,36 ,46 ,69 ,87 ,135 ,237 ,290 ,188 ,115 ,6 ,0 ,1029 ,1029 ,34 ,35 ,47 ,40 ,59 ,176 ,250 ,190 ,183 ,15 ,0
전라남도 신안군 비금면(4691034000),3500 ,3500 ,107 ,187 ,202 ,197 ,383 ,650 ,764 ,551 ,397 ,60 ,2 ,1873 ,1873 ,56 ,95 ,108 ,125 ,243 ,420 ,427 ,269 ,121 ,9 ,0 ,1627 ,1627 ,51 ,92 ,94 ,72 ,140 ,230 ,337 ,282 ,276 ,51 ,2
전라남도 신안군 도초면(4691035000),2443 ,2443 ,106 ,188 ,165 ,153 ,256 ,375 ,477 ,357 ,323 ,43 ,0 ,1268 ,1268 ,57 ,88 ,100 ,93 ,160 ,225 ,263 ,179 ,92 ,11 ,0 ,1175 ,1175 ,49 ,100 ,65 ,60 ,96 ,150 ,214 ,178 ,231 ,32 ,0
전라남도 신안군 도초면우이도출장소(4691035500),220 ,220 ,6 ,7 ,8 ,14 ,21 ,55 ,57 ,33 ,13 ,6 ,0 ,129 ,129 ,4 ,4 ,5 ,6 ,14 ,37 ,36 ,21 ,2 ,0 ,0 ,91 ,91 ,2 ,3 ,3 ,8 ,7 ,18 ,21 ,12 ,11 ,6 ,0
전라남도 신안군 흑산면(4691036000),2145 ,2145 ,54 ,103 ,168 ,163 ,250 ,440 ,389 ,322 ,218 ,31 ,7 ,1237 ,1237 ,33 ,51 ,111 ,108 ,191 ,282 ,239 ,155 ,65 ,1 ,1 ,908 ,908 ,21 ,52 ,57 ,55 ,59 ,158 ,150 ,167 ,153 ,30 ,6
전라남도 신안군 흑산면가거도출장소(4691036500),411 ,411 ,10 ,17 ,44 ,41 ,73 ,96 ,69 ,34 ,26 ,1 ,0 ,271 ,271 ,7 ,9 ,32 ,35 ,57 ,70 ,38 ,15 ,8 ,0 ,0 ,140 ,140 ,3 ,8 ,12 ,6 ,16 ,26 ,31 ,19 ,18 ,1 ,0
전라남도 신안군 흑산면태도출장소(4691036600),192 ,192 ,10 ,17 ,10 ,13 ,25 ,34 ,35 ,28 ,18 ,2 ,0 ,112 ,112 ,3 ,11 ,5 ,7 ,22 ,25 ,24 ,12 ,2 ,1 ,0 ,80 ,80 ,7 ,6 ,5 ,6 ,3 ,9 ,11 ,16 ,16 ,1 ,0
전라남도 신안군 흑산면홍도출장소(4691036700),440 ,440 ,16 ,19 ,43 ,39 ,66 ,108 ,74 ,41 ,32 ,2 ,0 ,248 ,248 ,8 ,10 ,25 ,26 ,45 ,69 ,40 ,17 ,7 ,1 ,0 ,192 ,192 ,8 ,9 ,18 ,13 ,21 ,39 ,34 ,24 ,25 ,1 ,0
전라남도 신안군 흑산면대둔도출장소(4691036800),285 ,285 ,8 ,13 ,24 ,12 ,38 ,53 ,68 ,44 ,21 ,3 ,1 ,170 ,170 ,3 ,7 ,14 ,10 ,28 ,40 ,42 ,20 ,6 ,0 ,0 ,115 ,115 ,5 ,6 ,10 ,2 ,10 ,13 ,26 ,24 ,15 ,3 ,1
전라남도 신안군 하의면(4691037000),1654 ,1654 ,45 ,99 ,85 ,88 ,175 ,290 ,353 ,290 ,205 ,24 ,0 ,902 ,902 ,22 ,51 ,51 ,55 ,113 ,195 ,202 ,145 ,66 ,2 ,0 ,752 ,752 ,23 ,48 ,34 ,33 ,62 ,95 ,151 ,145 ,139 ,22 ,0
전라남도 신안군 신의면(4691038000),1489 ,1489 ,49 ,107 ,112 ,106 ,208 ,265 ,288 ,203 ,138 ,12 ,1 ,820 ,820 ,20 ,56 ,73 ,60 ,140 ,162 ,170 ,99 ,36 ,3 ,1 ,669 ,669 ,29 ,51 ,39 ,46 ,68 ,103 ,118 ,104 ,102 ,9 ,0
전라남도 신안군 장산면(4691039000),1502 ,1502 ,57 ,66 ,71 ,89 ,160 ,217 ,337 ,268 ,206 ,30 ,1 ,817 ,817 ,31 ,29 ,46 ,53 ,105 ,157 ,188 ,125 ,76 ,7 ,0 ,685 ,685 ,26 ,37 ,25 ,36 ,55 ,60 ,149 ,143 ,130 ,23 ,1
전라남도 신안군 안좌면(4691040000),2861 ,2861 ,110 ,128 ,212 ,184 ,263 ,450 ,599 ,484 ,360 ,70 ,1 ,1494 ,1494 ,59 ,66 ,129 ,104 ,175 ,275 ,332 ,225 ,115 ,14 ,0 ,1367 ,1367 ,51 ,62 ,83 ,80 ,88 ,175 ,267 ,259 ,245 ,56 ,1
전라남도 신안군 안좌면자라출장소(4691040500),311 ,311 ,20 ,9 ,17 ,37 ,24 ,54 ,69 ,47 ,29 ,5 ,0 ,166 ,166 ,11 ,5 ,9 ,19 ,17 ,30 ,36 ,28 ,9 ,2 ,0 ,145 ,145 ,9 ,4 ,8 ,18 ,7 ,24 ,33 ,19 ,20 ,3 ,0
전라남도 신안군 팔금면(4691041000),936 ,936 ,21 ,31 ,35 ,50 ,69 ,129 ,231 ,193 ,151 ,25 ,1 ,475 ,475 ,11 ,15 ,25 ,32 ,52 ,73 ,125 ,90 ,49 ,3 ,0 ,461 ,461 ,10 ,16 ,10 ,18 ,17 ,56 ,106 ,103 ,102 ,22 ,1
전라남도 신안군 암태면(4691042000),1943 ,1943 ,84 ,69 ,113 ,84 ,168 ,339 ,470 ,314 ,264 ,37 ,1 ,1012 ,1012 ,44 ,41 ,64 ,44 ,107 ,210 ,262 ,149 ,80 ,10 ,1 ,931 ,931 ,40 ,28 ,49 ,40 ,61 ,129 ,208 ,165 ,184 ,27 ,0
경상북도  (4700000000),2592205 ,2592205 ,160547 ,219610 ,255736 ,264967 ,366170 ,447264 ,450782 ,251671 ,152430 ,22447 ,581 ,1308840 ,1308840 ,82668 ,115111 ,146205 ,143122 ,190259 ,232255 ,226814 ,115970 ,51656 ,4714 ,66 ,1283365 ,1283365 ,77879 ,104499 ,109531 ,121845 ,175911 ,215009 ,223968 ,135701 ,100774 ,17733 ,515
경상북도 포항시 (4711000000),493914 ,493914 ,33553 ,45632 ,51057 ,54317 ,74811 ,86725 ,85496 ,41627 ,18116 ,2508 ,72 ,250363 ,250363 ,17385 ,23916 ,29621 ,29426 ,37943 ,43570 ,41786 ,19880 ,6349 ,476 ,11 ,243551 ,243551 ,16168 ,21716 ,21436 ,24891 ,36868 ,43155 ,43710 ,21747 ,11767 ,2032 ,61
경상북도 포항시 남구 (4711100000),226446 ,226446 ,14528 ,20832 ,24143 ,24373 ,34714 ,39894 ,39267 ,19556 ,8086 ,1026 ,27 ,117356 ,117356 ,7516 ,10962 ,14591 ,13491 ,18105 ,20778 ,19426 ,9397 ,2904 ,180 ,6 ,109090 ,109090 ,7012 ,9870 ,9552 ,10882 ,16609 ,19116 ,19841 ,10159 ,5182 ,846 ,21
경상북도 포항시 남구 구룡포읍(4711125000),7000 ,7000 ,93 ,218 ,326 ,344 ,635 ,1218 ,1972 ,1287 ,821 ,84 ,2 ,3543 ,3543 ,45 ,119 ,212 ,213 ,390 ,687 ,1031 ,547 ,283 ,16 ,0 ,3457 ,3457 ,48 ,99 ,114 ,131 ,245 ,531 ,941 ,740 ,538 ,68 ,2
경상북도 포항시 남구 연일읍(4711125300),29628 ,29628 ,1833 ,3486 ,3218 ,2613 ,4770 ,5925 ,4854 ,2039 ,792 ,97 ,1 ,15051 ,15051 ,944 ,1803 ,1851 ,1379 ,2307 ,2965 ,2458 ,1048 ,276 ,20 ,0 ,14577 ,14577 ,889 ,1683 ,1367 ,1234 ,2463 ,2960 ,2396 ,991 ,516 ,77 ,1
경상북도 포항시 남구 오천읍(4711125600),55639 ,55639 ,4695 ,6028 ,6452 ,7337 ,10443 ,8978 ,7245 ,2956 ,1329 ,171 ,5 ,29844 ,29844 ,2404 ,3225 ,3978 ,4105 ,5648 ,4896 ,3697 ,1385 ,471 ,34 ,1 ,25795 ,25795 ,2291 ,2803 ,2474 ,3232 ,4795 ,4082 ,3548 ,1571 ,858 ,137 ,4
경상북도 포항시 남구 대송면(4711131000),3280 ,3280 ,54 ,109 ,191 ,249 ,266 ,574 ,984 ,554 ,258 ,39 ,2 ,1710 ,1710 ,26 ,59 ,116 ,152 ,165 ,315 ,531 ,264 ,79 ,2 ,1 ,1570 ,1570 ,28 ,50 ,75 ,97 ,101 ,259 ,453 ,290 ,179 ,37 ,1
경상북도 포항시 남구 동해면(4711132000),9672 ,9672 ,449 ,721 ,860 ,928 ,1158 ,1752 ,1980 ,1147 ,588 ,85 ,4 ,4885 ,4885 ,230 ,365 ,503 ,502 ,623 ,923 ,993 ,523 ,202 ,20 ,1 ,4787 ,4787 ,219 ,356 ,357 ,426 ,535 ,829 ,987 ,624 ,386 ,65 ,3
경상북도 포항시 남구 장기면(4711133000),3916 ,3916 ,50 ,127 ,139 ,162 ,282 ,624 ,987 ,796 ,639 ,104 ,6 ,1920 ,1920 ,36 ,54 ,85 ,97 ,171 ,365 ,501 ,373 ,215 ,21 ,2 ,1996 ,1996 ,14 ,73 ,54 ,65 ,111 ,259 ,486 ,423 ,424 ,83 ,4
경상북도 포항시 남구 호미곶면(4711135000),1764 ,1764 ,22 ,53 ,82 ,68 ,140 ,281 ,475 ,365 ,241 ,37 ,0 ,854 ,854 ,8 ,32 ,49 ,42 ,96 ,160 ,251 ,148 ,66 ,2 ,0 ,910 ,910 ,14 ,21 ,33 ,26 ,44 ,121 ,224 ,217 ,175 ,35 ,0
경상북도 포항시 남구 상대동(4711152500),24367 ,24367 ,964 ,1418 ,2995 ,2752 ,3258 ,4145 ,5095 ,2861 ,790 ,86 ,3 ,12764 ,12764 ,522 ,738 ,1804 ,1652 ,1834 ,2125 ,2340 ,1390 ,345 ,13 ,1 ,11603 ,11603 ,442 ,680 ,1191 ,1100 ,1424 ,2020 ,2755 ,1471 ,445 ,73 ,2
경상북도 포항시 남구 해도동(4711154500),16747 ,16747 ,488 ,740 ,1438 ,1513 ,2052 ,3042 ,4131 ,2453 ,803 ,86 ,1 ,8590 ,8590 ,253 ,378 ,885 ,924 ,1176 ,1603 ,1875 ,1146 ,340 ,10 ,0 ,8157 ,8157 ,235 ,362 ,553 ,589 ,876 ,1439 ,2256 ,1307 ,463 ,76 ,1
경상북도 포항시 남구 송도동(4711155000),11860 ,11860 ,345 ,599 ,892 ,878 ,1320 ,1993 ,3085 ,1907 ,758 ,82 ,1 ,5922 ,5922 ,185 ,327 ,510 ,512 ,730 ,1057 ,1412 ,898 ,270 ,21 ,0 ,5938 ,5938 ,160 ,272 ,382 ,366 ,590 ,936 ,1673 ,1009 ,488 ,61 ,1
경상북도 포항시 남구 청림동(4711156000),4772 ,4772 ,191 ,241 ,627 ,557 ,500 ,763 ,996 ,624 ,244 ,29 ,0 ,2586 ,2586 ,96 ,120 ,414 ,344 ,307 ,423 ,487 ,291 ,99 ,5 ,0 ,2186 ,2186 ,95 ,121 ,213 ,213 ,193 ,340 ,509 ,333 ,145 ,24 ,0
경상북도 포항시 남구 제철동(4711157000),2785 ,2785 ,116 ,180 ,559 ,345 ,325 ,463 ,469 ,234 ,84 ,9 ,1 ,1639 ,1639 ,68 ,91 ,435 ,233 ,175 ,249 ,243 ,114 ,28 ,3 ,0 ,1146 ,1146 ,48 ,89 ,124 ,112 ,150 ,214 ,226 ,120 ,56 ,6 ,1
경상북도 포항시 남구 효곡동(4711158000),30008 ,30008 ,3264 ,4118 ,3116 ,3388 ,5501 ,5033 ,3987 ,1265 ,276 ,59 ,1 ,15297 ,15297 ,1680 ,2201 ,1868 ,1600 ,2596 ,2466 ,2046 ,733 ,100 ,7 ,0 ,14711 ,14711 ,1584 ,1917 ,1248 ,1788 ,2905 ,2567 ,1941 ,532 ,176 ,52 ,1
경상북도 포항시 남구 대이동(4711159000),25008 ,25008 ,1964 ,2794 ,3248 ,3239 ,4064 ,5103 ,3007 ,1068 ,463 ,58 ,0 ,12751 ,12751 ,1019 ,1450 ,1881 ,1736 ,1887 ,2544 ,1561 ,537 ,130 ,6 ,0 ,12257 ,12257 ,945 ,1344 ,1367 ,1503 ,2177 ,2559 ,1446 ,531 ,333 ,52 ,0
경상북도 포항시 북구 (4711300000),267468 ,267468 ,19025 ,24800 ,26914 ,29944 ,40097 ,46831 ,46229 ,22071 ,10030 ,1482 ,45 ,133007 ,133007 ,9869 ,12954 ,15030 ,15935 ,19838 ,22792 ,22360 ,10483 ,3445 ,296 ,5 ,134461 ,134461 ,9156 ,11846 ,11884 ,14009 ,20259 ,24039 ,23869 ,11588 ,6585 ,1186 ,40
경상북도 포항시 북구 흥해읍(4711325000),40093 ,40093 ,3348 ,3638 ,3670 ,4465 ,6198 ,6930 ,6682 ,3205 ,1689 ,257 ,11 ,20033 ,20033 ,1762 ,1894 ,2104 ,2329 ,3098 ,3444 ,3356 ,1477 ,525 ,42 ,2 ,20060 ,20060 ,1586 ,1744 ,1566 ,2136 ,3100 ,3486 ,3326 ,1728 ,1164 ,215 ,9
경상북도 포항시 북구 신광면(4711331000),2866 ,2866 ,54 ,81 ,144 ,103 ,203 ,440 ,846 ,521 ,383 ,89 ,2 ,1429 ,1429 ,21 ,49 ,90 ,56 ,124 ,243 ,452 ,255 ,125 ,14 ,0 ,1437 ,1437 ,33 ,32 ,54 ,47 ,79 ,197 ,394 ,266 ,258 ,75 ,2
경상북도 포항시 북구 청하면(4711332000),4621 ,4621 ,70 ,190 ,246 ,221 ,425 ,825 ,1195 ,791 ,563 ,94 ,1 ,2276 ,2276 ,37 ,101 ,155 ,122 ,261 ,456 ,600 ,353 ,169 ,22 ,0 ,2345 ,2345 ,33 ,89 ,91 ,99 ,164 ,369 ,595 ,438 ,394 ,72 ,1
경상북도 포항시 북구 송라면(4711333000),2437 ,2437 ,35 ,70 ,121 ,97 ,175 ,426 ,642 ,480 ,333 ,57 ,1 ,1166 ,1166 ,13 ,33 ,62 ,58 ,115 ,232 ,322 ,223 ,102 ,6 ,0 ,1271 ,1271 ,22 ,37 ,59 ,39 ,60 ,194 ,320 ,257 ,231 ,51 ,1
경상북도 포항시 북구 기계면(4711334000),4948 ,4948 ,87 ,168 ,232 ,218 ,336 ,830 ,1362 ,915 ,687 ,111 ,2 ,2419 ,2419 ,46 ,75 ,142 ,155 ,195 ,442 ,689 ,433 ,218 ,24 ,0 ,2529 ,2529 ,41 ,93 ,90 ,63 ,141 ,388 ,673 ,482 ,469 ,87 ,2
경상북도 포항시 북구 죽장면(4711335000),2103 ,2103 ,28 ,47 ,44 ,58 ,103 ,376 ,669 ,414 ,320 ,41 ,3 ,1048 ,1048 ,15 ,31 ,27 ,33 ,63 ,218 ,341 ,206 ,108 ,6 ,0 ,1055 ,1055 ,13 ,16 ,17 ,25 ,40 ,158 ,328 ,208 ,212 ,35 ,3
경상북도 포항시 북구 죽장면상옥출장소(4711335500),613 ,613 ,6 ,10 ,22 ,13 ,25 ,113 ,224 ,115 ,75 ,9 ,1 ,315 ,315 ,2 ,5 ,10 ,11 ,15 ,67 ,106 ,65 ,32 ,2 ,0 ,298 ,298 ,4 ,5 ,12 ,2 ,10 ,46 ,118 ,50 ,43 ,7 ,1
경상북도 포항시 북구 기북면(4711336000),1308 ,1308 ,16 ,36 ,47 ,48 ,87 ,206 ,375 ,270 ,187 ,33 ,3 ,654 ,654 ,6 ,21 ,28 ,32 ,51 ,118 ,197 ,135 ,54 ,12 ,0 ,654 ,654 ,10 ,15 ,19 ,16 ,36 ,88 ,178 ,135 ,133 ,21 ,3
경상북도 포항시 북구 중앙동(4711352000),14849 ,14849 ,521 ,723 ,1443 ,1640 ,1796 ,2414 ,3186 ,2052 ,957 ,114 ,3 ,7333 ,7333 ,253 ,365 ,782 ,940 ,961 ,1248 ,1477 ,931 ,355 ,19 ,2 ,7516 ,7516 ,268 ,358 ,661 ,700 ,835 ,1166 ,1709 ,1121 ,602 ,95 ,1
경상북도 포항시 북구 양학동(4711363000),16150 ,16150 ,967 ,1612 ,1778 ,1694 ,2332 ,3245 ,2869 ,1183 ,405 ,65 ,0 ,7974 ,7974 ,491 ,850 ,1026 ,907 ,1082 ,1506 ,1389 ,558 ,153 ,12 ,0 ,8176 ,8176 ,476 ,762 ,752 ,787 ,1250 ,1739 ,1480 ,625 ,252 ,53 ,0
경상북도 포항시 북구 죽도동(4711365500),19674 ,19674 ,675 ,873 ,2271 ,2303 ,2451 ,3211 ,4230 ,2579 ,956 ,121 ,4 ,9754 ,9754 ,336 ,443 ,1211 ,1382 ,1351 ,1569 ,1840 ,1193 ,394 ,34 ,1 ,9920 ,9920 ,339 ,430 ,1060 ,921 ,1100 ,1642 ,2390 ,1386 ,562 ,87 ,3
경상북도 포항시 북구 용흥동(4711366500),21419 ,21419 ,1152 ,1812 ,2097 ,2041 ,3001 ,3888 ,4324 ,2166 ,823 ,112 ,3 ,10476 ,10476 ,595 ,994 ,1157 ,1087 ,1461 ,1807 ,1977 ,1035 ,332 ,31 ,0 ,10943 ,10943 ,557 ,818 ,940 ,954 ,1540 ,2081 ,2347 ,1131 ,491 ,81 ,3
경상북도 포항시 북구 우창동(4711368000),33033 ,33033 ,2987 ,3205 ,3299 ,4464 ,5069 ,5906 ,5195 ,1994 ,805 ,103 ,6 ,16125 ,16125 ,1555 ,1708 ,1802 ,2309 ,2411 ,2692 ,2498 ,913 ,226 ,11 ,0 ,16908 ,16908 ,1432 ,1497 ,1497 ,2155 ,2658 ,3214 ,2697 ,1081 ,579 ,92 ,6
경상북도 포항시 북구 두호동(4711369000),22481 ,22481 ,1568 ,2226 ,2368 ,2432 ,3150 ,4342 ,4069 ,1648 ,599 ,77 ,2 ,11055 ,11055 ,811 ,1140 ,1298 ,1304 ,1464 ,2024 ,1962 ,802 ,231 ,19 ,0 ,11426 ,11426 ,757 ,1086 ,1070 ,1128 ,1686 ,2318 ,2107 ,846 ,368 ,58 ,2
경상북도 포항시 북구 장량동(4711370000),71642 ,71642 ,6756 ,8985 ,8377 ,9096 ,13132 ,12259 ,8868 ,2977 ,1015 ,174 ,3 ,36414 ,36414 ,3535 ,4687 ,4721 ,4681 ,6389 ,6039 ,4454 ,1541 ,333 ,34 ,0 ,35228 ,35228 ,3221 ,4298 ,3656 ,4415 ,6743 ,6220 ,4414 ,1436 ,682 ,140 ,3
경상북도 포항시 북구 환여동(4711371000),9231 ,9231 ,755 ,1124 ,755 ,1051 ,1614 ,1420 ,1493 ,761 ,233 ,25 ,0 ,4536 ,4536 ,391 ,558 ,415 ,529 ,797 ,687 ,700 ,363 ,88 ,8 ,0 ,4695 ,4695 ,364 ,566 ,340 ,522 ,817 ,733 ,793 ,398 ,145 ,17 ,0
경상북도 경주시 (4713000000),248737 ,248737 ,14022 ,19772 ,23436 ,23378 ,34157 ,45936 ,45561 ,25543 ,14746 ,2131 ,55 ,124477 ,124477 ,7210 ,10292 ,13203 ,12547 ,17778 ,23685 ,22836 ,11573 ,4879 ,467 ,7 ,124260 ,124260 ,6812 ,9480 ,10233 ,10831 ,16379 ,22251 ,22725 ,13970 ,9867 ,1664 ,48
경상북도 경주시 감포읍(4713025000),5331 ,5331 ,130 ,225 ,292 ,315 ,547 ,943 ,1295 ,907 ,585 ,87 ,5 ,2659 ,2659 ,70 ,116 ,184 ,180 ,339 ,547 ,619 ,388 ,193 ,21 ,2 ,2672 ,2672 ,60 ,109 ,108 ,135 ,208 ,396 ,676 ,519 ,392 ,66 ,3
경상북도 경주시 안강읍(4713025300),23468 ,23468 ,824 ,1757 ,1912 ,1568 ,2896 ,4720 ,4791 ,2908 ,1856 ,233 ,3 ,11607 ,11607 ,445 ,884 ,1086 ,881 ,1515 ,2445 ,2393 ,1297 ,614 ,46 ,1 ,11861 ,11861 ,379 ,873 ,826 ,687 ,1381 ,2275 ,2398 ,1611 ,1242 ,187 ,2
경상북도 경주시 건천읍(4713025600),9097 ,9097 ,286 ,450 ,573 ,612 ,925 ,1539 ,2127 ,1519 ,934 ,127 ,5 ,4616 ,4616 ,155 ,259 ,339 ,351 ,547 ,839 ,1071 ,711 ,309 ,34 ,1 ,4481 ,4481 ,131 ,191 ,234 ,261 ,378 ,700 ,1056 ,808 ,625 ,93 ,4
경상북도 경주시 외동읍(4713025900),22046 ,22046 ,1324 ,1138 ,1793 ,2530 ,2941 ,4289 ,4461 ,2139 ,1221 ,204 ,6 ,11643 ,11643 ,690 ,604 ,1039 ,1446 ,1751 ,2291 ,2393 ,1032 ,354 ,43 ,0 ,10403 ,10403 ,634 ,534 ,754 ,1084 ,1190 ,1998 ,2068 ,1107 ,867 ,161 ,6
경상북도 경주시 문무대왕면(4713031500),4107 ,4107 ,177 ,158 ,404 ,424 ,314 ,637 ,890 ,591 ,439 ,71 ,2 ,2151 ,2151 ,98 ,97 ,258 ,233 ,198 ,376 ,471 ,293 ,111 ,14 ,2 ,1956 ,1956 ,79 ,61 ,146 ,191 ,116 ,261 ,419 ,298 ,328 ,57 ,0
경상북도 경주시 양남면(4713032000),6358 ,6358 ,259 ,315 ,525 ,475 ,650 ,1331 ,1502 ,763 ,456 ,80 ,2 ,3358 ,3358 ,129 ,158 ,352 ,279 ,374 ,753 ,774 ,368 ,156 ,15 ,0 ,3000 ,3000 ,130 ,157 ,173 ,196 ,276 ,578 ,728 ,395 ,300 ,65 ,2
경상북도 경주시 내남면(4713033000),4566 ,4566 ,77 ,189 ,228 ,224 ,360 ,787 ,1194 ,806 ,607 ,92 ,2 ,2319 ,2319 ,42 ,87 ,140 ,143 ,207 ,435 ,651 ,399 ,195 ,20 ,0 ,2247 ,2247 ,35 ,102 ,88 ,81 ,153 ,352 ,543 ,407 ,412 ,72 ,2
경상북도 경주시 산내면(4713034000),3241 ,3241 ,40 ,83 ,108 ,112 ,174 ,506 ,1065 ,662 ,433 ,58 ,0 ,1610 ,1610 ,23 ,40 ,60 ,59 ,93 ,272 ,570 ,325 ,154 ,14 ,0 ,1631 ,1631 ,17 ,43 ,48 ,53 ,81 ,234 ,495 ,337 ,279 ,44 ,0
경상북도 경주시 서면(4713035000),3069 ,3069 ,50 ,116 ,135 ,143 ,239 ,503 ,776 ,631 ,412 ,64 ,0 ,1561 ,1561 ,21 ,77 ,81 ,86 ,142 ,302 ,409 ,275 ,155 ,13 ,0 ,1508 ,1508 ,29 ,39 ,54 ,57 ,97 ,201 ,367 ,356 ,257 ,51 ,0
경상북도 경주시 현곡면(4713036000),21553 ,21553 ,2179 ,2415 ,1929 ,2696 ,3640 ,3790 ,2863 ,1238 ,704 ,94 ,5 ,10588 ,10588 ,1129 ,1245 ,1041 ,1318 ,1779 ,1874 ,1377 ,590 ,224 ,11 ,0 ,10965 ,10965 ,1050 ,1170 ,888 ,1378 ,1861 ,1916 ,1486 ,648 ,480 ,83 ,5
경상북도 경주시 강동면(4713037000),6057 ,6057 ,156 ,278 ,422 ,312 ,599 ,1210 ,1454 ,930 ,594 ,100 ,2 ,3093 ,3093 ,72 ,141 ,249 ,190 ,332 ,673 ,792 ,428 ,195 ,21 ,0 ,2964 ,2964 ,84 ,137 ,173 ,122 ,267 ,537 ,662 ,502 ,399 ,79 ,2
경상북도 경주시 천북면(4713038000),5782 ,5782 ,252 ,301 ,465 ,557 ,664 ,1063 ,1229 ,719 ,466 ,66 ,0 ,3032 ,3032 ,127 ,153 ,259 ,318 ,395 ,590 ,666 ,337 ,170 ,17 ,0 ,2750 ,2750 ,125 ,148 ,206 ,239 ,269 ,473 ,563 ,382 ,296 ,49 ,0
경상북도 경주시 중부동(4713051500),4896 ,4896 ,140 ,273 ,443 ,436 ,560 ,775 ,1056 ,762 ,402 ,49 ,0 ,2427 ,2427 ,67 ,147 ,244 ,250 ,322 ,403 ,507 ,325 ,150 ,12 ,0 ,2469 ,2469 ,73 ,126 ,199 ,186 ,238 ,372 ,549 ,437 ,252 ,37 ,0
경상북도 경주시 황오동(4713053000),5982 ,5982 ,126 ,293 ,474 ,471 ,641 ,1032 ,1417 ,962 ,495 ,68 ,3 ,2879 ,2879 ,61 ,150 ,277 ,276 ,353 ,538 ,644 ,390 ,168 ,22 ,0 ,3103 ,3103 ,65 ,143 ,197 ,195 ,288 ,494 ,773 ,572 ,327 ,46 ,3
경상북도 경주시 성건동(4713055000),13761 ,13761 ,356 ,839 ,2110 ,1182 ,1606 ,2227 ,2634 ,1892 ,806 ,109 ,0 ,6866 ,6866 ,203 ,449 ,1191 ,705 ,877 ,1157 ,1154 ,807 ,295 ,28 ,0 ,6895 ,6895 ,153 ,390 ,919 ,477 ,729 ,1070 ,1480 ,1085 ,511 ,81 ,0
경상북도 경주시 황남동(4713057000),4216 ,4216 ,70 ,178 ,248 ,253 ,418 ,699 ,995 ,728 ,550 ,75 ,2 ,2085 ,2085 ,36 ,87 ,146 ,139 ,248 ,381 ,518 ,315 ,197 ,17 ,1 ,2131 ,2131 ,34 ,91 ,102 ,114 ,170 ,318 ,477 ,413 ,353 ,58 ,1
경상북도 경주시 선도동(4713059000),14561 ,14561 ,908 ,1588 ,1743 ,1326 ,2350 ,2882 ,2059 ,1046 ,584 ,73 ,2 ,7331 ,7331 ,463 ,859 ,1005 ,721 ,1136 ,1430 ,1059 ,437 ,210 ,11 ,0 ,7230 ,7230 ,445 ,729 ,738 ,605 ,1214 ,1452 ,1000 ,609 ,374 ,62 ,2
경상북도 경주시 월성동(4713060500),5667 ,5667 ,285 ,355 ,389 ,419 ,739 ,970 ,1173 ,789 ,476 ,68 ,4 ,2778 ,2778 ,147 ,181 ,224 ,206 ,379 ,527 ,591 ,360 ,148 ,15 ,0 ,2889 ,2889 ,138 ,174 ,165 ,213 ,360 ,443 ,582 ,429 ,328 ,53 ,4
경상북도 경주시 용강동(4713061500),23894 ,23894 ,2623 ,2721 ,2356 ,3036 ,4464 ,4096 ,2858 ,1099 ,538 ,98 ,5 ,11735 ,11735 ,1321 ,1376 ,1284 ,1509 ,2191 ,1967 ,1425 ,491 ,145 ,26 ,0 ,12159 ,12159 ,1302 ,1345 ,1072 ,1527 ,2273 ,2129 ,1433 ,608 ,393 ,72 ,5
경상북도 경주시 황성동(4713062100),27780 ,27780 ,2155 ,3414 ,3359 ,3033 ,4609 ,5504 ,3581 ,1378 ,635 ,109 ,3 ,13561 ,13561 ,1096 ,1801 ,1791 ,1488 ,2108 ,2670 ,1767 ,612 ,208 ,20 ,0 ,14219 ,14219 ,1059 ,1613 ,1568 ,1545 ,2501 ,2834 ,1814 ,766 ,427 ,89 ,3
경상북도 경주시 동천동(4713063000),21776 ,21776 ,982 ,1985 ,2679 ,2113 ,3265 ,4386 ,3789 ,1739 ,743 ,93 ,2 ,10881 ,10881 ,505 ,1024 ,1498 ,1175 ,1637 ,2147 ,1839 ,777 ,255 ,24 ,0 ,10895 ,10895 ,477 ,961 ,1181 ,938 ,1628 ,2239 ,1950 ,962 ,488 ,69 ,2
경상북도 경주시 불국동(4713065000),9845 ,9845 ,580 ,619 ,722 ,1036 ,1374 ,1733 ,1943 ,1080 ,667 ,90 ,1 ,4872 ,4872 ,290 ,316 ,394 ,537 ,753 ,900 ,940 ,495 ,228 ,19 ,0 ,4973 ,4973 ,290 ,303 ,328 ,499 ,621 ,833 ,1003 ,585 ,439 ,71 ,1
경상북도 경주시 보덕동(4713066000),1684 ,1684 ,43 ,82 ,127 ,105 ,182 ,314 ,409 ,255 ,143 ,23 ,1 ,825 ,825 ,20 ,41 ,61 ,57 ,102 ,168 ,206 ,121 ,45 ,4 ,0 ,859 ,859 ,23 ,41 ,66 ,48 ,80 ,146 ,203 ,134 ,98 ,19 ,1
경상북도 김천시 (4715000000),138964 ,138964 ,9113 ,12316 ,12938 ,13961 ,18868 ,23110 ,24295 ,13994 ,8925 ,1406 ,38 ,69802 ,69802 ,4717 ,6667 ,7325 ,7402 ,9812 ,12077 ,12152 ,6383 ,2952 ,309 ,6 ,69162 ,69162 ,4396 ,5649 ,5613 ,6559 ,9056 ,11033 ,12143 ,7611 ,5973 ,1097 ,32
경상북도 김천시 아포읍(4715025000),7860 ,7860 ,361 ,432 ,554 ,657 ,904 ,1578 ,1757 ,936 ,566 ,114 ,1 ,3952 ,3952 ,183 ,234 ,306 ,337 ,492 ,818 ,936 ,442 ,184 ,20 ,0 ,3908 ,3908 ,178 ,198 ,248 ,320 ,412 ,760 ,821 ,494 ,382 ,94 ,1
경상북도 김천시 농소면(4715031000),3146 ,3146 ,117 ,134 ,257 ,201 ,331 ,588 ,679 ,446 ,345 ,48 ,0 ,1644 ,1644 ,51 ,75 ,153 ,126 ,197 ,344 ,356 ,200 ,126 ,16 ,0 ,1502 ,1502 ,66 ,59 ,104 ,75 ,134 ,244 ,323 ,246 ,219 ,32 ,0
경상북도 김천시 남면(4715032000),3063 ,3063 ,63 ,118 ,155 ,220 ,258 ,544 ,761 ,464 ,398 ,80 ,2 ,1579 ,1579 ,41 ,59 ,102 ,126 ,159 ,321 ,409 ,223 ,124 ,15 ,0 ,1484 ,1484 ,22 ,59 ,53 ,94 ,99 ,223 ,352 ,241 ,274 ,65 ,2
경상북도 김천시 개령면(4715034000),2348 ,2348 ,50 ,85 ,140 ,126 ,174 ,409 ,620 ,423 ,278 ,42 ,1 ,1196 ,1196 ,25 ,44 ,95 ,72 ,112 ,221 ,335 ,206 ,80 ,6 ,0 ,1152 ,1152 ,25 ,41 ,45 ,54 ,62 ,188 ,285 ,217 ,198 ,36 ,1
경상북도 김천시 감문면(4715035000),3242 ,3242 ,59 ,90 ,127 ,149 ,215 ,545 ,902 ,561 ,476 ,115 ,3 ,1616 ,1616 ,35 ,45 ,85 ,79 ,136 ,306 ,493 ,260 ,149 ,28 ,0 ,1626 ,1626 ,24 ,45 ,42 ,70 ,79 ,239 ,409 ,301 ,327 ,87 ,3
경상북도 김천시 어모면(4715036000),4020 ,4020 ,149 ,150 ,270 ,228 ,386 ,718 ,965 ,644 ,432 ,72 ,6 ,2071 ,2071 ,90 ,99 ,171 ,131 ,215 ,390 ,511 ,300 ,147 ,14 ,3 ,1949 ,1949 ,59 ,51 ,99 ,97 ,171 ,328 ,454 ,344 ,285 ,58 ,3
경상북도 김천시 봉산면(4715037000),2964 ,2964 ,72 ,126 ,160 ,170 ,268 ,480 ,844 ,496 ,302 ,46 ,0 ,1544 ,1544 ,35 ,77 ,98 ,105 ,172 ,260 ,442 ,243 ,96 ,16 ,0 ,1420 ,1420 ,37 ,49 ,62 ,65 ,96 ,220 ,402 ,253 ,206 ,30 ,0
경상북도 김천시 대항면(4715038000),3369 ,3369 ,85 ,158 ,220 ,191 ,277 ,633 ,910 ,503 ,332 ,59 ,1 ,1706 ,1706 ,45 ,85 ,132 ,106 ,157 ,336 ,493 ,233 ,108 ,11 ,0 ,1663 ,1663 ,40 ,73 ,88 ,85 ,120 ,297 ,417 ,270 ,224 ,48 ,1
경상북도 김천시 감천면(4715039000),1871 ,1871 ,47 ,70 ,107 ,95 ,166 ,341 ,467 ,295 ,238 ,44 ,1 ,958 ,958 ,26 ,46 ,62 ,61 ,101 ,179 ,246 ,146 ,83 ,8 ,0 ,913 ,913 ,21 ,24 ,45 ,34 ,65 ,162 ,221 ,149 ,155 ,36 ,1
경상북도 김천시 조마면(4715040000),2208 ,2208 ,32 ,76 ,115 ,111 ,182 ,364 ,632 ,371 ,277 ,47 ,1 ,1111 ,1111 ,16 ,40 ,66 ,66 ,112 ,195 ,336 ,184 ,86 ,10 ,0 ,1097 ,1097 ,16 ,36 ,49 ,45 ,70 ,169 ,296 ,187 ,191 ,37 ,1
경상북도 김천시 구성면(4715041000),2701 ,2701 ,43 ,72 ,120 ,107 ,155 ,459 ,739 ,523 ,410 ,71 ,2 ,1356 ,1356 ,25 ,42 ,74 ,63 ,105 ,256 ,410 ,252 ,115 ,13 ,1 ,1345 ,1345 ,18 ,30 ,46 ,44 ,50 ,203 ,329 ,271 ,295 ,58 ,1
경상북도 김천시 지례면(4715042000),1498 ,1498 ,27 ,52 ,61 ,57 ,82 ,229 ,404 ,292 ,251 ,42 ,1 ,744 ,744 ,11 ,30 ,38 ,36 ,54 ,140 ,222 ,123 ,78 ,11 ,1 ,754 ,754 ,16 ,22 ,23 ,21 ,28 ,89 ,182 ,169 ,173 ,31 ,0
경상북도 김천시 부항면(4715043000),1229 ,1229 ,21 ,37 ,44 ,56 ,83 ,192 ,359 ,218 ,196 ,22 ,1 ,613 ,613 ,13 ,21 ,28 ,30 ,53 ,107 ,202 ,101 ,53 ,5 ,0 ,616 ,616 ,8 ,16 ,16 ,26 ,30 ,85 ,157 ,117 ,143 ,17 ,1
경상북도 김천시 대덕면(4715044000),2267 ,2267 ,43 ,342 ,81 ,92 ,130 ,314 ,550 ,355 ,309 ,50 ,1 ,1124 ,1124 ,23 ,170 ,52 ,56 ,76 ,173 ,287 ,167 ,106 ,14 ,0 ,1143 ,1143 ,20 ,172 ,29 ,36 ,54 ,141 ,263 ,188 ,203 ,36 ,1
경상북도 김천시 증산면(4715045000),995 ,995 ,8 ,29 ,30 ,25 ,72 ,182 ,303 ,176 ,155 ,15 ,0 ,481 ,481 ,4 ,18 ,18 ,12 ,38 ,110 ,150 ,81 ,48 ,2 ,0 ,514 ,514 ,4 ,11 ,12 ,13 ,34 ,72 ,153 ,95 ,107 ,13 ,0
경상북도 김천시 자산동(4715051600),6307 ,6307 ,166 ,330 ,543 ,485 ,719 ,1006 ,1487 ,1007 ,508 ,56 ,0 ,3200 ,3200 ,92 ,157 ,332 ,306 ,403 ,571 ,687 ,439 ,198 ,15 ,0 ,3107 ,3107 ,74 ,173 ,211 ,179 ,316 ,435 ,800 ,568 ,310 ,41 ,0
경상북도 김천시 평화남산동(4715053600),7228 ,7228 ,175 ,375 ,693 ,625 ,796 ,1202 ,1583 ,1074 ,623 ,80 ,2 ,3533 ,3533 ,94 ,200 ,404 ,360 ,464 ,626 ,694 ,452 ,220 ,19 ,0 ,3695 ,3695 ,81 ,175 ,289 ,265 ,332 ,576 ,889 ,622 ,403 ,61 ,2
경상북도 김천시 양금동(4715056500),3700 ,3700 ,94 ,211 ,234 ,213 ,350 ,625 ,864 ,646 ,405 ,55 ,3 ,1798 ,1798 ,52 ,114 ,126 ,119 ,199 ,341 ,399 ,278 ,154 ,16 ,0 ,1902 ,1902 ,42 ,97 ,108 ,94 ,151 ,284 ,465 ,368 ,251 ,39 ,3
경상북도 김천시 대신동(4715057500),24786 ,24786 ,1703 ,3067 ,3461 ,2638 ,3871 ,4307 ,3161 ,1548 ,893 ,131 ,6 ,12248 ,12248 ,846 ,1565 ,1885 ,1391 ,1870 ,2126 ,1566 ,677 ,293 ,29 ,0 ,12538 ,12538 ,857 ,1502 ,1576 ,1247 ,2001 ,2181 ,1595 ,871 ,600 ,102 ,6
경상북도 김천시 대곡동(4715059500),19915 ,19915 ,1217 ,2316 ,1983 ,1818 ,2759 ,3654 ,3317 ,1767 ,954 ,125 ,5 ,10045 ,10045 ,605 ,1480 ,1174 ,950 ,1350 ,1782 ,1540 ,811 ,330 ,22 ,1 ,9870 ,9870 ,612 ,836 ,809 ,868 ,1409 ,1872 ,1777 ,956 ,624 ,103 ,4
경상북도 김천시 지좌동(4715061000),10847 ,10847 ,744 ,1035 ,1310 ,1289 ,1711 ,1891 ,1635 ,802 ,376 ,54 ,0 ,5539 ,5539 ,395 ,555 ,739 ,739 ,871 ,970 ,781 ,357 ,121 ,11 ,0 ,5308 ,5308 ,349 ,480 ,571 ,550 ,840 ,921 ,854 ,445 ,255 ,43 ,0
경상북도 김천시 율곡동(4715064000),23400 ,23400 ,3837 ,3011 ,2273 ,4408 ,4979 ,2849 ,1356 ,447 ,201 ,38 ,1 ,11744 ,11744 ,2010 ,1511 ,1185 ,2131 ,2476 ,1505 ,657 ,208 ,53 ,8 ,0 ,11656 ,11656 ,1827 ,1500 ,1088 ,2277 ,2503 ,1344 ,699 ,239 ,148 ,30 ,1
경상북도 안동시 (4717000000),153943 ,153943 ,8921 ,13044 ,15156 ,14079 ,20826 ,25263 ,27113 ,16885 ,10967 ,1650 ,39 ,76105 ,76105 ,4605 ,6870 ,8207 ,7459 ,10637 ,13096 ,13355 ,7624 ,3899 ,348 ,5 ,77838 ,77838 ,4316 ,6174 ,6949 ,6620 ,10189 ,12167 ,13758 ,9261 ,7068 ,1302 ,34
경상북도 안동시 풍산읍(4717025000),6226 ,6226 ,148 ,286 ,375 ,354 ,527 ,978 ,1450 ,1118 ,842 ,145 ,3 ,3167 ,3167 ,73 ,165 ,219 ,206 ,328 ,548 ,766 ,528 ,299 ,35 ,0 ,3059 ,3059 ,75 ,121 ,156 ,148 ,199 ,430 ,684 ,590 ,543 ,110 ,3
경상북도 안동시 와룡면(4717031000),3921 ,3921 ,63 ,186 ,243 ,144 ,283 ,636 ,977 ,708 ,587 ,93 ,1 ,2034 ,2034 ,38 ,104 ,142 ,92 ,167 ,366 ,539 ,334 ,232 ,20 ,0 ,1887 ,1887 ,25 ,82 ,101 ,52 ,116 ,270 ,438 ,374 ,355 ,73 ,1
경상북도 안동시 북후면(4717032000),2836 ,2836 ,43 ,70 ,108 ,133 ,277 ,479 ,666 ,510 ,468 ,79 ,3 ,1483 ,1483 ,24 ,41 ,74 ,92 ,182 ,274 ,374 ,234 ,175 ,12 ,1 ,1353 ,1353 ,19 ,29 ,34 ,41 ,95 ,205 ,292 ,276 ,293 ,67 ,2
경상북도 안동시 서후면(4717033000),3497 ,3497 ,59 ,140 ,272 ,207 ,295 ,535 ,919 ,555 ,412 ,101 ,2 ,1842 ,1842 ,31 ,76 ,153 ,142 ,185 ,314 ,503 ,262 ,157 ,19 ,0 ,1655 ,1655 ,28 ,64 ,119 ,65 ,110 ,221 ,416 ,293 ,255 ,82 ,2
경상북도 안동시 풍천면(4717034000),7201 ,7201 ,506 ,362 ,904 ,1249 ,859 ,924 ,1048 ,712 ,545 ,91 ,1 ,3667 ,3667 ,261 ,187 ,438 ,685 ,481 ,536 ,521 ,346 ,190 ,22 ,0 ,3534 ,3534 ,245 ,175 ,466 ,564 ,378 ,388 ,527 ,366 ,355 ,69 ,1
경상북도 안동시 일직면(4717035000),2577 ,2577 ,44 ,106 ,100 ,95 ,189 ,389 ,628 ,559 ,399 ,67 ,1 ,1243 ,1243 ,16 ,65 ,56 ,48 ,114 ,226 ,318 ,249 ,142 ,9 ,0 ,1334 ,1334 ,28 ,41 ,44 ,47 ,75 ,163 ,310 ,310 ,257 ,58 ,1
경상북도 안동시 남후면(4717036000),1660 ,1660 ,29 ,47 ,62 ,58 ,122 ,238 ,413 ,340 ,301 ,50 ,0 ,835 ,835 ,14 ,28 ,40 ,39 ,79 ,147 ,213 ,155 ,111 ,9 ,0 ,825 ,825 ,15 ,19 ,22 ,19 ,43 ,91 ,200 ,185 ,190 ,41 ,0
경상북도 안동시 남선면(4717037000),2038 ,2038 ,53 ,68 ,126 ,117 ,162 ,382 ,527 ,326 ,243 ,32 ,2 ,1050 ,1050 ,30 ,33 ,77 ,70 ,97 ,217 ,281 ,153 ,85 ,6 ,1 ,988 ,988 ,23 ,35 ,49 ,47 ,65 ,165 ,246 ,173 ,158 ,26 ,1
경상북도 안동시 임하면(4717038000),2694 ,2694 ,43 ,110 ,116 ,120 ,230 ,455 ,717 ,466 ,363 ,72 ,2 ,1423 ,1423 ,27 ,60 ,70 ,74 ,150 ,263 ,403 ,233 ,123 ,20 ,0 ,1271 ,1271 ,16 ,50 ,46 ,46 ,80 ,192 ,314 ,233 ,240 ,52 ,2
경상북도 안동시 길안면(4717039000),2654 ,2654 ,40 ,68 ,95 ,104 ,159 ,450 ,757 ,514 ,416 ,50 ,1 ,1350 ,1350 ,17 ,33 ,49 ,61 ,111 ,261 ,432 ,228 ,143 ,15 ,0 ,1304 ,1304 ,23 ,35 ,46 ,43 ,48 ,189 ,325 ,286 ,273 ,35 ,1
경상북도 안동시 임동면(4717040000),1676 ,1676 ,24 ,54 ,61 ,47 ,127 ,262 ,484 ,321 ,271 ,25 ,0 ,871 ,871 ,17 ,29 ,36 ,28 ,75 ,169 ,267 ,148 ,94 ,8 ,0 ,805 ,805 ,7 ,25 ,25 ,19 ,52 ,93 ,217 ,173 ,177 ,17 ,0
경상북도 안동시 예안면(4717041000),1761 ,1761 ,30 ,45 ,63 ,70 ,95 ,288 ,530 ,333 ,277 ,30 ,0 ,908 ,908 ,12 ,33 ,42 ,41 ,58 ,156 ,291 ,169 ,103 ,3 ,0 ,853 ,853 ,18 ,12 ,21 ,29 ,37 ,132 ,239 ,164 ,174 ,27 ,0
경상북도 안동시 도산면(4717042000),1491 ,1491 ,11 ,42 ,44 ,48 ,97 ,233 ,429 ,311 ,239 ,36 ,1 ,785 ,785 ,6 ,23 ,27 ,35 ,65 ,140 ,228 ,157 ,92 ,12 ,0 ,706 ,706 ,5 ,19 ,17 ,13 ,32 ,93 ,201 ,154 ,147 ,24 ,1
경상북도 안동시 녹전면(4717043000),1670 ,1670 ,23 ,48 ,49 ,55 ,113 ,248 ,493 ,337 ,266 ,37 ,1 ,861 ,861 ,13 ,21 ,23 ,33 ,83 ,141 ,274 ,174 ,87 ,11 ,1 ,809 ,809 ,10 ,27 ,26 ,22 ,30 ,107 ,219 ,163 ,179 ,26 ,0
경상북도 안동시 중구동(4717051000),4929 ,4929 ,178 ,319 ,548 ,449 ,622 ,750 ,896 ,707 ,395 ,64 ,1 ,2422 ,2422 ,94 ,165 ,299 ,236 ,350 ,384 ,422 ,304 ,156 ,12 ,0 ,2507 ,2507 ,84 ,154 ,249 ,213 ,272 ,366 ,474 ,403 ,239 ,52 ,1
경상북도 안동시 명륜동(4717052000),4847 ,4847 ,220 ,394 ,458 ,364 ,679 ,852 ,948 ,549 ,338 ,43 ,2 ,2336 ,2336 ,118 ,195 ,245 ,194 ,334 ,440 ,451 ,236 ,116 ,7 ,0 ,2511 ,2511 ,102 ,199 ,213 ,170 ,345 ,412 ,497 ,313 ,222 ,36 ,2
경상북도 안동시 용상동(4717055500),21778 ,21778 ,1646 ,2290 ,2880 ,2322 ,3339 ,3534 ,2961 ,1726 ,939 ,140 ,1 ,10838 ,10838 ,839 ,1214 ,1625 ,1229 ,1642 ,1791 ,1417 ,741 ,309 ,31 ,0 ,10940 ,10940 ,807 ,1076 ,1255 ,1093 ,1697 ,1743 ,1544 ,985 ,630 ,109 ,1
경상북도 안동시 서구동(4717058500),8593 ,8593 ,490 ,857 ,786 ,614 ,1243 ,1396 ,1486 ,1033 ,600 ,85 ,3 ,4119 ,4119 ,261 ,430 ,414 ,313 ,613 ,717 ,669 ,453 ,225 ,24 ,0 ,4474 ,4474 ,229 ,427 ,372 ,301 ,630 ,679 ,817 ,580 ,375 ,61 ,3
경상북도 안동시 태화동(4717060000),12553 ,12553 ,748 ,892 ,1234 ,1297 ,1763 ,2075 ,2244 ,1442 ,768 ,87 ,3 ,6206 ,6206 ,375 ,477 ,675 ,690 ,929 ,1054 ,1037 ,656 ,297 ,16 ,0 ,6347 ,6347 ,373 ,415 ,559 ,607 ,834 ,1021 ,1207 ,786 ,471 ,71 ,3
경상북도 안동시 평화동(4717062000),6050 ,6050 ,316 ,466 ,557 ,518 ,853 ,973 ,1146 ,778 ,386 ,55 ,2 ,2900 ,2900 ,149 ,256 ,302 ,268 ,435 ,479 ,493 ,352 ,153 ,12 ,1 ,3150 ,3150 ,167 ,210 ,255 ,250 ,418 ,494 ,653 ,426 ,233 ,43 ,1
경상북도 안동시 안기동(4717063000),6062 ,6062 ,281 ,489 ,591 ,552 ,796 ,1108 ,1179 ,711 ,327 ,28 ,0 ,3004 ,3004 ,156 ,260 ,324 ,297 ,398 ,543 ,558 ,334 ,127 ,7 ,0 ,3058 ,3058 ,125 ,229 ,267 ,255 ,398 ,565 ,621 ,377 ,200 ,21 ,0
경상북도 안동시 옥동(4717065000),20878 ,20878 ,1621 ,2568 ,2445 ,2110 ,3552 ,3510 ,2887 ,1311 ,766 ,105 ,3 ,9866 ,9866 ,834 ,1326 ,1273 ,1038 ,1664 ,1668 ,1297 ,520 ,225 ,20 ,1 ,11012 ,11012 ,787 ,1242 ,1172 ,1072 ,1888 ,1842 ,1590 ,791 ,541 ,85 ,2
경상북도 안동시 송하동(4717066000),15786 ,15786 ,1350 ,1639 ,1821 ,1884 ,2486 ,2744 ,2262 ,974 ,536 ,86 ,4 ,7696 ,7696 ,720 ,861 ,980 ,965 ,1202 ,1318 ,1069 ,408 ,161 ,12 ,0 ,8090 ,8090 ,630 ,778 ,841 ,919 ,1284 ,1426 ,1193 ,566 ,375 ,74 ,4
경상북도 안동시 강남동(4717069000),10565 ,10565 ,955 ,1498 ,1218 ,1168 ,1958 ,1824 ,1066 ,544 ,283 ,49 ,2 ,5199 ,5199 ,480 ,788 ,624 ,583 ,895 ,944 ,532 ,250 ,97 ,6 ,0 ,5366 ,5366 ,475 ,710 ,594 ,585 ,1063 ,880 ,534 ,294 ,186 ,43 ,2
경상북도 구미시 (4719000000),406976 ,406976 ,34335 ,43900 ,50765 ,59724 ,71950 ,70440 ,47405 ,17823 ,9255 ,1336 ,43 ,209690 ,209690 ,17658 ,22902 ,29094 ,32062 ,36471 ,35675 ,24379 ,8190 ,2996 ,263 ,0 ,197286 ,197286 ,16677 ,20998 ,21671 ,27662 ,35479 ,34765 ,23026 ,9633 ,6259 ,1073 ,43
경상북도 구미시 선산읍(4719025000),14187 ,14187 ,704 ,1054 ,1139 ,1132 ,1773 ,2702 ,2921 ,1565 ,1005 ,181 ,11 ,7021 ,7021 ,358 ,532 ,700 ,596 ,928 ,1335 ,1487 ,727 ,329 ,29 ,0 ,7166 ,7166 ,346 ,522 ,439 ,536 ,845 ,1367 ,1434 ,838 ,676 ,152 ,11
경상북도 구미시 고아읍(4719025300),38130 ,38130 ,3336 ,3836 ,4074 ,4635 ,5814 ,7887 ,5498 ,1750 ,1105 ,191 ,4 ,19177 ,19177 ,1721 ,2065 ,2319 ,2375 ,2785 ,3791 ,2943 ,809 ,333 ,36 ,0 ,18953 ,18953 ,1615 ,1771 ,1755 ,2260 ,3029 ,4096 ,2555 ,941 ,772 ,155 ,4
경상북도 구미시 산동읍(4719025600),27271 ,27271 ,5380 ,3004 ,1896 ,7128 ,5587 ,2255 ,1256 ,427 ,287 ,50 ,1 ,14210 ,14210 ,2752 ,1540 ,1031 ,3529 ,3133 ,1231 ,686 ,211 ,85 ,12 ,0 ,13061 ,13061 ,2628 ,1464 ,865 ,3599 ,2454 ,1024 ,570 ,216 ,202 ,38 ,1
경상북도 구미시 무을면(4719031000),1818 ,1818 ,39 ,59 ,67 ,76 ,115 ,305 ,506 ,338 ,253 ,60 ,0 ,912 ,912 ,17 ,30 ,41 ,49 ,76 ,178 ,271 ,160 ,81 ,9 ,0 ,906 ,906 ,22 ,29 ,26 ,27 ,39 ,127 ,235 ,178 ,172 ,51 ,0
경상북도 구미시 옥성면(4719032000),1680 ,1680 ,17 ,41 ,83 ,66 ,119 ,311 ,454 ,276 ,269 ,42 ,2 ,864 ,864 ,11 ,20 ,47 ,44 ,82 ,180 ,242 ,139 ,92 ,7 ,0 ,816 ,816 ,6 ,21 ,36 ,22 ,37 ,131 ,212 ,137 ,177 ,35 ,2
경상북도 구미시 도개면(4719033000),2119 ,2119 ,24 ,93 ,102 ,85 ,160 ,353 ,562 ,359 ,328 ,53 ,0 ,1091 ,1091 ,10 ,54 ,65 ,56 ,107 ,215 ,304 ,165 ,100 ,15 ,0 ,1028 ,1028 ,14 ,39 ,37 ,29 ,53 ,138 ,258 ,194 ,228 ,38 ,0
경상북도 구미시 해평면(4719034000),3879 ,3879 ,48 ,125 ,233 ,184 ,332 ,764 ,961 ,660 ,499 ,69 ,4 ,2062 ,2062 ,26 ,60 ,148 ,123 ,213 ,462 ,542 ,315 ,154 ,19 ,0 ,1817 ,1817 ,22 ,65 ,85 ,61 ,119 ,302 ,419 ,345 ,345 ,50 ,4
경상북도 구미시 장천면(4719036000),2889 ,2889 ,48 ,176 ,169 ,144 ,291 ,543 ,679 ,473 ,316 ,47 ,3 ,1489 ,1489 ,36 ,91 ,109 ,88 ,155 ,303 ,367 ,225 ,107 ,8 ,0 ,1400 ,1400 ,12 ,85 ,60 ,56 ,136 ,240 ,312 ,248 ,209 ,39 ,3
경상북도 구미시 송정동(4719051000),23359 ,23359 ,1531 ,2223 ,2866 ,3106 ,3698 ,4287 ,3657 ,1425 ,525 ,41 ,0 ,11478 ,11478 ,761 ,1116 ,1529 ,1679 ,1782 ,2024 ,1697 ,693 ,191 ,6 ,0 ,11881 ,11881 ,770 ,1107 ,1337 ,1427 ,1916 ,2263 ,1960 ,732 ,334 ,35 ,0
경상북도 구미시 원평동(4719053500),5896 ,5896 ,97 ,169 ,598 ,647 ,880 ,1217 ,1296 ,657 ,285 ,50 ,0 ,3227 ,3227 ,46 ,79 ,356 ,383 ,511 ,742 ,696 ,300 ,103 ,11 ,0 ,2669 ,2669 ,51 ,90 ,242 ,264 ,369 ,475 ,600 ,357 ,182 ,39 ,0
경상북도 구미시 도량동(4719055100),28184 ,28184 ,1914 ,3158 ,3166 ,2985 ,4562 ,5768 ,4397 ,1479 ,678 ,77 ,0 ,13689 ,13689 ,1004 ,1549 ,1771 ,1568 ,2072 ,2650 ,2179 ,656 ,224 ,16 ,0 ,14495 ,14495 ,910 ,1609 ,1395 ,1417 ,2490 ,3118 ,2218 ,823 ,454 ,61 ,0
경상북도 구미시 지산동(4719055500),2015 ,2015 ,51 ,91 ,185 ,124 ,214 ,422 ,522 ,264 ,123 ,17 ,2 ,1038 ,1038 ,23 ,45 ,116 ,76 ,119 ,217 ,274 ,127 ,39 ,2 ,0 ,977 ,977 ,28 ,46 ,69 ,48 ,95 ,205 ,248 ,137 ,84 ,15 ,2
경상북도 구미시 선주원남동(4719056500),38354 ,38354 ,2976 ,4971 ,5085 ,4458 ,6947 ,7169 ,4654 ,1403 ,598 ,90 ,3 ,19431 ,19431 ,1524 ,2636 ,2735 ,2341 ,3348 ,3544 ,2434 ,653 ,202 ,14 ,0 ,18923 ,18923 ,1452 ,2335 ,2350 ,2117 ,3599 ,3625 ,2220 ,750 ,396 ,76 ,3
경상북도 구미시 형곡1동(4719058200),13560 ,13560 ,793 ,1453 ,1654 ,1411 ,2092 ,2892 ,2103 ,819 ,309 ,33 ,1 ,6667 ,6667 ,396 ,803 ,902 ,731 ,941 ,1340 ,1040 ,404 ,101 ,9 ,0 ,6893 ,6893 ,397 ,650 ,752 ,680 ,1151 ,1552 ,1063 ,415 ,208 ,24 ,1
경상북도 구미시 형곡2동(4719058300),16206 ,16206 ,706 ,1604 ,2398 ,1673 ,2301 ,3700 ,2661 ,821 ,306 ,35 ,1 ,8063 ,8063 ,370 ,889 ,1343 ,923 ,1026 ,1704 ,1323 ,388 ,90 ,7 ,0 ,8143 ,8143 ,336 ,715 ,1055 ,750 ,1275 ,1996 ,1338 ,433 ,216 ,28 ,1
경상북도 구미시 신평1동(4719059000),4198 ,4198 ,196 ,225 ,773 ,727 ,538 ,736 ,600 ,280 ,111 ,12 ,0 ,2343 ,2343 ,102 ,124 ,513 ,436 ,308 ,392 ,311 ,110 ,45 ,2 ,0 ,1855 ,1855 ,94 ,101 ,260 ,291 ,230 ,344 ,289 ,170 ,66 ,10 ,0
경상북도 구미시 신평2동(4719060000),3019 ,3019 ,260 ,202 ,321 ,515 ,420 ,558 ,438 ,190 ,106 ,8 ,1 ,1616 ,1616 ,131 ,116 ,192 ,295 ,235 ,306 ,220 ,85 ,35 ,1 ,0 ,1403 ,1403 ,129 ,86 ,129 ,220 ,185 ,252 ,218 ,105 ,71 ,7 ,1
경상북도 구미시 비산동(4719061000),12955 ,12955 ,1543 ,1113 ,1537 ,2613 ,2231 ,2221 ,1223 ,321 ,129 ,23 ,1 ,6780 ,6780 ,788 ,551 ,897 ,1434 ,1193 ,1086 ,628 ,157 ,42 ,4 ,0 ,6175 ,6175 ,755 ,562 ,640 ,1179 ,1038 ,1135 ,595 ,164 ,87 ,19 ,1
경상북도 구미시 광평동(4719063000),4233 ,4233 ,222 ,342 ,604 ,619 ,696 ,821 ,566 ,253 ,98 ,11 ,1 ,2314 ,2314 ,112 ,180 ,357 ,403 ,391 ,415 ,300 ,113 ,41 ,2 ,0 ,1919 ,1919 ,110 ,162 ,247 ,216 ,305 ,406 ,266 ,140 ,57 ,9 ,1
경상북도 구미시 상모사곡동(4719064500),30360 ,30360 ,2372 ,3500 ,4379 ,4200 ,5657 ,6256 ,2743 ,813 ,394 ,45 ,1 ,15919 ,15919 ,1195 ,1787 ,2551 ,2355 ,2790 ,3248 ,1489 ,362 ,130 ,12 ,0 ,14441 ,14441 ,1177 ,1713 ,1828 ,1845 ,2867 ,3008 ,1254 ,451 ,264 ,33 ,1
경상북도 구미시 임오동(4719066000),18270 ,18270 ,1718 ,2450 ,2156 ,2611 ,3734 ,3373 ,1537 ,443 ,221 ,26 ,1 ,9545 ,9545 ,895 ,1306 ,1262 ,1357 ,1836 ,1788 ,846 ,182 ,70 ,3 ,0 ,8725 ,8725 ,823 ,1144 ,894 ,1254 ,1898 ,1585 ,691 ,261 ,151 ,23 ,1
경상북도 구미시 인동동(4719067000),47306 ,47306 ,3645 ,5845 ,6589 ,7786 ,9577 ,7399 ,4201 ,1484 ,690 ,86 ,4 ,24734 ,24734 ,1938 ,3063 ,3750 ,4228 ,4904 ,3887 ,2103 ,629 ,211 ,21 ,0 ,22572 ,22572 ,1707 ,2782 ,2839 ,3558 ,4673 ,3512 ,2098 ,855 ,479 ,65 ,4
경상북도 구미시 진미동(4719068000),16958 ,16958 ,786 ,1009 ,4092 ,4619 ,2979 ,1894 ,1040 ,368 ,147 ,24 ,0 ,9478 ,9478 ,394 ,533 ,2274 ,2758 ,1717 ,1065 ,508 ,175 ,49 ,5 ,0 ,7480 ,7480 ,392 ,476 ,1818 ,1861 ,1262 ,829 ,532 ,193 ,98 ,19 ,0
경상북도 구미시 양포동(4719069000),45870 ,45870 ,5397 ,6910 ,6006 ,7184 ,10478 ,6018 ,2503 ,858 ,451 ,63 ,2 ,24182 ,24182 ,2767 ,3599 ,3716 ,3681 ,5385 ,3262 ,1268 ,355 ,136 ,13 ,0 ,21688 ,21688 ,2630 ,3311 ,2290 ,3503 ,5093 ,2756 ,1235 ,503 ,315 ,50 ,2
경상북도 구미시 공단동(4719070000),4260 ,4260 ,532 ,247 ,593 ,996 ,755 ,589 ,427 ,97 ,22 ,2 ,0 ,2360 ,2360 ,281 ,134 ,370 ,554 ,434 ,310 ,221 ,50 ,6 ,0 ,0 ,1900 ,1900 ,251 ,113 ,223 ,442 ,321 ,279 ,206 ,47 ,16 ,2 ,0
경상북도 영주시 (4721000000),100746 ,100746 ,5172 ,8710 ,9079 ,7719 ,12758 ,16980 ,19272 ,12169 ,7701 ,1150 ,36 ,49955 ,49955 ,2681 ,4535 ,5239 ,4226 ,6493 ,8835 ,9388 ,5541 ,2750 ,260 ,7 ,50791 ,50791 ,2491 ,4175 ,3840 ,3493 ,6265 ,8145 ,9884 ,6628 ,4951 ,890 ,29
경상북도 영주시 풍기읍(4721025000),10497 ,10497 ,370 ,778 ,996 ,620 ,1059 ,1687 ,2389 ,1488 ,953 ,148 ,9 ,5252 ,5252 ,192 ,411 ,636 ,323 ,571 ,886 ,1171 ,678 ,339 ,42 ,3 ,5245 ,5245 ,178 ,367 ,360 ,297 ,488 ,801 ,1218 ,810 ,614 ,106 ,6
경상북도 영주시 이산면(4721031000),2239 ,2239 ,40 ,82 ,131 ,107 ,153 ,413 ,619 ,348 ,294 ,52 ,0 ,1155 ,1155 ,18 ,41 ,84 ,55 ,88 ,236 ,344 ,173 ,105 ,11 ,0 ,1084 ,1084 ,22 ,41 ,47 ,52 ,65 ,177 ,275 ,175 ,189 ,41 ,0
경상북도 영주시 평은면(4721032000),1427 ,1427 ,21 ,52 ,54 ,47 ,90 ,253 ,366 ,280 ,219 ,44 ,1 ,731 ,731 ,15 ,22 ,39 ,27 ,62 ,138 ,198 ,131 ,86 ,12 ,1 ,696 ,696 ,6 ,30 ,15 ,20 ,28 ,115 ,168 ,149 ,133 ,32 ,0
경상북도 영주시 문수면(4721033000),1932 ,1932 ,56 ,78 ,104 ,111 ,139 ,312 ,500 ,313 ,257 ,60 ,2 ,1002 ,1002 ,31 ,44 ,57 ,73 ,86 ,175 ,278 ,158 ,85 ,15 ,0 ,930 ,930 ,25 ,34 ,47 ,38 ,53 ,137 ,222 ,155 ,172 ,45 ,2
경상북도 영주시 장수면(4721034000),2092 ,2092 ,58 ,86 ,129 ,102 ,153 ,320 ,522 ,367 ,290 ,60 ,5 ,1070 ,1070 ,34 ,45 ,78 ,58 ,92 ,186 ,275 ,182 ,109 ,11 ,0 ,1022 ,1022 ,24 ,41 ,51 ,44 ,61 ,134 ,247 ,185 ,181 ,49 ,5
경상북도 영주시 안정면(4721035000),2851 ,2851 ,59 ,117 ,133 ,123 ,220 ,457 ,737 ,514 ,407 ,82 ,2 ,1425 ,1425 ,29 ,65 ,82 ,75 ,138 ,255 ,381 ,246 ,135 ,19 ,0 ,1426 ,1426 ,30 ,52 ,51 ,48 ,82 ,202 ,356 ,268 ,272 ,63 ,2
경상북도 영주시 봉현면(4721036000),2606 ,2606 ,58 ,110 ,123 ,111 ,222 ,430 ,752 ,469 ,277 ,51 ,3 ,1322 ,1322 ,27 ,54 ,79 ,60 ,134 ,224 ,396 ,228 ,106 ,13 ,1 ,1284 ,1284 ,31 ,56 ,44 ,51 ,88 ,206 ,356 ,241 ,171 ,38 ,2
경상북도 영주시 순흥면(4721037000),1926 ,1926 ,24 ,59 ,101 ,66 ,117 ,322 ,577 ,370 ,257 ,32 ,1 ,982 ,982 ,13 ,35 ,69 ,40 ,69 ,168 ,297 ,184 ,97 ,9 ,1 ,944 ,944 ,11 ,24 ,32 ,26 ,48 ,154 ,280 ,186 ,160 ,23 ,0
경상북도 영주시 단산면(4721038000),1801 ,1801 ,16 ,55 ,84 ,68 ,119 ,306 ,484 ,351 ,276 ,41 ,1 ,882 ,882 ,9 ,32 ,62 ,37 ,73 ,157 ,271 ,159 ,79 ,3 ,0 ,919 ,919 ,7 ,23 ,22 ,31 ,46 ,149 ,213 ,192 ,197 ,38 ,1
경상북도 영주시 부석면(4721039000),2882 ,2882 ,38 ,89 ,98 ,112 ,175 ,468 ,873 ,575 ,401 ,53 ,0 ,1437 ,1437 ,18 ,45 ,58 ,62 ,115 ,259 ,449 ,279 ,138 ,14 ,0 ,1445 ,1445 ,20 ,44 ,40 ,50 ,60 ,209 ,424 ,296 ,263 ,39 ,0
경상북도 영주시 상망동(4721051000),7260 ,7260 ,363 ,820 ,662 ,478 ,1074 ,1324 ,1208 ,767 ,488 ,72 ,4 ,3605 ,3605 ,183 ,445 ,399 ,250 ,524 ,700 ,571 ,348 ,174 ,11 ,0 ,3655 ,3655 ,180 ,375 ,263 ,228 ,550 ,624 ,637 ,419 ,314 ,61 ,4
경상북도 영주시 하망동(4721052500),5813 ,5813 ,291 ,586 ,487 ,379 ,768 ,1037 ,1045 ,731 ,425 ,63 ,1 ,2762 ,2762 ,150 ,300 ,280 ,191 ,385 ,524 ,477 ,302 ,141 ,12 ,0 ,3051 ,3051 ,141 ,286 ,207 ,188 ,383 ,513 ,568 ,429 ,284 ,51 ,1
경상북도 영주시 영주1동(4721055000),3714 ,3714 ,134 ,233 ,281 ,244 ,381 ,598 ,835 ,605 ,361 ,41 ,1 ,1822 ,1822 ,73 ,121 ,154 ,143 ,202 ,334 ,389 ,249 ,141 ,16 ,0 ,1892 ,1892 ,61 ,112 ,127 ,101 ,179 ,264 ,446 ,356 ,220 ,25 ,1
경상북도 영주시 영주2동(4721056000),4674 ,4674 ,151 ,298 ,327 ,283 ,496 ,775 ,1073 ,754 ,458 ,57 ,2 ,2246 ,2246 ,91 ,170 ,186 ,156 ,243 ,400 ,470 ,331 ,184 ,14 ,1 ,2428 ,2428 ,60 ,128 ,141 ,127 ,253 ,375 ,603 ,423 ,274 ,43 ,1
경상북도 영주시 휴천1동(4721059000),6302 ,6302 ,399 ,788 ,637 ,448 ,942 ,1226 ,878 ,620 ,329 ,34 ,1 ,3117 ,3117 ,204 ,416 ,377 ,238 ,420 ,639 ,423 ,274 ,119 ,7 ,0 ,3185 ,3185 ,195 ,372 ,260 ,210 ,522 ,587 ,455 ,346 ,210 ,27 ,1
경상북도 영주시 휴천2동(4721060000),9737 ,9737 ,395 ,814 ,1142 ,681 ,1135 ,1638 ,1897 ,1257 ,699 ,79 ,0 ,4816 ,4816 ,193 ,416 ,648 ,401 ,602 ,811 ,880 ,568 ,281 ,16 ,0 ,4921 ,4921 ,202 ,398 ,494 ,280 ,533 ,827 ,1017 ,689 ,418 ,63 ,0
경상북도 영주시 휴천3동(4721061000),7347 ,7347 ,342 ,588 ,753 ,568 ,888 ,1414 ,1443 ,831 ,460 ,58 ,2 ,3580 ,3580 ,161 ,317 ,437 ,317 ,434 ,675 ,659 ,399 ,167 ,14 ,0 ,3767 ,3767 ,181 ,271 ,316 ,251 ,454 ,739 ,784 ,432 ,293 ,44 ,2
경상북도 영주시 가흥1동(4721062000),15410 ,15410 ,1576 ,2004 ,1758 ,1977 ,2997 ,2292 ,1622 ,754 ,382 ,47 ,1 ,7732 ,7732 ,828 ,1013 ,931 ,1078 ,1464 ,1219 ,755 ,320 ,114 ,10 ,0 ,7678 ,7678 ,748 ,991 ,827 ,899 ,1533 ,1073 ,867 ,434 ,268 ,37 ,1
경상북도 영주시 가흥2동(4721063000),10236 ,10236 ,781 ,1073 ,1079 ,1194 ,1630 ,1708 ,1452 ,775 ,468 ,76 ,0 ,5017 ,5017 ,412 ,543 ,583 ,642 ,791 ,849 ,704 ,332 ,150 ,11 ,0 ,5219 ,5219 ,369 ,530 ,496 ,552 ,839 ,859 ,748 ,443 ,318 ,65 ,0
경상북도 영천시 (4723000000),100965 ,100965 ,5226 ,6438 ,8641 ,8824 ,11798 ,17713 ,20429 ,12922 ,7903 ,1053 ,18 ,51406 ,51406 ,2662 ,3394 ,5149 ,4779 ,6496 ,9549 ,10474 ,6031 ,2642 ,229 ,1 ,49559 ,49559 ,2564 ,3044 ,3492 ,4045 ,5302 ,8164 ,9955 ,6891 ,5261 ,824 ,17
경상북도 영천시 금호읍(4723025000),10519 ,10519 ,357 ,414 ,743 ,664 ,1034 ,2122 ,2491 ,1593 ,993 ,107 ,1 ,5541 ,5541 ,175 ,248 ,433 ,364 ,620 ,1217 ,1348 ,756 ,354 ,26 ,0 ,4978 ,4978 ,182 ,166 ,310 ,300 ,414 ,905 ,1143 ,837 ,639 ,81 ,1
경상북도 영천시 청통면(4723031000),4006 ,4006 ,99 ,116 ,239 ,250 ,321 ,690 ,1073 ,730 ,433 ,54 ,1 ,2107 ,2107 ,55 ,62 ,145 ,150 ,211 ,389 ,584 ,361 ,140 ,10 ,0 ,1899 ,1899 ,44 ,54 ,94 ,100 ,110 ,301 ,489 ,369 ,293 ,44 ,1
경상북도 영천시 신녕면(4723032000),3704 ,3704 ,89 ,227 ,150 ,183 ,294 ,574 ,963 ,683 ,467 ,73 ,1 ,1834 ,1834 ,48 ,115 ,88 ,100 ,174 ,338 ,485 ,315 ,158 ,12 ,1 ,1870 ,1870 ,41 ,112 ,62 ,83 ,120 ,236 ,478 ,368 ,309 ,61 ,0
경상북도 영천시 화산면(4723033000),3116 ,3116 ,63 ,76 ,135 ,149 ,229 ,546 ,802 ,599 ,456 ,60 ,1 ,1616 ,1616 ,30 ,48 ,94 ,82 ,152 ,311 ,452 ,287 ,146 ,14 ,0 ,1500 ,1500 ,33 ,28 ,41 ,67 ,77 ,235 ,350 ,312 ,310 ,46 ,1
경상북도 영천시 화북면(4723034000),2181 ,2181 ,45 ,90 ,81 ,86 ,141 ,370 ,624 ,411 ,275 ,56 ,2 ,1079 ,1079 ,25 ,50 ,46 ,47 ,80 ,207 ,328 ,198 ,88 ,10 ,0 ,1102 ,1102 ,20 ,40 ,35 ,39 ,61 ,163 ,296 ,213 ,187 ,46 ,2
경상북도 영천시 화남면(4723035000),3223 ,3223 ,73 ,133 ,158 ,161 ,212 ,545 ,908 ,610 ,367 ,54 ,2 ,1711 ,1711 ,36 ,104 ,104 ,95 ,139 ,306 ,484 ,315 ,115 ,13 ,0 ,1512 ,1512 ,37 ,29 ,54 ,66 ,73 ,239 ,424 ,295 ,252 ,41 ,2
경상북도 영천시 자양면(4723036000),1280 ,1280 ,21 ,38 ,62 ,50 ,71 ,257 ,372 ,220 ,160 ,29 ,0 ,656 ,656 ,12 ,22 ,34 ,29 ,36 ,137 ,226 ,105 ,45 ,10 ,0 ,624 ,624 ,9 ,16 ,28 ,21 ,35 ,120 ,146 ,115 ,115 ,19 ,0
경상북도 영천시 임고면(4723037000),4121 ,4121 ,103 ,132 ,217 ,181 ,322 ,672 ,1020 ,845 ,556 ,72 ,1 ,2121 ,2121 ,65 ,80 ,138 ,108 ,193 ,371 ,535 ,395 ,216 ,20 ,0 ,2000 ,2000 ,38 ,52 ,79 ,73 ,129 ,301 ,485 ,450 ,340 ,52 ,1
경상북도 영천시 고경면(4723038000),5710 ,5710 ,211 ,228 ,695 ,381 ,506 ,807 ,1288 ,905 ,610 ,77 ,2 ,3093 ,3093 ,109 ,113 ,541 ,218 ,311 ,451 ,677 ,442 ,218 ,13 ,0 ,2617 ,2617 ,102 ,115 ,154 ,163 ,195 ,356 ,611 ,463 ,392 ,64 ,2
경상북도 영천시 북안면(4723039000),4378 ,4378 ,63 ,115 ,232 ,187 ,345 ,737 ,1185 ,850 ,589 ,75 ,0 ,2290 ,2290 ,28 ,63 ,129 ,126 ,216 ,437 ,635 ,433 ,206 ,17 ,0 ,2088 ,2088 ,35 ,52 ,103 ,61 ,129 ,300 ,550 ,417 ,383 ,58 ,0
경상북도 영천시 대창면(4723040000),3045 ,3045 ,63 ,85 ,155 ,165 ,236 ,549 ,848 ,564 ,328 ,50 ,2 ,1605 ,1605 ,31 ,38 ,90 ,95 ,151 ,332 ,457 ,287 ,112 ,12 ,0 ,1440 ,1440 ,32 ,47 ,65 ,70 ,85 ,217 ,391 ,277 ,216 ,38 ,2
경상북도 영천시 동부동(4723051000),27661 ,27661 ,2106 ,2579 ,2988 ,3191 ,4279 ,5023 ,4220 ,2030 ,1099 ,145 ,1 ,13633 ,13633 ,1055 ,1342 ,1707 ,1691 ,2172 ,2518 ,1958 ,859 ,303 ,28 ,0 ,14028 ,14028 ,1051 ,1237 ,1281 ,1500 ,2107 ,2505 ,2262 ,1171 ,796 ,117 ,1
경상북도 영천시 중앙동(4723052000),9446 ,9446 ,693 ,895 ,1072 ,1055 ,1355 ,1624 ,1404 ,831 ,456 ,61 ,0 ,4745 ,4745 ,360 ,465 ,607 ,554 ,700 ,813 ,685 ,377 ,168 ,16 ,0 ,4701 ,4701 ,333 ,430 ,465 ,501 ,655 ,811 ,719 ,454 ,288 ,45 ,0
경상북도 영천시 서부동(4723053500),4627 ,4627 ,124 ,274 ,432 ,341 ,490 ,861 ,981 ,689 ,382 ,51 ,2 ,2324 ,2324 ,66 ,119 ,240 ,194 ,293 ,477 ,497 ,307 ,121 ,10 ,0 ,2303 ,2303 ,58 ,155 ,192 ,147 ,197 ,384 ,484 ,382 ,261 ,41 ,2
경상북도 영천시 완산동(4723054000),9949 ,9949 ,911 ,839 ,977 ,1412 ,1487 ,1600 ,1442 ,838 ,404 ,39 ,0 ,4880 ,4880 ,462 ,410 ,565 ,704 ,750 ,808 ,674 ,353 ,146 ,8 ,0 ,5069 ,5069 ,449 ,429 ,412 ,708 ,737 ,792 ,768 ,485 ,258 ,31 ,0
경상북도 영천시 남부동(4723055500),3999 ,3999 ,205 ,197 ,305 ,368 ,476 ,736 ,808 ,524 ,328 ,50 ,2 ,2171 ,2171 ,105 ,115 ,188 ,222 ,298 ,437 ,449 ,241 ,106 ,10 ,0 ,1828 ,1828 ,100 ,82 ,117 ,146 ,178 ,299 ,359 ,283 ,222 ,40 ,2
경상북도 상주시 (4725000000),94646 ,94646 ,4503 ,7278 ,7122 ,6679 ,10514 ,15654 ,19685 ,12508 ,9171 ,1489 ,43 ,46623 ,46623 ,2349 ,3842 ,4182 ,3604 ,5564 ,8282 ,9899 ,5641 ,2967 ,290 ,3 ,48023 ,48023 ,2154 ,3436 ,2940 ,3075 ,4950 ,7372 ,9786 ,6867 ,6204 ,1199 ,40
경상북도 상주시 함창읍(4725025000),6245 ,6245 ,218 ,533 ,305 ,387 ,621 ,969 ,1400 ,983 ,720 ,104 ,5 ,3036 ,3036 ,121 ,254 ,173 ,212 ,343 ,548 ,706 ,431 ,227 ,21 ,0 ,3209 ,3209 ,97 ,279 ,132 ,175 ,278 ,421 ,694 ,552 ,493 ,83 ,5
경상북도 상주시 중동면(4725031000),1337 ,1337 ,28 ,57 ,53 ,62 ,86 ,200 ,322 ,276 ,212 ,41 ,0 ,659 ,659 ,19 ,28 ,30 ,36 ,62 ,118 ,173 ,121 ,63 ,9 ,0 ,678 ,678 ,9 ,29 ,23 ,26 ,24 ,82 ,149 ,155 ,149 ,32 ,0
경상북도 상주시 사벌국면(4725032500),3741 ,3741 ,101 ,148 ,170 ,192 ,304 ,554 ,909 ,648 ,613 ,102 ,0 ,1849 ,1849 ,50 ,88 ,112 ,106 ,204 ,319 ,494 ,293 ,170 ,13 ,0 ,1892 ,1892 ,51 ,60 ,58 ,86 ,100 ,235 ,415 ,355 ,443 ,89 ,0
경상북도 상주시 낙동면(4725033000),2892 ,2892 ,62 ,143 ,121 ,117 ,191 ,454 ,721 ,505 ,491 ,81 ,6 ,1418 ,1418 ,35 ,71 ,71 ,72 ,116 ,251 ,401 ,229 ,160 ,12 ,0 ,1474 ,1474 ,27 ,72 ,50 ,45 ,75 ,203 ,320 ,276 ,331 ,69 ,6
경상북도 상주시 낙동면동부출장소(4725033500),988 ,988 ,27 ,35 ,46 ,41 ,66 ,169 ,267 ,151 ,162 ,23 ,1 ,494 ,494 ,15 ,17 ,32 ,23 ,43 ,98 ,146 ,69 ,44 ,7 ,0 ,494 ,494 ,12 ,18 ,14 ,18 ,23 ,71 ,121 ,82 ,118 ,16 ,1
경상북도 상주시 청리면(4725034000),2544 ,2544 ,52 ,117 ,97 ,121 ,198 ,380 ,657 ,457 ,402 ,61 ,2 ,1243 ,1243 ,31 ,71 ,64 ,69 ,118 ,226 ,322 ,202 ,127 ,13 ,0 ,1301 ,1301 ,21 ,46 ,33 ,52 ,80 ,154 ,335 ,255 ,275 ,48 ,2
경상북도 상주시 공성면(4725035000),3870 ,3870 ,73 ,251 ,134 ,163 ,285 ,579 ,1032 ,709 ,570 ,72 ,2 ,1907 ,1907 ,43 ,140 ,91 ,94 ,171 ,320 ,496 ,348 ,188 ,16 ,0 ,1963 ,1963 ,30 ,111 ,43 ,69 ,114 ,259 ,536 ,361 ,382 ,56 ,2
경상북도 상주시 외남면(4725036000),1587 ,1587 ,42 ,60 ,59 ,65 ,117 ,253 ,421 ,268 ,247 ,54 ,1 ,797 ,797 ,18 ,38 ,30 ,39 ,82 ,149 ,223 ,124 ,81 ,13 ,0 ,790 ,790 ,24 ,22 ,29 ,26 ,35 ,104 ,198 ,144 ,166 ,41 ,1
경상북도 상주시 내서면(4725037000),1886 ,1886 ,41 ,77 ,65 ,80 ,127 ,320 ,566 ,309 ,260 ,41 ,0 ,971 ,971 ,20 ,40 ,40 ,56 ,74 ,171 ,315 ,151 ,99 ,5 ,0 ,915 ,915 ,21 ,37 ,25 ,24 ,53 ,149 ,251 ,158 ,161 ,36 ,0
경상북도 상주시 모동면(4725038000),2568 ,2568 ,70 ,182 ,124 ,114 ,219 ,453 ,701 ,397 ,264 ,42 ,2 ,1312 ,1312 ,38 ,107 ,80 ,59 ,127 ,243 ,365 ,187 ,96 ,9 ,1 ,1256 ,1256 ,32 ,75 ,44 ,55 ,92 ,210 ,336 ,210 ,168 ,33 ,1
경상북도 상주시 모서면(4725039000),1670 ,1670 ,39 ,61 ,89 ,68 ,133 ,296 ,456 ,275 ,210 ,43 ,0 ,858 ,858 ,16 ,35 ,66 ,53 ,78 ,172 ,239 ,123 ,66 ,10 ,0 ,812 ,812 ,23 ,26 ,23 ,15 ,55 ,124 ,217 ,152 ,144 ,33 ,0
경상북도 상주시 모서면서부출장소(4725039500),730 ,730 ,19 ,32 ,32 ,29 ,48 ,136 ,221 ,99 ,101 ,13 ,0 ,354 ,354 ,10 ,16 ,20 ,16 ,29 ,66 ,118 ,48 ,29 ,2 ,0 ,376 ,376 ,9 ,16 ,12 ,13 ,19 ,70 ,103 ,51 ,72 ,11 ,0
경상북도 상주시 화동면(4725040000),1909 ,1909 ,42 ,93 ,84 ,94 ,153 ,348 ,512 ,315 ,225 ,43 ,0 ,962 ,962 ,24 ,47 ,45 ,50 ,93 ,190 ,282 ,145 ,80 ,6 ,0 ,947 ,947 ,18 ,46 ,39 ,44 ,60 ,158 ,230 ,170 ,145 ,37 ,0
경상북도 상주시 화서면(4725041000),2874 ,2874 ,198 ,175 ,110 ,175 ,271 ,486 ,675 ,412 ,322 ,50 ,0 ,1400 ,1400 ,101 ,80 ,63 ,93 ,150 ,249 ,343 ,193 ,113 ,15 ,0 ,1474 ,1474 ,97 ,95 ,47 ,82 ,121 ,237 ,332 ,219 ,209 ,35 ,0
경상북도 상주시 화북면(4725042000),1172 ,1172 ,30 ,51 ,59 ,50 ,92 ,246 ,307 ,163 ,144 ,29 ,1 ,587 ,587 ,15 ,27 ,26 ,30 ,54 ,136 ,161 ,78 ,54 ,6 ,0 ,585 ,585 ,15 ,24 ,33 ,20 ,38 ,110 ,146 ,85 ,90 ,23 ,1
경상북도 상주시 화북면서부출장소(4725042600),320 ,320 ,3 ,8 ,10 ,11 ,18 ,54 ,111 ,51 ,47 ,7 ,0 ,172 ,172 ,0 ,5 ,7 ,9 ,10 ,33 ,65 ,27 ,16 ,0 ,0 ,148 ,148 ,3 ,3 ,3 ,2 ,8 ,21 ,46 ,24 ,31 ,7 ,0
경상북도 상주시 외서면(4725043000),2599 ,2599 ,70 ,124 ,98 ,115 ,234 ,440 ,639 ,467 ,348 ,60 ,4 ,1230 ,1230 ,25 ,69 ,51 ,70 ,128 ,235 ,333 ,200 ,110 ,8 ,1 ,1369 ,1369 ,45 ,55 ,47 ,45 ,106 ,205 ,306 ,267 ,238 ,52 ,3
경상북도 상주시 은척면(4725044000),1131 ,1131 ,19 ,38 ,41 ,27 ,74 ,145 ,319 ,240 ,194 ,33 ,1 ,536 ,536 ,8 ,24 ,20 ,14 ,47 ,86 ,162 ,102 ,66 ,7 ,0 ,595 ,595 ,11 ,14 ,21 ,13 ,27 ,59 ,157 ,138 ,128 ,26 ,1
경상북도 상주시 은척면북부출장소(4725044500),373 ,373 ,7 ,13 ,11 ,9 ,19 ,69 ,87 ,58 ,92 ,7 ,1 ,192 ,192 ,2 ,7 ,9 ,7 ,13 ,38 ,54 ,31 ,28 ,3 ,0 ,181 ,181 ,5 ,6 ,2 ,2 ,6 ,31 ,33 ,27 ,64 ,4 ,1
경상북도 상주시 공검면(4725045000),2110 ,2110 ,36 ,76 ,92 ,93 ,154 ,277 ,537 ,417 ,347 ,79 ,2 ,1009 ,1009 ,17 ,33 ,55 ,59 ,96 ,157 ,278 ,190 ,112 ,12 ,0 ,1101 ,1101 ,19 ,43 ,37 ,34 ,58 ,120 ,259 ,227 ,235 ,67 ,2
경상북도 상주시 이안면(4725046000),1969 ,1969 ,42 ,87 ,88 ,58 ,165 ,271 ,453 ,400 ,344 ,59 ,2 ,965 ,965 ,24 ,45 ,56 ,31 ,96 ,161 ,240 ,186 ,109 ,17 ,0 ,1004 ,1004 ,18 ,42 ,32 ,27 ,69 ,110 ,213 ,214 ,235 ,42 ,2
경상북도 상주시 화남면(4725047000),778 ,778 ,33 ,34 ,30 ,32 ,49 ,140 ,208 ,129 ,101 ,21 ,1 ,381 ,381 ,13 ,20 ,13 ,12 ,34 ,77 ,120 ,62 ,29 ,1 ,0 ,397 ,397 ,20 ,14 ,17 ,20 ,15 ,63 ,88 ,67 ,72 ,20 ,1
경상북도 상주시 남원동(4725052000),11429 ,11429 ,698 ,1250 ,1087 ,1057 ,1622 ,1929 ,1905 ,1191 ,602 ,87 ,1 ,5696 ,5696 ,359 ,736 ,656 ,563 ,782 ,964 ,897 ,520 ,206 ,13 ,0 ,5733 ,5733 ,339 ,514 ,431 ,494 ,840 ,965 ,1008 ,671 ,396 ,74 ,1
경상북도 상주시 북문동(4725053000),9303 ,9303 ,695 ,828 ,913 ,997 ,1415 ,1616 ,1573 ,766 ,440 ,59 ,1 ,4609 ,4609 ,354 ,448 ,511 ,514 ,704 ,825 ,756 ,344 ,142 ,11 ,0 ,4694 ,4694 ,341 ,380 ,402 ,483 ,711 ,791 ,817 ,422 ,298 ,48 ,1
경상북도 상주시 계림동(4725054000),8935 ,8935 ,734 ,934 ,813 ,952 ,1288 ,1505 ,1331 ,789 ,513 ,72 ,4 ,4274 ,4274 ,391 ,447 ,443 ,508 ,632 ,735 ,634 ,319 ,148 ,17 ,0 ,4661 ,4661 ,343 ,487 ,370 ,444 ,656 ,770 ,697 ,470 ,365 ,55 ,4
경상북도 상주시 동문동(4725055000),7653 ,7653 ,457 ,642 ,751 ,645 ,975 ,1392 ,1351 ,841 ,525 ,72 ,2 ,3717 ,3717 ,244 ,315 ,428 ,324 ,475 ,745 ,626 ,361 ,184 ,15 ,0 ,3936 ,3936 ,213 ,327 ,323 ,321 ,500 ,647 ,725 ,480 ,341 ,57 ,2
경상북도 상주시 동성동(4725056000),3358 ,3358 ,103 ,282 ,267 ,202 ,406 ,600 ,689 ,484 ,275 ,49 ,1 ,1620 ,1620 ,64 ,149 ,158 ,112 ,216 ,306 ,301 ,218 ,90 ,6 ,0 ,1738 ,1738 ,39 ,133 ,109 ,90 ,190 ,294 ,388 ,266 ,185 ,43 ,1
경상북도 상주시 신흥동(4725057000),8675 ,8675 ,564 ,947 ,1373 ,723 ,1184 ,1373 ,1315 ,708 ,400 ,85 ,3 ,4375 ,4375 ,292 ,485 ,832 ,373 ,587 ,664 ,649 ,339 ,130 ,23 ,1 ,4300 ,4300 ,272 ,462 ,541 ,350 ,597 ,709 ,666 ,369 ,270 ,62 ,2
경상북도 문경시 (4728000000),69769 ,69769 ,3444 ,5323 ,5648 ,5074 ,8172 ,11464 ,14253 ,9237 ,6229 ,891 ,34 ,34330 ,34330 ,1761 ,2896 ,3180 ,2706 ,4312 ,6000 ,7111 ,4132 ,2042 ,184 ,6 ,35439 ,35439 ,1683 ,2427 ,2468 ,2368 ,3860 ,5464 ,7142 ,5105 ,4187 ,707 ,28
경상북도 문경시 문경읍(4728025000),5747 ,5747 ,201 ,351 ,298 ,364 ,547 ,959 ,1362 ,944 ,640 ,77 ,4 ,2769 ,2769 ,107 ,171 ,173 ,205 ,294 ,493 ,673 ,411 ,227 ,15 ,0 ,2978 ,2978 ,94 ,180 ,125 ,159 ,253 ,466 ,689 ,533 ,413 ,62 ,4
경상북도 문경시 문경읍갈평출장소(4728025100),1084 ,1084 ,26 ,52 ,42 ,47 ,74 ,224 ,297 ,169 ,135 ,18 ,0 ,559 ,559 ,16 ,28 ,30 ,28 ,46 ,120 ,163 ,78 ,48 ,2 ,0 ,525 ,525 ,10 ,24 ,12 ,19 ,28 ,104 ,134 ,91 ,87 ,16 ,0
경상북도 문경시 가은읍(4728025300),3158 ,3158 ,104 ,144 ,139 ,153 ,251 ,468 ,784 ,549 ,478 ,86 ,2 ,1546 ,1546 ,56 ,86 ,92 ,79 ,141 ,250 ,417 ,254 ,148 ,23 ,0 ,1612 ,1612 ,48 ,58 ,47 ,74 ,110 ,218 ,367 ,295 ,330 ,63 ,2
경상북도 문경시 가은읍북부출장소(4728025400),841 ,841 ,12 ,36 ,23 ,39 ,66 ,190 ,226 ,134 ,101 ,14 ,0 ,446 ,446 ,7 ,20 ,10 ,12 ,35 ,117 ,143 ,66 ,35 ,1 ,0 ,395 ,395 ,5 ,16 ,13 ,27 ,31 ,73 ,83 ,68 ,66 ,13 ,0
경상북도 문경시 영순면(4728031000),2411 ,2411 ,53 ,283 ,112 ,88 ,170 ,312 ,596 ,381 ,352 ,64 ,0 ,1294 ,1294 ,28 ,187 ,73 ,52 ,106 ,183 ,328 ,196 ,129 ,12 ,0 ,1117 ,1117 ,25 ,96 ,39 ,36 ,64 ,129 ,268 ,185 ,223 ,52 ,0
경상북도 문경시 산양면(4728032000),3029 ,3029 ,83 ,123 ,159 ,144 ,253 ,451 ,773 ,528 ,426 ,88 ,1 ,1550 ,1550 ,44 ,64 ,106 ,80 ,168 ,268 ,397 ,254 ,150 ,19 ,0 ,1479 ,1479 ,39 ,59 ,53 ,64 ,85 ,183 ,376 ,274 ,276 ,69 ,1
경상북도 문경시 호계면(4728033000),2438 ,2438 ,38 ,144 ,339 ,119 ,166 ,355 ,565 ,369 ,304 ,37 ,2 ,1191 ,1191 ,22 ,68 ,159 ,69 ,97 ,194 ,299 ,179 ,98 ,5 ,1 ,1247 ,1247 ,16 ,76 ,180 ,50 ,69 ,161 ,266 ,190 ,206 ,32 ,1
경상북도 문경시 산북면(4728034000),2690 ,2690 ,59 ,75 ,127 ,102 ,193 ,430 ,700 ,502 ,428 ,70 ,4 ,1351 ,1351 ,36 ,44 ,85 ,62 ,121 ,232 ,399 ,222 ,132 ,16 ,2 ,1339 ,1339 ,23 ,31 ,42 ,40 ,72 ,198 ,301 ,280 ,296 ,54 ,2
경상북도 문경시 동로면(4728035000),1988 ,1988 ,65 ,92 ,85 ,82 ,159 ,340 ,581 ,304 ,245 ,34 ,1 ,1023 ,1023 ,32 ,48 ,53 ,36 ,96 ,189 ,327 ,151 ,83 ,8 ,0 ,965 ,965 ,33 ,44 ,32 ,46 ,63 ,151 ,254 ,153 ,162 ,26 ,1
경상북도 문경시 마성면(4728036000),3459 ,3459 ,76 ,110 ,184 ,182 ,248 ,577 ,832 ,642 ,539 ,64 ,5 ,1654 ,1654 ,31 ,64 ,107 ,104 ,148 ,345 ,434 ,269 ,139 ,12 ,1 ,1805 ,1805 ,45 ,46 ,77 ,78 ,100 ,232 ,398 ,373 ,400 ,52 ,4
경상북도 문경시 농암면(4728037000),2541 ,2541 ,57 ,85 ,103 ,102 ,158 ,444 ,705 ,479 ,341 ,60 ,7 ,1190 ,1190 ,30 ,50 ,59 ,55 ,94 ,233 ,345 ,213 ,99 ,11 ,1 ,1351 ,1351 ,27 ,35 ,44 ,47 ,64 ,211 ,360 ,266 ,242 ,49 ,6
경상북도 문경시 점촌1동(4728057000),5551 ,5551 ,317 ,358 ,465 ,462 ,668 ,915 ,1123 ,789 ,406 ,48 ,0 ,2699 ,2699 ,171 ,216 ,265 ,248 ,356 ,442 ,491 ,350 ,147 ,13 ,0 ,2852 ,2852 ,146 ,142 ,200 ,214 ,312 ,473 ,632 ,439 ,259 ,35 ,0
경상북도 문경시 점촌2동(4728058000),6807 ,6807 ,363 ,576 ,569 ,532 ,825 ,1043 ,1351 ,976 ,512 ,59 ,1 ,3289 ,3289 ,183 ,315 ,322 ,283 ,432 ,551 ,606 ,412 ,174 ,11 ,0 ,3518 ,3518 ,180 ,261 ,247 ,249 ,393 ,492 ,745 ,564 ,338 ,48 ,1
경상북도 문경시 점촌3동(4728059000),8882 ,8882 ,538 ,845 ,801 ,726 ,1275 ,1445 ,1661 ,987 ,530 ,72 ,2 ,4390 ,4390 ,265 ,487 ,477 ,387 ,665 ,714 ,777 ,410 ,186 ,22 ,0 ,4492 ,4492 ,273 ,358 ,324 ,339 ,610 ,731 ,884 ,577 ,344 ,50 ,2
경상북도 문경시 점촌4동(4728060000),2988 ,2988 ,98 ,134 ,178 ,216 ,270 ,505 ,692 ,491 ,361 ,42 ,1 ,1512 ,1512 ,47 ,72 ,93 ,127 ,169 ,303 ,360 ,225 ,107 ,9 ,0 ,1476 ,1476 ,51 ,62 ,85 ,89 ,101 ,202 ,332 ,266 ,254 ,33 ,1
경상북도 문경시 점촌5동(4728061000),16155 ,16155 ,1354 ,1915 ,2024 ,1716 ,2849 ,2806 ,2005 ,993 ,431 ,58 ,4 ,7867 ,7867 ,686 ,976 ,1076 ,879 ,1344 ,1366 ,952 ,442 ,140 ,5 ,1 ,8288 ,8288 ,668 ,939 ,948 ,837 ,1505 ,1440 ,1053 ,551 ,291 ,53 ,3
경상북도 경산시 (4729000000),267731 ,267731 ,17840 ,22982 ,35669 ,31643 ,40361 ,46047 ,39631 ,21147 ,10981 ,1402 ,28 ,134765 ,134765 ,9121 ,11813 ,19654 ,17197 ,20674 ,23035 ,19527 ,9546 ,3869 ,328 ,1 ,132966 ,132966 ,8719 ,11169 ,16015 ,14446 ,19687 ,23012 ,20104 ,11601 ,7112 ,1074 ,27
경상북도 경산시 하양읍(4729025000),30829 ,30829 ,2003 ,3100 ,5092 ,3467 ,4562 ,5010 ,3887 ,2285 ,1287 ,134 ,2 ,15586 ,15586 ,1013 ,1697 ,2819 ,1958 ,2233 ,2510 ,1891 ,989 ,450 ,26 ,0 ,15243 ,15243 ,990 ,1403 ,2273 ,1509 ,2329 ,2500 ,1996 ,1296 ,837 ,108 ,2
경상북도 경산시 진량읍(4729025300),34691 ,34691 ,1814 ,3076 ,5052 ,3562 ,5401 ,7093 ,4755 ,2419 ,1356 ,160 ,3 ,18088 ,18088 ,954 ,1520 ,2886 ,2014 ,2876 ,3732 ,2534 ,1055 ,466 ,51 ,0 ,16603 ,16603 ,860 ,1556 ,2166 ,1548 ,2525 ,3361 ,2221 ,1364 ,890 ,109 ,3
경상북도 경산시 압량읍(4729025600),20764 ,20764 ,2030 ,1349 ,2952 ,3730 ,3205 ,2780 ,2632 ,1277 ,705 ,103 ,1 ,11040 ,11040 ,1054 ,704 ,1664 ,2136 ,1823 ,1456 ,1327 ,606 ,243 ,27 ,0 ,9724 ,9724 ,976 ,645 ,1288 ,1594 ,1382 ,1324 ,1305 ,671 ,462 ,76 ,1
경상북도 경산시 와촌면(4729031000),5484 ,5484 ,119 ,206 ,367 ,378 ,542 ,1032 ,1436 ,829 ,509 ,65 ,1 ,2967 ,2967 ,62 ,106 ,232 ,227 ,338 ,597 ,796 ,415 ,183 ,11 ,0 ,2517 ,2517 ,57 ,100 ,135 ,151 ,204 ,435 ,640 ,414 ,326 ,54 ,1
경상북도 경산시 자인면(4729033000),5406 ,5406 ,119 ,231 ,384 ,355 ,537 ,972 ,1325 ,905 ,501 ,75 ,2 ,2758 ,2758 ,66 ,118 ,214 ,222 ,335 ,509 ,681 ,451 ,146 ,16 ,0 ,2648 ,2648 ,53 ,113 ,170 ,133 ,202 ,463 ,644 ,454 ,355 ,59 ,2
경상북도 경산시 용성면(4729034000),3278 ,3278 ,52 ,104 ,168 ,167 ,240 ,545 ,923 ,623 ,404 ,51 ,1 ,1738 ,1738 ,29 ,52 ,106 ,111 ,150 ,310 ,520 ,316 ,138 ,6 ,0 ,1540 ,1540 ,23 ,52 ,62 ,56 ,90 ,235 ,403 ,307 ,266 ,45 ,1
경상북도 경산시 남산면(4729035000),3711 ,3711 ,86 ,154 ,221 ,197 ,345 ,618 ,979 ,630 ,416 ,64 ,1 ,1915 ,1915 ,42 ,79 ,133 ,126 ,191 ,333 ,546 ,316 ,135 ,14 ,0 ,1796 ,1796 ,44 ,75 ,88 ,71 ,154 ,285 ,433 ,314 ,281 ,50 ,1
경상북도 경산시 남천면(4729037000),2836 ,2836 ,60 ,99 ,174 ,170 ,222 ,523 ,724 ,534 ,281 ,48 ,1 ,1470 ,1470 ,38 ,51 ,106 ,103 ,135 ,294 ,377 ,259 ,96 ,11 ,0 ,1366 ,1366 ,22 ,48 ,68 ,67 ,87 ,229 ,347 ,275 ,185 ,37 ,1
경상북도 경산시 중방동(4729051000),9380 ,9380 ,434 ,529 ,1360 ,1131 ,1100 ,1709 ,1828 ,867 ,368 ,53 ,1 ,4507 ,4507 ,222 ,274 ,684 ,582 ,541 ,796 ,855 ,416 ,126 ,11 ,0 ,4873 ,4873 ,212 ,255 ,676 ,549 ,559 ,913 ,973 ,451 ,242 ,42 ,1
경상북도 경산시 중앙동(4729052000),6180 ,6180 ,182 ,303 ,881 ,720 ,665 ,1179 ,1204 ,635 ,372 ,39 ,0 ,3057 ,3057 ,96 ,152 ,482 ,418 ,357 ,583 ,595 ,256 ,107 ,11 ,0 ,3123 ,3123 ,86 ,151 ,399 ,302 ,308 ,596 ,609 ,379 ,265 ,28 ,0
경상북도 경산시 남부동(4729053000),19534 ,19534 ,1664 ,2035 ,1841 ,2190 ,3509 ,3027 ,2772 ,1647 ,748 ,98 ,3 ,9626 ,9626 ,832 ,1118 ,1013 ,1152 ,1734 ,1498 ,1268 ,704 ,286 ,21 ,0 ,9908 ,9908 ,832 ,917 ,828 ,1038 ,1775 ,1529 ,1504 ,943 ,462 ,77 ,3
경상북도 경산시 서부1동(4729054100),34586 ,34586 ,2149 ,3778 ,3798 ,3491 ,5709 ,6170 ,5234 ,2728 ,1366 ,158 ,5 ,16468 ,16468 ,1053 ,1838 ,1980 ,1742 ,2727 ,3003 ,2426 ,1165 ,497 ,36 ,1 ,18118 ,18118 ,1096 ,1940 ,1818 ,1749 ,2982 ,3167 ,2808 ,1563 ,869 ,122 ,4
경상북도 경산시 서부2동(4729054200),35686 ,35686 ,3699 ,2914 ,4024 ,5076 ,5673 ,6084 ,4685 ,2380 ,1029 ,121 ,1 ,17068 ,17068 ,1870 ,1436 ,2147 ,2494 ,2754 ,2706 ,2185 ,1055 ,386 ,35 ,0 ,18618 ,18618 ,1829 ,1478 ,1877 ,2582 ,2919 ,3378 ,2500 ,1325 ,643 ,86 ,1
경상북도 경산시 북부동(4729055000),16878 ,16878 ,902 ,868 ,4118 ,2715 ,2175 ,2467 ,2060 ,1030 ,480 ,62 ,1 ,9255 ,9255 ,474 ,437 ,2263 ,1634 ,1313 ,1365 ,1052 ,513 ,189 ,15 ,0 ,7623 ,7623 ,428 ,431 ,1855 ,1081 ,862 ,1102 ,1008 ,517 ,291 ,47 ,1
경상북도 경산시 동부동(4729056000),38488 ,38488 ,2527 ,4236 ,5237 ,4294 ,6476 ,6838 ,5187 ,2358 ,1159 ,171 ,5 ,19222 ,19222 ,1316 ,2231 ,2925 ,2278 ,3167 ,3343 ,2474 ,1030 ,421 ,37 ,0 ,19266 ,19266 ,1211 ,2005 ,2312 ,2016 ,3309 ,3495 ,2713 ,1328 ,738 ,134 ,5
경상북도 군위군 (4772000000),23245 ,23245 ,583 ,890 ,1261 ,1228 ,1911 ,4052 ,6008 ,4012 ,2901 ,391 ,8 ,11954 ,11954 ,319 ,479 ,750 ,718 ,1103 ,2305 ,3254 ,1924 ,1017 ,85 ,0 ,11291 ,11291 ,264 ,411 ,511 ,510 ,808 ,1747 ,2754 ,2088 ,1884 ,306 ,8
경상북도 군위군 군위읍(4772025000),8172 ,8172 ,340 ,585 ,652 ,588 ,999 ,1506 ,1660 ,1063 ,683 ,95 ,1 ,4226 ,4226 ,189 ,330 ,378 ,331 ,526 ,825 ,881 ,493 ,249 ,24 ,0 ,3946 ,3946 ,151 ,255 ,274 ,257 ,473 ,681 ,779 ,570 ,434 ,71 ,1
경상북도 군위군 소보면(4772031000),2311 ,2311 ,31 ,38 ,91 ,105 ,134 ,400 ,618 ,471 ,365 ,56 ,2 ,1213 ,1213 ,21 ,18 ,54 ,58 ,86 ,243 ,347 ,236 ,135 ,15 ,0 ,1098 ,1098 ,10 ,20 ,37 ,47 ,48 ,157 ,271 ,235 ,230 ,41 ,2
경상북도 군위군 효령면(4772032000),3837 ,3837 ,80 ,95 ,213 ,177 ,267 ,675 ,1103 ,674 ,492 ,61 ,0 ,1996 ,1996 ,44 ,42 ,133 ,102 ,164 ,394 ,600 ,328 ,177 ,12 ,0 ,1841 ,1841 ,36 ,53 ,80 ,75 ,103 ,281 ,503 ,346 ,315 ,49 ,0
경상북도 군위군 부계면(4772033000),2099 ,2099 ,45 ,45 ,95 ,104 ,117 ,387 ,590 ,389 ,291 ,36 ,0 ,1082 ,1082 ,23 ,32 ,60 ,66 ,72 ,203 ,322 ,196 ,101 ,7 ,0 ,1017 ,1017 ,22 ,13 ,35 ,38 ,45 ,184 ,268 ,193 ,190 ,29 ,0
경상북도 군위군 우보면(4772034000),1962 ,1962 ,24 ,28 ,72 ,77 ,106 ,317 ,571 ,387 ,334 ,44 ,2 ,992 ,992 ,10 ,9 ,49 ,51 ,78 ,178 ,321 ,176 ,112 ,8 ,0 ,970 ,970 ,14 ,19 ,23 ,26 ,28 ,139 ,250 ,211 ,222 ,36 ,2
경상북도 군위군 의흥면(4772035000),2346 ,2346 ,32 ,63 ,73 ,95 ,152 ,349 ,673 ,494 ,359 ,53 ,3 ,1142 ,1142 ,11 ,30 ,34 ,51 ,93 ,208 ,348 ,233 ,118 ,16 ,0 ,1204 ,1204 ,21 ,33 ,39 ,44 ,59 ,141 ,325 ,261 ,241 ,37 ,3
경상북도 군위군 산성면(4772036000),1199 ,1199 ,18 ,19 ,31 ,46 ,53 ,208 ,345 ,260 ,199 ,20 ,0 ,609 ,609 ,13 ,8 ,21 ,34 ,31 ,131 ,180 ,126 ,62 ,3 ,0 ,590 ,590 ,5 ,11 ,10 ,12 ,22 ,77 ,165 ,134 ,137 ,17 ,0
경상북도 군위군 삼국유사면(4772038000),1319 ,1319 ,13 ,17 ,34 ,36 ,83 ,210 ,448 ,274 ,178 ,26 ,0 ,694 ,694 ,8 ,10 ,21 ,25 ,53 ,123 ,255 ,136 ,63 ,0 ,0 ,625 ,625 ,5 ,7 ,13 ,11 ,30 ,87 ,193 ,138 ,115 ,26 ,0
경상북도 의성군 (4773000000),50081 ,50081 ,1699 ,2121 ,2517 ,2893 ,4224 ,7789 ,12432 ,8711 ,6700 ,971 ,24 ,24707 ,24707 ,886 ,1130 ,1474 ,1606 ,2439 ,4337 ,6385 ,3951 ,2282 ,215 ,2 ,25374 ,25374 ,813 ,991 ,1043 ,1287 ,1785 ,3452 ,6047 ,4760 ,4418 ,756 ,22
경상북도 의성군 의성읍(4773025000),12734 ,12734 ,683 ,983 ,962 ,1020 ,1630 ,2035 ,2565 ,1710 ,1003 ,142 ,1 ,6265 ,6265 ,365 ,526 ,551 ,546 ,821 ,1093 ,1221 ,766 ,339 ,37 ,0 ,6469 ,6469 ,318 ,457 ,411 ,474 ,809 ,942 ,1344 ,944 ,664 ,105 ,1
경상북도 의성군 단촌면(4773031000),1891 ,1891 ,34 ,43 ,63 ,93 ,120 ,265 ,573 ,350 ,318 ,31 ,1 ,944 ,944 ,19 ,23 ,41 ,59 ,77 ,162 ,296 ,149 ,108 ,10 ,0 ,947 ,947 ,15 ,20 ,22 ,34 ,43 ,103 ,277 ,201 ,210 ,21 ,1
경상북도 의성군 점곡면(4773032000),1567 ,1567 ,36 ,30 ,58 ,65 ,91 ,220 ,438 ,321 ,265 ,43 ,0 ,771 ,771 ,22 ,16 ,35 ,40 ,65 ,128 ,223 ,145 ,89 ,8 ,0 ,796 ,796 ,14 ,14 ,23 ,25 ,26 ,92 ,215 ,176 ,176 ,35 ,0
경상북도 의성군 옥산면(4773033000),1740 ,1740 ,30 ,48 ,60 ,60 ,104 ,312 ,499 ,366 ,227 ,33 ,1 ,877 ,877 ,21 ,25 ,33 ,39 ,68 ,170 ,265 ,170 ,76 ,10 ,0 ,863 ,863 ,9 ,23 ,27 ,21 ,36 ,142 ,234 ,196 ,151 ,23 ,1
경상북도 의성군 사곡면(4773034000),1554 ,1554 ,21 ,31 ,55 ,37 ,85 ,257 ,437 ,316 ,260 ,53 ,2 ,761 ,761 ,11 ,19 ,32 ,20 ,60 ,146 ,221 ,162 ,79 ,10 ,1 ,793 ,793 ,10 ,12 ,23 ,17 ,25 ,111 ,216 ,154 ,181 ,43 ,1
경상북도 의성군 춘산면(4773035000),1484 ,1484 ,42 ,52 ,38 ,67 ,78 ,224 ,476 ,268 ,207 ,31 ,1 ,753 ,753 ,19 ,26 ,27 ,34 ,45 ,113 ,266 ,138 ,78 ,7 ,0 ,731 ,731 ,23 ,26 ,11 ,33 ,33 ,111 ,210 ,130 ,129 ,24 ,1
경상북도 의성군 가음면(4773036000),1460 ,1460 ,30 ,31 ,47 ,61 ,86 ,222 ,454 ,281 ,214 ,33 ,1 ,737 ,737 ,15 ,17 ,26 ,29 ,56 ,116 ,259 ,136 ,74 ,9 ,0 ,723 ,723 ,15 ,14 ,21 ,32 ,30 ,106 ,195 ,145 ,140 ,24 ,1
경상북도 의성군 금성면(4773037000),4180 ,4180 ,122 ,132 ,171 ,225 ,317 ,597 ,1080 ,834 ,610 ,87 ,5 ,2046 ,2046 ,64 ,72 ,97 ,120 ,184 ,347 ,554 ,380 ,208 ,20 ,0 ,2134 ,2134 ,58 ,60 ,74 ,105 ,133 ,250 ,526 ,454 ,402 ,67 ,5
경상북도 의성군 봉양면(4773038000),3884 ,3884 ,134 ,156 ,224 ,265 ,333 ,607 ,972 ,657 ,446 ,87 ,3 ,1926 ,1926 ,65 ,95 ,128 ,149 ,199 ,331 ,482 ,302 ,154 ,21 ,0 ,1958 ,1958 ,69 ,61 ,96 ,116 ,134 ,276 ,490 ,355 ,292 ,66 ,3
경상북도 의성군 비안면(4773039000),2555 ,2555 ,81 ,49 ,91 ,122 ,171 ,383 ,687 ,503 ,404 ,62 ,2 ,1262 ,1262 ,36 ,29 ,53 ,73 ,110 ,224 ,362 ,232 ,130 ,13 ,0 ,1293 ,1293 ,45 ,20 ,38 ,49 ,61 ,159 ,325 ,271 ,274 ,49 ,2
경상북도 의성군 구천면(4773040000),1738 ,1738 ,39 ,34 ,65 ,88 ,90 ,274 ,475 ,343 ,294 ,36 ,0 ,866 ,866 ,16 ,19 ,39 ,48 ,62 ,153 ,258 ,170 ,95 ,6 ,0 ,872 ,872 ,23 ,15 ,26 ,40 ,28 ,121 ,217 ,173 ,199 ,30 ,0
경상북도 의성군 단밀면(4773041000),1657 ,1657 ,26 ,57 ,74 ,73 ,104 ,263 ,425 ,292 ,313 ,29 ,1 ,828 ,828 ,16 ,31 ,46 ,43 ,74 ,135 ,239 ,120 ,122 ,2 ,0 ,829 ,829 ,10 ,26 ,28 ,30 ,30 ,128 ,186 ,172 ,191 ,27 ,1
경상북도 의성군 단북면(4773042000),1755 ,1755 ,38 ,50 ,87 ,75 ,125 ,281 ,434 ,324 ,292 ,49 ,0 ,846 ,846 ,22 ,26 ,54 ,41 ,81 ,173 ,223 ,133 ,84 ,9 ,0 ,909 ,909 ,16 ,24 ,33 ,34 ,44 ,108 ,211 ,191 ,208 ,40 ,0
경상북도 의성군 안계면(4773043000),4420 ,4420 ,237 ,240 ,277 ,332 ,449 ,699 ,917 ,684 ,516 ,69 ,0 ,2137 ,2137 ,120 ,112 ,165 ,177 ,246 ,385 ,448 ,305 ,167 ,12 ,0 ,2283 ,2283 ,117 ,128 ,112 ,155 ,203 ,314 ,469 ,379 ,349 ,57 ,0
경상북도 의성군 다인면(4773044000),3710 ,3710 ,76 ,107 ,140 ,180 ,227 ,588 ,921 ,737 ,641 ,91 ,2 ,1821 ,1821 ,40 ,51 ,85 ,112 ,148 ,339 ,472 ,319 ,233 ,21 ,1 ,1889 ,1889 ,36 ,56 ,55 ,68 ,79 ,249 ,449 ,418 ,408 ,70 ,1
경상북도 의성군 신평면(4773045000),799 ,799 ,15 ,10 ,14 ,22 ,42 ,135 ,217 ,150 ,170 ,23 ,1 ,391 ,391 ,4 ,6 ,6 ,11 ,24 ,79 ,124 ,66 ,65 ,6 ,0 ,408 ,408 ,11 ,4 ,8 ,11 ,18 ,56 ,93 ,84 ,105 ,17 ,1
경상북도 의성군 안평면(4773046000),2109 ,2109 ,37 ,53 ,62 ,72 ,116 ,304 ,641 ,410 ,361 ,53 ,0 ,1060 ,1060 ,19 ,30 ,36 ,46 ,82 ,169 ,345 ,188 ,132 ,13 ,0 ,1049 ,1049 ,18 ,23 ,26 ,26 ,34 ,135 ,296 ,222 ,229 ,40 ,0
경상북도 의성군 안사면(4773047000),844 ,844 ,18 ,15 ,29 ,36 ,56 ,123 ,221 ,165 ,159 ,19 ,3 ,416 ,416 ,12 ,7 ,20 ,19 ,37 ,74 ,127 ,70 ,49 ,1 ,0 ,428 ,428 ,6 ,8 ,9 ,17 ,19 ,49 ,94 ,95 ,110 ,18 ,3
경상북도 청송군 (4775000000),24206 ,24206 ,843 ,1072 ,1427 ,1500 ,2114 ,4189 ,5897 ,3983 ,2781 ,395 ,5 ,12144 ,12144 ,444 ,557 ,862 ,907 ,1190 ,2273 ,3014 ,1850 ,960 ,86 ,1 ,12062 ,12062 ,399 ,515 ,565 ,593 ,924 ,1916 ,2883 ,2133 ,1821 ,309 ,4
경상북도 청송군 청송읍(4775025000),5074 ,5074 ,264 ,321 ,406 ,425 ,563 ,911 ,1041 ,624 ,460 ,59 ,0 ,2498 ,2498 ,142 ,164 ,228 ,245 ,283 ,484 ,529 ,273 ,145 ,5 ,0 ,2576 ,2576 ,122 ,157 ,178 ,180 ,280 ,427 ,512 ,351 ,315 ,54 ,0
경상북도 청송군 주왕산면(4775031500),1794 ,1794 ,36 ,55 ,80 ,90 ,118 ,342 ,485 ,332 ,220 ,35 ,1 ,902 ,902 ,20 ,35 ,50 ,52 ,74 ,192 ,246 ,155 ,69 ,9 ,0 ,892 ,892 ,16 ,20 ,30 ,38 ,44 ,150 ,239 ,177 ,151 ,26 ,1
경상북도 청송군 부남면(4775032000),2389 ,2389 ,50 ,79 ,92 ,106 ,147 ,382 ,703 ,446 ,326 ,57 ,1 ,1197 ,1197 ,27 ,45 ,57 ,63 ,86 ,209 ,352 ,215 ,130 ,12 ,1 ,1192 ,1192 ,23 ,34 ,35 ,43 ,61 ,173 ,351 ,231 ,196 ,45 ,0
경상북도 청송군 현동면(4775033000),2046 ,2046 ,68 ,96 ,115 ,91 ,183 ,396 ,451 ,348 ,262 ,35 ,1 ,1044 ,1044 ,33 ,53 ,74 ,46 ,114 ,217 ,236 ,170 ,94 ,7 ,0 ,1002 ,1002 ,35 ,43 ,41 ,45 ,69 ,179 ,215 ,178 ,168 ,28 ,1
경상북도 청송군 현서면(4775034000),2469 ,2469 ,55 ,88 ,95 ,103 ,176 ,412 ,748 ,462 ,290 ,40 ,0 ,1236 ,1236 ,27 ,44 ,54 ,64 ,109 ,216 ,383 ,215 ,117 ,7 ,0 ,1233 ,1233 ,28 ,44 ,41 ,39 ,67 ,196 ,365 ,247 ,173 ,33 ,0
경상북도 청송군 안덕면(4775035000),2526 ,2526 ,61 ,95 ,96 ,110 ,162 ,434 ,678 ,500 ,337 ,51 ,2 ,1243 ,1243 ,34 ,57 ,60 ,65 ,87 ,245 ,351 ,216 ,114 ,14 ,0 ,1283 ,1283 ,27 ,38 ,36 ,45 ,75 ,189 ,327 ,284 ,223 ,37 ,2
경상북도 청송군 파천면(4775036000),1720 ,1720 ,35 ,54 ,68 ,80 ,118 ,258 ,459 ,327 ,276 ,45 ,0 ,867 ,867 ,19 ,23 ,36 ,51 ,75 ,149 ,253 ,162 ,84 ,15 ,0 ,853 ,853 ,16 ,31 ,32 ,29 ,43 ,109 ,206 ,165 ,192 ,30 ,0
경상북도 청송군 진보면(4775037000),6188 ,6188 ,274 ,284 ,475 ,495 ,647 ,1054 ,1332 ,944 ,610 ,73 ,0 ,3157 ,3157 ,142 ,136 ,303 ,321 ,362 ,561 ,664 ,444 ,207 ,17 ,0 ,3031 ,3031 ,132 ,148 ,172 ,174 ,285 ,493 ,668 ,500 ,403 ,56 ,0
경상북도 영양군 (4776000000),15920 ,15920 ,583 ,892 ,925 ,915 ,1471 ,2722 ,3666 ,2486 ,1968 ,276 ,16 ,7939 ,7939 ,301 ,455 ,530 ,507 ,849 ,1577 ,1873 ,1121 ,667 ,56 ,3 ,7981 ,7981 ,282 ,437 ,395 ,408 ,622 ,1145 ,1793 ,1365 ,1301 ,220 ,13
경상북도 영양군 영양읍(4776025000),7001 ,7001 ,361 ,553 ,547 ,571 ,853 ,1201 ,1337 ,861 ,613 ,101 ,3 ,3442 ,3442 ,196 ,272 ,305 ,302 ,463 ,664 ,653 ,374 ,194 ,18 ,1 ,3559 ,3559 ,165 ,281 ,242 ,269 ,390 ,537 ,684 ,487 ,419 ,83 ,2
경상북도 영양군 입암면(4776031000),2024 ,2024 ,53 ,67 ,77 ,86 ,171 ,322 ,523 ,392 ,286 ,46 ,1 ,995 ,995 ,24 ,37 ,45 ,50 ,117 ,185 ,264 ,171 ,93 ,9 ,0 ,1029 ,1029 ,29 ,30 ,32 ,36 ,54 ,137 ,259 ,221 ,193 ,37 ,1
경상북도 영양군 청기면(4776032000),1614 ,1614 ,40 ,40 ,57 ,43 ,96 ,247 ,452 ,312 ,287 ,36 ,4 ,831 ,831 ,19 ,20 ,32 ,30 ,64 ,169 ,228 ,152 ,111 ,6 ,0 ,783 ,783 ,21 ,20 ,25 ,13 ,32 ,78 ,224 ,160 ,176 ,30 ,4
경상북도 영양군 일월면(4776033000),1690 ,1690 ,31 ,67 ,90 ,64 ,96 ,313 ,430 ,298 ,263 ,35 ,3 ,848 ,848 ,15 ,33 ,55 ,40 ,53 ,170 ,238 ,135 ,100 ,7 ,2 ,842 ,842 ,16 ,34 ,35 ,24 ,43 ,143 ,192 ,163 ,163 ,28 ,1
경상북도 영양군 수비면(4776034000),1639 ,1639 ,47 ,97 ,70 ,62 ,135 ,285 ,414 ,270 ,229 ,29 ,1 ,833 ,833 ,25 ,52 ,44 ,37 ,76 ,176 ,211 ,130 ,73 ,9 ,0 ,806 ,806 ,22 ,45 ,26 ,25 ,59 ,109 ,203 ,140 ,156 ,20 ,1
경상북도 영양군 석보면(4776035000),1952 ,1952 ,51 ,68 ,84 ,89 ,120 ,354 ,510 ,353 ,290 ,29 ,4 ,990 ,990 ,22 ,41 ,49 ,48 ,76 ,213 ,279 ,159 ,96 ,7 ,0 ,962 ,962 ,29 ,27 ,35 ,41 ,44 ,141 ,231 ,194 ,194 ,22 ,4
경상북도 영덕군 (4777000000),34504 ,34504 ,1311 ,1907 ,2010 ,2025 ,3386 ,5787 ,7609 ,5522 ,4323 ,610 ,14 ,16423 ,16423 ,650 ,991 ,1176 ,1066 ,1804 ,3141 ,3733 ,2345 ,1392 ,125 ,0 ,18081 ,18081 ,661 ,916 ,834 ,959 ,1582 ,2646 ,3876 ,3177 ,2931 ,485 ,14
경상북도 영덕군 영덕읍(4777025000),10509 ,10509 ,644 ,878 ,822 ,880 ,1430 ,1856 ,1873 ,1168 ,836 ,119 ,3 ,5059 ,5059 ,322 ,433 ,475 ,464 ,694 ,997 ,899 ,483 ,269 ,23 ,0 ,5450 ,5450 ,322 ,445 ,347 ,416 ,736 ,859 ,974 ,685 ,567 ,96 ,3
경상북도 영덕군 강구면(4777031000),5912 ,5912 ,172 ,285 ,345 ,328 ,578 ,1050 ,1412 ,1010 ,660 ,71 ,1 ,2786 ,2786 ,82 ,166 ,210 ,166 ,333 ,557 ,646 ,421 ,193 ,12 ,0 ,3126 ,3126 ,90 ,119 ,135 ,162 ,245 ,493 ,766 ,589 ,467 ,59 ,1
경상북도 영덕군 남정면(4777032000),2274 ,2274 ,37 ,48 ,111 ,100 ,142 ,370 ,583 ,461 ,365 ,55 ,2 ,1112 ,1112 ,16 ,29 ,66 ,55 ,83 ,217 ,314 ,201 ,117 ,14 ,0 ,1162 ,1162 ,21 ,19 ,45 ,45 ,59 ,153 ,269 ,260 ,248 ,41 ,2
경상북도 영덕군 달산면(4777033000),1090 ,1090 ,13 ,24 ,46 ,39 ,49 ,175 ,287 ,204 ,211 ,42 ,0 ,506 ,506 ,8 ,13 ,29 ,21 ,27 ,103 ,153 ,84 ,62 ,6 ,0 ,584 ,584 ,5 ,11 ,17 ,18 ,22 ,72 ,134 ,120 ,149 ,36 ,0
경상북도 영덕군 지품면(4777034000),1406 ,1406 ,31 ,38 ,47 ,48 ,85 ,225 ,391 ,275 ,238 ,28 ,0 ,696 ,696 ,16 ,25 ,29 ,23 ,56 ,122 ,205 ,129 ,83 ,8 ,0 ,710 ,710 ,15 ,13 ,18 ,25 ,29 ,103 ,186 ,146 ,155 ,20 ,0
경상북도 영덕군 지품면원전출장소(4777034500),529 ,529 ,8 ,12 ,16 ,12 ,25 ,78 ,147 ,122 ,99 ,9 ,1 ,252 ,252 ,3 ,5 ,10 ,7 ,19 ,43 ,78 ,49 ,36 ,2 ,0 ,277 ,277 ,5 ,7 ,6 ,5 ,6 ,35 ,69 ,73 ,63 ,7 ,1
경상북도 영덕군 축산면(4777035000),892 ,892 ,20 ,37 ,28 ,34 ,64 ,138 ,211 ,167 ,173 ,20 ,0 ,426 ,426 ,12 ,19 ,16 ,15 ,32 ,87 ,110 ,75 ,59 ,1 ,0 ,466 ,466 ,8 ,18 ,12 ,19 ,32 ,51 ,101 ,92 ,114 ,19 ,0
경상북도 영덕군 축산면축산출장소(4777035500),1571 ,1571 ,34 ,55 ,62 ,74 ,123 ,266 ,374 ,350 ,212 ,20 ,1 ,737 ,737 ,17 ,28 ,43 ,39 ,66 ,146 ,174 ,146 ,70 ,8 ,0 ,834 ,834 ,17 ,27 ,19 ,35 ,57 ,120 ,200 ,204 ,142 ,12 ,1
경상북도 영덕군 영해면(4777036000),6147 ,6147 ,280 ,388 ,408 ,362 ,641 ,1004 ,1278 ,910 ,740 ,133 ,3 ,2835 ,2835 ,132 ,197 ,229 ,188 ,329 ,508 ,617 ,377 ,232 ,26 ,0 ,3312 ,3312 ,148 ,191 ,179 ,174 ,312 ,496 ,661 ,533 ,508 ,107 ,3
경상북도 영덕군 병곡면(4777037000),2629 ,2629 ,54 ,105 ,96 ,103 ,166 ,403 ,634 ,523 ,472 ,72 ,1 ,1258 ,1258 ,31 ,57 ,50 ,60 ,110 ,239 ,324 ,222 ,153 ,12 ,0 ,1371 ,1371 ,23 ,48 ,46 ,43 ,56 ,164 ,310 ,301 ,319 ,60 ,1
경상북도 영덕군 창수면(4777038000),1545 ,1545 ,18 ,37 ,29 ,45 ,83 ,222 ,419 ,332 ,317 ,41 ,2 ,756 ,756 ,11 ,19 ,19 ,28 ,55 ,122 ,213 ,158 ,118 ,13 ,0 ,789 ,789 ,7 ,18 ,10 ,17 ,28 ,100 ,206 ,174 ,199 ,28 ,2
경상북도 청도군 (4782000000),41661 ,41661 ,1292 ,2145 ,2340 ,2370 ,4059 ,6935 ,10202 ,6905 ,4609 ,793 ,11 ,20566 ,20566 ,656 ,1086 ,1352 ,1282 ,2274 ,3676 ,5268 ,3276 ,1545 ,151 ,0 ,21095 ,21095 ,636 ,1059 ,988 ,1088 ,1785 ,3259 ,4934 ,3629 ,3064 ,642 ,11
경상북도 청도군 화양읍(4782025000),7195 ,7195 ,402 ,641 ,558 ,533 ,977 ,1203 ,1429 ,822 ,524 ,104 ,2 ,3515 ,3515 ,204 ,316 ,328 ,269 ,499 ,604 ,709 ,394 ,171 ,21 ,0 ,3680 ,3680 ,198 ,325 ,230 ,264 ,478 ,599 ,720 ,428 ,353 ,83 ,2
경상북도 청도군 화양읍남성현출장소(4782025100),1117 ,1117 ,31 ,35 ,44 ,69 ,106 ,157 ,283 ,204 ,162 ,26 ,0 ,565 ,565 ,17 ,17 ,28 ,46 ,63 ,86 ,147 ,98 ,55 ,8 ,0 ,552 ,552 ,14 ,18 ,16 ,23 ,43 ,71 ,136 ,106 ,107 ,18 ,0
경상북도 청도군 청도읍(4782025300),10006 ,10006 ,369 ,675 ,736 ,717 ,1225 ,1748 ,2155 ,1416 ,823 ,140 ,2 ,4905 ,4905 ,187 ,339 ,403 ,395 ,671 ,910 ,1069 ,634 ,272 ,25 ,0 ,5101 ,5101 ,182 ,336 ,333 ,322 ,554 ,838 ,1086 ,782 ,551 ,115 ,2
경상북도 청도군 청도읍유호출장소(4782025400),1545 ,1545 ,39 ,42 ,57 ,65 ,126 ,229 ,417 ,336 ,203 ,31 ,0 ,748 ,748 ,23 ,21 ,35 ,37 ,72 ,122 ,214 ,156 ,63 ,5 ,0 ,797 ,797 ,16 ,21 ,22 ,28 ,54 ,107 ,203 ,180 ,140 ,26 ,0
경상북도 청도군 각남면(4782031000),2152 ,2152 ,46 ,66 ,93 ,104 ,147 ,335 ,561 ,429 ,305 ,65 ,1 ,1039 ,1039 ,31 ,32 ,57 ,56 ,91 ,174 ,300 ,186 ,103 ,9 ,0 ,1113 ,1113 ,15 ,34 ,36 ,48 ,56 ,161 ,261 ,243 ,202 ,56 ,1
경상북도 청도군 풍각면(4782032000),3799 ,3799 ,104 ,136 ,156 ,239 ,305 ,585 ,1064 ,652 ,474 ,83 ,1 ,1864 ,1864 ,48 ,65 ,91 ,131 ,183 ,317 ,551 ,301 ,166 ,11 ,0 ,1935 ,1935 ,56 ,71 ,65 ,108 ,122 ,268 ,513 ,351 ,308 ,72 ,1
경상북도 청도군 각북면(4782033000),2297 ,2297 ,43 ,61 ,107 ,104 ,152 ,405 ,651 ,424 ,315 ,35 ,0 ,1156 ,1156 ,21 ,29 ,62 ,52 ,85 ,209 ,361 ,214 ,119 ,4 ,0 ,1141 ,1141 ,22 ,32 ,45 ,52 ,67 ,196 ,290 ,210 ,196 ,31 ,0
경상북도 청도군 이서면(4782034000),4541 ,4541 ,119 ,262 ,235 ,214 ,417 ,718 ,1145 ,841 ,486 ,102 ,2 ,2214 ,2214 ,54 ,134 ,131 ,107 ,226 ,378 ,568 ,431 ,166 ,19 ,0 ,2327 ,2327 ,65 ,128 ,104 ,107 ,191 ,340 ,577 ,410 ,320 ,83 ,2
경상북도 청도군 운문면(4782035000),2009 ,2009 ,33 ,44 ,76 ,86 ,130 ,400 ,551 ,346 ,292 ,50 ,1 ,1023 ,1023 ,16 ,34 ,50 ,48 ,75 ,230 ,314 ,159 ,82 ,15 ,0 ,986 ,986 ,17 ,10 ,26 ,38 ,55 ,170 ,237 ,187 ,210 ,35 ,1
경상북도 청도군 금천면(4782036000),3251 ,3251 ,55 ,80 ,134 ,112 ,230 ,539 ,874 ,678 ,471 ,77 ,1 ,1658 ,1658 ,24 ,45 ,83 ,64 ,149 ,308 ,463 ,338 ,165 ,19 ,0 ,1593 ,1593 ,31 ,35 ,51 ,48 ,81 ,231 ,411 ,340 ,306 ,58 ,1
경상북도 청도군 매전면(4782037000),3749 ,3749 ,51 ,103 ,144 ,127 ,244 ,616 ,1072 ,757 ,554 ,80 ,1 ,1879 ,1879 ,31 ,54 ,84 ,77 ,160 ,338 ,572 ,365 ,183 ,15 ,0 ,1870 ,1870 ,20 ,49 ,60 ,50 ,84 ,278 ,500 ,392 ,371 ,65 ,1
경상북도 고령군 (4783000000),30315 ,30315 ,1146 ,1820 ,2109 ,1915 ,3363 ,5546 ,6878 ,4283 ,2851 ,395 ,9 ,15592 ,15592 ,601 ,969 ,1221 ,1054 ,1848 ,3164 ,3673 ,2035 ,935 ,91 ,1 ,14723 ,14723 ,545 ,851 ,888 ,861 ,1515 ,2382 ,3205 ,2248 ,1916 ,304 ,8
경상북도 고령군 대가야읍(4783025300),9739 ,9739 ,485 ,819 ,832 ,682 ,1348 ,1872 ,1805 ,1132 ,679 ,83 ,2 ,4918 ,4918 ,260 ,442 ,498 ,354 ,696 ,1032 ,900 ,506 ,211 ,19 ,0 ,4821 ,4821 ,225 ,377 ,334 ,328 ,652 ,840 ,905 ,626 ,468 ,64 ,2
경상북도 고령군 덕곡면(4783031000),1418 ,1418 ,28 ,42 ,68 ,63 ,88 ,213 ,416 ,239 ,230 ,30 ,1 ,720 ,720 ,18 ,22 ,38 ,36 ,56 ,116 ,233 ,117 ,73 ,11 ,0 ,698 ,698 ,10 ,20 ,30 ,27 ,32 ,97 ,183 ,122 ,157 ,19 ,1
경상북도 고령군 운수면(4783032000),1792 ,1792 ,43 ,37 ,74 ,100 ,127 ,299 ,498 ,311 ,270 ,32 ,1 ,902 ,902 ,22 ,26 ,38 ,55 ,76 ,179 ,263 ,151 ,82 ,10 ,0 ,890 ,890 ,21 ,11 ,36 ,45 ,51 ,120 ,235 ,160 ,188 ,22 ,1
경상북도 고령군 성산면(4783033000),2509 ,2509 ,64 ,65 ,142 ,163 ,227 ,465 ,684 ,404 ,255 ,40 ,0 ,1368 ,1368 ,32 ,29 ,88 ,95 ,147 ,283 ,387 ,213 ,86 ,8 ,0 ,1141 ,1141 ,32 ,36 ,54 ,68 ,80 ,182 ,297 ,191 ,169 ,32 ,0
경상북도 고령군 다산면(4783034000),8107 ,8107 ,373 ,677 ,679 ,599 ,1083 ,1534 ,1652 ,951 ,507 ,51 ,1 ,4206 ,4206 ,192 ,354 ,374 ,333 ,572 ,864 ,864 ,451 ,186 ,16 ,0 ,3901 ,3901 ,181 ,323 ,305 ,266 ,511 ,670 ,788 ,500 ,321 ,35 ,1
경상북도 고령군 개진면(4783035000),1900 ,1900 ,37 ,33 ,100 ,102 ,123 ,365 ,541 ,334 ,213 ,51 ,1 ,1035 ,1035 ,20 ,17 ,66 ,63 ,83 ,225 ,319 ,170 ,66 ,5 ,1 ,865 ,865 ,17 ,16 ,34 ,39 ,40 ,140 ,222 ,164 ,147 ,46 ,0
경상북도 고령군 우곡면(4783036000),1569 ,1569 ,27 ,40 ,69 ,66 ,115 ,263 ,381 ,323 ,256 ,29 ,0 ,818 ,818 ,15 ,18 ,44 ,45 ,76 ,162 ,213 ,156 ,85 ,4 ,0 ,751 ,751 ,12 ,22 ,25 ,21 ,39 ,101 ,168 ,167 ,171 ,25 ,0
경상북도 고령군 쌍림면(4783037000),3281 ,3281 ,89 ,107 ,145 ,140 ,252 ,535 ,901 ,589 ,441 ,79 ,3 ,1625 ,1625 ,42 ,61 ,75 ,73 ,142 ,303 ,494 ,271 ,146 ,18 ,0 ,1656 ,1656 ,47 ,46 ,70 ,67 ,110 ,232 ,407 ,318 ,295 ,61 ,3
경상북도 성주군 (4784000000),42542 ,42542 ,1623 ,2177 ,2738 ,3008 ,4308 ,7713 ,10341 ,6234 ,3757 ,626 ,17 ,22160 ,22160 ,824 ,1166 ,1660 ,1697 ,2518 ,4316 ,5546 ,3002 ,1295 ,131 ,5 ,20382 ,20382 ,799 ,1011 ,1078 ,1311 ,1790 ,3397 ,4795 ,3232 ,2462 ,495 ,12
경상북도 성주군 성주읍(4784025000),13284 ,13284 ,803 ,1196 ,1263 ,1267 ,1860 ,2373 ,2325 ,1328 ,739 ,126 ,4 ,6724 ,6724 ,397 ,652 ,727 ,684 ,952 ,1272 ,1183 ,591 ,239 ,27 ,0 ,6560 ,6560 ,406 ,544 ,536 ,583 ,908 ,1101 ,1142 ,737 ,500 ,99 ,4
경상북도 성주군 선남면(4784031000),6141 ,6141 ,189 ,228 ,356 ,434 ,547 ,1184 ,1664 ,945 ,513 ,76 ,5 ,3351 ,3351 ,94 ,109 ,238 ,258 ,381 ,656 ,928 ,487 ,184 ,14 ,2 ,2790 ,2790 ,95 ,119 ,118 ,176 ,166 ,528 ,736 ,458 ,329 ,62 ,3
경상북도 성주군 용암면(4784032000),3654 ,3654 ,92 ,107 ,166 ,221 ,306 ,728 ,1034 ,573 ,355 ,72 ,0 ,2016 ,2016 ,48 ,59 ,110 ,150 ,196 ,447 ,581 ,289 ,127 ,9 ,0 ,1638 ,1638 ,44 ,48 ,56 ,71 ,110 ,281 ,453 ,284 ,228 ,63 ,0
경상북도 성주군 수륜면(4784033000),3215 ,3215 ,75 ,108 ,116 ,156 ,254 ,536 ,934 ,568 ,394 ,71 ,3 ,1617 ,1617 ,35 ,54 ,65 ,91 ,147 ,288 ,509 ,284 ,127 ,15 ,2 ,1598 ,1598 ,40 ,54 ,51 ,65 ,107 ,248 ,425 ,284 ,267 ,56 ,1
경상북도 성주군 가천면(4784034000),1995 ,1995 ,54 ,49 ,95 ,96 ,139 ,356 ,587 ,325 ,243 ,49 ,2 ,1006 ,1006 ,26 ,27 ,58 ,58 ,89 ,195 ,314 ,146 ,83 ,10 ,0 ,989 ,989 ,28 ,22 ,37 ,38 ,50 ,161 ,273 ,179 ,160 ,39 ,2
경상북도 성주군 금수면(4784035000),1190 ,1190 ,20 ,31 ,37 ,59 ,99 ,223 ,316 ,226 ,150 ,29 ,0 ,629 ,629 ,12 ,17 ,22 ,40 ,65 ,121 ,178 ,112 ,57 ,5 ,0 ,561 ,561 ,8 ,14 ,15 ,19 ,34 ,102 ,138 ,114 ,93 ,24 ,0
경상북도 성주군 대가면(4784036000),2364 ,2364 ,41 ,84 ,136 ,123 ,182 ,414 ,623 ,443 ,275 ,43 ,0 ,1193 ,1193 ,19 ,47 ,68 ,71 ,109 ,245 ,325 ,199 ,97 ,13 ,0 ,1171 ,1171 ,22 ,37 ,68 ,52 ,73 ,169 ,298 ,244 ,178 ,30 ,0
경상북도 성주군 벽진면(4784037000),3021 ,3021 ,84 ,81 ,149 ,170 ,236 ,521 ,835 ,580 ,313 ,51 ,1 ,1578 ,1578 ,40 ,38 ,88 ,96 ,156 ,296 ,457 ,286 ,107 ,13 ,1 ,1443 ,1443 ,44 ,43 ,61 ,74 ,80 ,225 ,378 ,294 ,206 ,38 ,0
경상북도 성주군 초전면(4784038000),4401 ,4401 ,164 ,182 ,237 ,279 ,408 ,790 ,1123 ,697 ,459 ,61 ,1 ,2272 ,2272 ,92 ,104 ,160 ,136 ,249 ,459 ,569 ,337 ,154 ,12 ,0 ,2129 ,2129 ,72 ,78 ,77 ,143 ,159 ,331 ,554 ,360 ,305 ,49 ,1
경상북도 성주군 월항면(4784039000),3277 ,3277 ,101 ,111 ,183 ,203 ,277 ,588 ,900 ,549 ,316 ,48 ,1 ,1774 ,1774 ,61 ,59 ,124 ,113 ,174 ,337 ,502 ,271 ,120 ,13 ,0 ,1503 ,1503 ,40 ,52 ,59 ,90 ,103 ,251 ,398 ,278 ,196 ,35 ,1
경상북도 칠곡군 (4785000000),111725 ,111725 ,7437 ,11061 ,10585 ,12420 ,20066 ,20505 ,16048 ,7869 ,4968 ,745 ,21 ,58486 ,58486 ,3819 ,5804 ,6232 ,6753 ,10829 ,11109 ,8493 ,3640 ,1630 ,176 ,1 ,53239 ,53239 ,3618 ,5257 ,4353 ,5667 ,9237 ,9396 ,7555 ,4229 ,3338 ,569 ,20
경상북도 칠곡군 왜관읍(4785025000),31842 ,31842 ,1864 ,3188 ,3292 ,2963 ,4951 ,6283 ,5056 ,2407 ,1612 ,221 ,5 ,15997 ,15997 ,957 ,1637 ,1916 ,1600 ,2512 ,3221 ,2539 ,1053 ,509 ,53 ,0 ,15845 ,15845 ,907 ,1551 ,1376 ,1363 ,2439 ,3062 ,2517 ,1354 ,1103 ,168 ,5
경상북도 칠곡군 북삼읍(4785025300),23983 ,23983 ,1472 ,2952 ,2662 ,2149 ,4794 ,5281 ,2824 ,1164 ,599 ,84 ,2 ,12528 ,12528 ,764 ,1543 ,1592 ,1143 ,2400 ,2774 ,1558 ,529 ,204 ,21 ,0 ,11455 ,11455 ,708 ,1409 ,1070 ,1006 ,2394 ,2507 ,1266 ,635 ,395 ,63 ,2
경상북도 칠곡군 석적읍(4785025600),31238 ,31238 ,3515 ,3904 ,2961 ,5784 ,7777 ,3992 ,1996 ,820 ,433 ,55 ,1 ,17044 ,17044 ,1795 ,2068 ,1700 ,3113 ,4404 ,2403 ,1037 ,375 ,134 ,14 ,1 ,14194 ,14194 ,1720 ,1836 ,1261 ,2671 ,3373 ,1589 ,959 ,445 ,299 ,41 ,0
경상북도 칠곡군 지천면(4785031000),3920 ,3920 ,54 ,82 ,226 ,206 ,308 ,705 ,1051 ,687 ,520 ,77 ,4 ,2116 ,2116 ,27 ,46 ,136 ,120 ,217 ,414 ,604 ,341 ,186 ,25 ,0 ,1804 ,1804 ,27 ,36 ,90 ,86 ,91 ,291 ,447 ,346 ,334 ,52 ,4
경상북도 칠곡군 동명면(4785032000),5223 ,5223 ,109 ,134 ,320 ,308 ,420 ,967 ,1484 ,824 ,546 ,107 ,4 ,2660 ,2660 ,60 ,67 ,205 ,191 ,261 ,507 ,775 ,406 ,175 ,13 ,0 ,2563 ,2563 ,49 ,67 ,115 ,117 ,159 ,460 ,709 ,418 ,371 ,94 ,4
경상북도 칠곡군 가산면(4785033000),3315 ,3315 ,65 ,96 ,153 ,181 ,304 ,648 ,932 ,559 ,307 ,69 ,1 ,1794 ,1794 ,29 ,50 ,95 ,113 ,186 ,375 ,528 ,288 ,111 ,19 ,0 ,1521 ,1521 ,36 ,46 ,58 ,68 ,118 ,273 ,404 ,271 ,196 ,50 ,1
경상북도 칠곡군 약목면(4785036000),9134 ,9134 ,206 ,518 ,800 ,590 ,1108 ,2098 ,2021 ,1031 ,675 ,86 ,1 ,4730 ,4730 ,103 ,288 ,484 ,349 ,610 ,1113 ,1088 ,464 ,215 ,16 ,0 ,4404 ,4404 ,103 ,230 ,316 ,241 ,498 ,985 ,933 ,567 ,460 ,70 ,1
경상북도 칠곡군 기산면(4785037000),3070 ,3070 ,152 ,187 ,171 ,239 ,404 ,531 ,684 ,377 ,276 ,46 ,3 ,1617 ,1617 ,84 ,105 ,104 ,124 ,239 ,302 ,364 ,184 ,96 ,15 ,0 ,1453 ,1453 ,68 ,82 ,67 ,115 ,165 ,229 ,320 ,193 ,180 ,31 ,3
경상북도 예천군 (4790000000),55670 ,55670 ,4085 ,4623 ,3904 ,5119 ,7262 ,7666 ,10030 ,6702 ,5443 ,815 ,21 ,27389 ,27389 ,2031 ,2434 ,2190 ,2633 ,3752 ,4124 ,5063 ,3127 ,1867 ,165 ,3 ,28281 ,28281 ,2054 ,2189 ,1714 ,2486 ,3510 ,3542 ,4967 ,3575 ,3576 ,650 ,18
경상북도 예천군 예천읍(4790025000),14224 ,14224 ,649 ,1117 ,1197 ,1002 ,1760 ,2291 ,2925 ,1935 ,1159 ,188 ,1 ,7021 ,7021 ,324 ,624 ,700 ,533 ,912 ,1188 ,1396 ,891 ,412 ,40 ,1 ,7203 ,7203 ,325 ,493 ,497 ,469 ,848 ,1103 ,1529 ,1044 ,747 ,148 ,0
경상북도 예천군 용문면(4790031000),2224 ,2224 ,48 ,101 ,74 ,65 ,153 ,300 ,530 ,457 ,436 ,59 ,1 ,1130 ,1130 ,22 ,64 ,45 ,36 ,92 ,190 ,295 ,224 ,147 ,15 ,0 ,1094 ,1094 ,26 ,37 ,29 ,29 ,61 ,110 ,235 ,233 ,289 ,44 ,1
경상북도 예천군 감천면(4790034000),2541 ,2541 ,31 ,70 ,99 ,100 ,141 ,354 ,721 ,482 ,462 ,80 ,1 ,1276 ,1276 ,14 ,37 ,66 ,65 ,99 ,196 ,396 ,226 ,157 ,19 ,1 ,1265 ,1265 ,17 ,33 ,33 ,35 ,42 ,158 ,325 ,256 ,305 ,61 ,0
경상북도 예천군 보문면(4790035000),1631 ,1631 ,42 ,58 ,51 ,66 ,108 ,229 ,435 ,290 ,307 ,44 ,1 ,807 ,807 ,18 ,34 ,30 ,30 ,67 ,145 ,239 ,130 ,102 ,12 ,0 ,824 ,824 ,24 ,24 ,21 ,36 ,41 ,84 ,196 ,160 ,205 ,32 ,1
경상북도 예천군 호명면(4790036000),20658 ,20658 ,3029 ,2794 ,1802 ,3284 ,4057 ,2515 ,1805 ,750 ,539 ,78 ,5 ,10071 ,10071 ,1515 ,1428 ,919 ,1588 ,1927 ,1257 ,871 ,365 ,190 ,11 ,0 ,10587 ,10587 ,1514 ,1366 ,883 ,1696 ,2130 ,1258 ,934 ,385 ,349 ,67 ,5
경상북도 예천군 유천면(4790037000),2499 ,2499 ,127 ,114 ,231 ,192 ,226 ,305 ,480 ,384 ,370 ,68 ,2 ,1254 ,1254 ,69 ,52 ,157 ,117 ,137 ,180 ,244 ,169 ,123 ,6 ,0 ,1245 ,1245 ,58 ,62 ,74 ,75 ,89 ,125 ,236 ,215 ,247 ,62 ,2
경상북도 예천군 용궁면(4790038000),2337 ,2337 ,39 ,67 ,85 ,90 ,188 ,322 ,576 ,502 ,411 ,54 ,3 ,1134 ,1134 ,18 ,33 ,47 ,59 ,119 ,189 ,272 ,242 ,144 ,11 ,0 ,1203 ,1203 ,21 ,34 ,38 ,31 ,69 ,133 ,304 ,260 ,267 ,43 ,3
경상북도 예천군 개포면(4790039000),1485 ,1485 ,17 ,30 ,52 ,32 ,82 ,203 ,393 ,302 ,331 ,42 ,1 ,728 ,728 ,7 ,14 ,34 ,16 ,57 ,125 ,221 ,127 ,120 ,7 ,0 ,757 ,757 ,10 ,16 ,18 ,16 ,25 ,78 ,172 ,175 ,211 ,35 ,1
경상북도 예천군 지보면(4790040000),2621 ,2621 ,34 ,67 ,87 ,102 ,171 ,362 ,670 ,570 ,495 ,63 ,0 ,1305 ,1305 ,16 ,38 ,50 ,66 ,122 ,217 ,351 ,266 ,164 ,15 ,0 ,1316 ,1316 ,18 ,29 ,37 ,36 ,49 ,145 ,319 ,304 ,331 ,48 ,0
경상북도 예천군 풍양면(4790041000),2944 ,2944 ,36 ,88 ,126 ,109 ,208 ,407 ,764 ,566 ,561 ,78 ,1 ,1401 ,1401 ,15 ,46 ,76 ,79 ,126 ,224 ,391 ,257 ,173 ,14 ,0 ,1543 ,1543 ,21 ,42 ,50 ,30 ,82 ,183 ,373 ,309 ,388 ,64 ,1
경상북도 예천군 효자면(4790042000),1189 ,1189 ,15 ,56 ,46 ,37 ,75 ,191 ,392 ,197 ,150 ,29 ,1 ,598 ,598 ,8 ,36 ,25 ,17 ,41 ,100 ,211 ,106 ,47 ,6 ,1 ,591 ,591 ,7 ,20 ,21 ,20 ,34 ,91 ,181 ,91 ,103 ,23 ,0
경상북도 예천군 은풍면(4790043000),1317 ,1317 ,18 ,61 ,54 ,40 ,93 ,187 ,339 ,267 ,222 ,32 ,4 ,664 ,664 ,5 ,28 ,41 ,27 ,53 ,113 ,176 ,124 ,88 ,9 ,0 ,653 ,653 ,13 ,33 ,13 ,13 ,40 ,74 ,163 ,143 ,134 ,23 ,4
경상북도 봉화군 (4792000000),30039 ,30039 ,1049 ,1751 ,1658 ,1583 ,2820 ,5056 ,7441 ,4619 ,3483 ,562 ,17 ,15278 ,15278 ,566 ,899 ,1016 ,880 ,1619 ,2796 ,3957 ,2191 ,1214 ,139 ,1 ,14761 ,14761 ,483 ,852 ,642 ,703 ,1201 ,2260 ,3484 ,2428 ,2269 ,423 ,16
경상북도 봉화군 봉화읍(4792025000),9526 ,9526 ,498 ,903 ,758 ,617 ,1161 ,1618 ,1821 ,1178 ,810 ,154 ,8 ,4679 ,4679 ,263 ,416 ,440 ,327 ,588 ,879 ,920 ,539 ,271 ,35 ,1 ,4847 ,4847 ,235 ,487 ,318 ,290 ,573 ,739 ,901 ,639 ,539 ,119 ,7
경상북도 봉화군 물야면(4792031000),2966 ,2966 ,67 ,99 ,108 ,125 ,209 ,497 ,865 ,543 ,391 ,60 ,2 ,1523 ,1523 ,37 ,60 ,79 ,74 ,125 ,258 ,466 ,259 ,149 ,16 ,0 ,1443 ,1443 ,30 ,39 ,29 ,51 ,84 ,239 ,399 ,284 ,242 ,44 ,2
경상북도 봉화군 봉성면(4792032000),2017 ,2017 ,37 ,68 ,96 ,101 ,172 ,304 ,558 ,353 ,276 ,51 ,1 ,974 ,974 ,23 ,32 ,58 ,60 ,100 ,156 ,285 ,168 ,83 ,9 ,0 ,1043 ,1043 ,14 ,36 ,38 ,41 ,72 ,148 ,273 ,185 ,193 ,42 ,1
경상북도 봉화군 법전면(4792033000),1952 ,1952 ,54 ,87 ,75 ,84 ,118 ,294 ,560 ,319 ,316 ,45 ,0 ,1006 ,1006 ,32 ,47 ,43 ,51 ,71 ,173 ,318 ,142 ,119 ,10 ,0 ,946 ,946 ,22 ,40 ,32 ,33 ,47 ,121 ,242 ,177 ,197 ,35 ,0
경상북도 봉화군 춘양면(4792034000),4290 ,4290 ,135 ,209 ,224 ,221 ,331 ,759 ,1096 ,680 ,542 ,92 ,1 ,2157 ,2157 ,81 ,114 ,137 ,110 ,197 ,407 ,565 ,320 ,198 ,28 ,0 ,2133 ,2133 ,54 ,95 ,87 ,111 ,134 ,352 ,531 ,360 ,344 ,64 ,1
경상북도 봉화군 소천면(4792035000),2123 ,2123 ,42 ,72 ,71 ,79 ,150 ,382 ,661 ,359 ,265 ,40 ,2 ,1092 ,1092 ,21 ,43 ,45 ,43 ,89 ,215 ,369 ,169 ,88 ,10 ,0 ,1031 ,1031 ,21 ,29 ,26 ,36 ,61 ,167 ,292 ,190 ,177 ,30 ,2
경상북도 봉화군 재산면(4792036000),1430 ,1430 ,22 ,48 ,70 ,47 ,95 ,264 ,445 ,224 ,186 ,29 ,0 ,728 ,728 ,8 ,34 ,42 ,26 ,51 ,143 ,240 ,114 ,63 ,7 ,0 ,702 ,702 ,14 ,14 ,28 ,21 ,44 ,121 ,205 ,110 ,123 ,22 ,0
경상북도 봉화군 명호면(4792037000),2176 ,2176 ,40 ,107 ,75 ,73 ,178 ,387 ,609 ,389 ,281 ,35 ,2 ,1164 ,1164 ,21 ,65 ,48 ,43 ,118 ,226 ,341 ,198 ,98 ,6 ,0 ,1012 ,1012 ,19 ,42 ,27 ,30 ,60 ,161 ,268 ,191 ,183 ,29 ,2
경상북도 봉화군 상운면(4792038000),1656 ,1656 ,22 ,33 ,69 ,49 ,102 ,246 ,446 ,373 ,274 ,41 ,1 ,853 ,853 ,9 ,21 ,42 ,31 ,68 ,142 ,240 ,183 ,105 ,12 ,0 ,803 ,803 ,13 ,12 ,27 ,18 ,34 ,104 ,206 ,190 ,169 ,29 ,1
경상북도 봉화군 석포면(4792039000),1903 ,1903 ,132 ,125 ,112 ,187 ,304 ,305 ,380 ,201 ,142 ,15 ,0 ,1102 ,1102 ,71 ,67 ,82 ,115 ,212 ,197 ,213 ,99 ,40 ,6 ,0 ,801 ,801 ,61 ,58 ,30 ,72 ,92 ,108 ,167 ,102 ,102 ,9 ,0
경상북도 울진군 (4793000000),46850 ,46850 ,2448 ,3324 ,3944 ,3785 ,5735 ,8163 ,9153 ,5408 ,4113 ,766 ,11 ,23657 ,23657 ,1255 ,1795 ,2379 ,2116 ,3084 ,4547 ,4617 ,2455 ,1286 ,122 ,1 ,23193 ,23193 ,1193 ,1529 ,1565 ,1669 ,2651 ,3616 ,4536 ,2953 ,2827 ,644 ,10
경상북도 울진군 울진읍(4793025000),13557 ,13557 ,897 ,1519 ,1449 ,1249 ,2136 ,2415 ,1981 ,1041 ,736 ,133 ,1 ,6858 ,6858 ,460 ,794 ,829 ,686 ,1054 ,1280 ,1015 ,466 ,249 ,25 ,0 ,6699 ,6699 ,437 ,725 ,620 ,563 ,1082 ,1135 ,966 ,575 ,487 ,108 ,1
경상북도 울진군 평해읍(4793025300),2578 ,2578 ,34 ,143 ,142 ,123 ,201 ,403 ,577 ,485 ,389 ,80 ,1 ,1225 ,1225 ,20 ,93 ,81 ,66 ,113 ,233 ,267 ,210 ,126 ,16 ,0 ,1353 ,1353 ,14 ,50 ,61 ,57 ,88 ,170 ,310 ,275 ,263 ,64 ,1
경상북도 울진군 북면(4793031000),6803 ,6803 ,726 ,462 ,691 ,1012 ,1040 ,1118 ,924 ,438 ,337 ,53 ,2 ,3645 ,3645 ,372 ,254 ,437 ,558 ,579 ,647 ,473 ,214 ,105 ,5 ,1 ,3158 ,3158 ,354 ,208 ,254 ,454 ,461 ,471 ,451 ,224 ,232 ,48 ,1
경상북도 울진군 북면하당출장소(4793031500),664 ,664 ,7 ,13 ,35 ,26 ,39 ,128 ,177 ,104 ,120 ,15 ,0 ,334 ,334 ,4 ,5 ,21 ,15 ,28 ,89 ,86 ,45 ,40 ,1 ,0 ,330 ,330 ,3 ,8 ,14 ,11 ,11 ,39 ,91 ,59 ,80 ,14 ,0
경상북도 울진군 근남면(4793033000),2729 ,2729 ,102 ,109 ,169 ,165 ,273 ,484 ,660 ,356 ,336 ,74 ,1 ,1386 ,1386 ,60 ,63 ,100 ,100 ,163 ,281 ,347 ,162 ,101 ,9 ,0 ,1343 ,1343 ,42 ,46 ,69 ,65 ,110 ,203 ,313 ,194 ,235 ,65 ,1
경상북도 울진군 기성면(4793035000),2375 ,2375 ,31 ,89 ,137 ,107 ,123 ,373 ,602 ,406 ,406 ,100 ,1 ,1153 ,1153 ,15 ,45 ,95 ,67 ,66 ,221 ,316 ,183 ,130 ,15 ,0 ,1222 ,1222 ,16 ,44 ,42 ,40 ,57 ,152 ,286 ,223 ,276 ,85 ,1
경상북도 울진군 온정면(4793036000),1624 ,1624 ,36 ,52 ,78 ,54 ,110 ,243 ,397 ,310 ,285 ,58 ,1 ,788 ,788 ,15 ,31 ,44 ,33 ,61 ,147 ,203 ,150 ,92 ,12 ,0 ,836 ,836 ,21 ,21 ,34 ,21 ,49 ,96 ,194 ,160 ,193 ,46 ,1
경상북도 울진군 죽변면(4793037000),6165 ,6165 ,245 ,342 ,575 ,499 ,742 ,1172 ,1373 ,676 ,466 ,74 ,1 ,3205 ,3205 ,137 ,179 ,380 ,292 ,423 ,658 ,691 ,308 ,127 ,10 ,0 ,2960 ,2960 ,108 ,163 ,195 ,207 ,319 ,514 ,682 ,368 ,339 ,64 ,1
경상북도 울진군 후포면(4793038000),7202 ,7202 ,325 ,493 ,555 ,459 ,837 ,1255 ,1635 ,1035 ,527 ,79 ,2 ,3527 ,3527 ,150 ,280 ,323 ,241 ,454 ,667 ,766 ,461 ,169 ,16 ,0 ,3675 ,3675 ,175 ,213 ,232 ,218 ,383 ,588 ,869 ,574 ,358 ,63 ,2
경상북도 울진군 금강송면(4793039000),1213 ,1213 ,13 ,30 ,29 ,30 ,89 ,258 ,351 ,211 ,177 ,25 ,0 ,600 ,600 ,7 ,13 ,20 ,17 ,55 ,133 ,205 ,94 ,50 ,6 ,0 ,613 ,613 ,6 ,17 ,9 ,13 ,34 ,125 ,146 ,117 ,127 ,19 ,0
경상북도 울진군 매화면(4793040000),1940 ,1940 ,32 ,72 ,84 ,61 ,145 ,314 ,476 ,346 ,334 ,75 ,1 ,936 ,936 ,15 ,38 ,49 ,41 ,88 ,191 ,248 ,162 ,97 ,7 ,0 ,1004 ,1004 ,17 ,34 ,35 ,20 ,57 ,123 ,228 ,184 ,237 ,68 ,1
경상북도 울릉군 (4794000000),9056 ,9056 ,319 ,432 ,807 ,808 ,1236 ,1809 ,1937 ,1082 ,539 ,86 ,1 ,5029 ,5029 ,167 ,219 ,509 ,495 ,770 ,1086 ,1031 ,512 ,221 ,18 ,1 ,4027 ,4027 ,152 ,213 ,298 ,313 ,466 ,723 ,906 ,570 ,318 ,68 ,0
경상북도 울릉군 울릉읍(4794025000),6402 ,6402 ,232 ,342 ,616 ,621 ,932 ,1294 ,1296 ,718 ,313 ,38 ,0 ,3560 ,3560 ,116 ,163 ,382 ,388 ,567 ,786 ,678 ,340 ,134 ,6 ,0 ,2842 ,2842 ,116 ,179 ,234 ,233 ,365 ,508 ,618 ,378 ,179 ,32 ,0
경상북도 울릉군 서면(4794031000),910 ,910 ,37 ,39 ,53 ,69 ,105 ,196 ,205 ,120 ,75 ,11 ,0 ,496 ,496 ,22 ,24 ,37 ,41 ,63 ,113 ,115 ,51 ,28 ,2 ,0 ,414 ,414 ,15 ,15 ,16 ,28 ,42 ,83 ,90 ,69 ,47 ,9 ,0
경상북도 울릉군 서면태하출장소(4794031500),445 ,445 ,12 ,16 ,18 ,25 ,28 ,84 ,125 ,74 ,45 ,17 ,1 ,249 ,249 ,9 ,10 ,12 ,11 ,26 ,49 ,65 ,42 ,18 ,6 ,1 ,196 ,196 ,3 ,6 ,6 ,14 ,2 ,35 ,60 ,32 ,27 ,11 ,0
경상북도 울릉군 북면(4794032000),1299 ,1299 ,38 ,35 ,120 ,93 ,171 ,235 ,311 ,170 ,106 ,20 ,0 ,724 ,724 ,20 ,22 ,78 ,55 ,114 ,138 ,173 ,79 ,41 ,4 ,0 ,575 ,575 ,18 ,13 ,42 ,38 ,57 ,97 ,138 ,91 ,65 ,16 ,0
경상남도  (4800000000),3267369 ,3267369 ,223214 ,316873 ,332555 ,357363 ,514608 ,575494 ,522752 ,262463 ,140862 ,20743 ,442 ,1645335 ,1645335 ,114786 ,165051 ,186481 ,188556 ,264265 ,294420 ,261185 ,120452 ,46145 ,3933 ,61 ,1622034 ,1622034 ,108428 ,151822 ,146074 ,168807 ,250343 ,281074 ,261567 ,142011 ,94717 ,16810 ,381
경상남도 창원시 (4812000000),1016333 ,1016333 ,70710 ,96958 ,114779 ,123821 ,163117 ,180625 ,160166 ,71415 ,30538 ,4127 ,77 ,514512 ,514512 ,36385 ,50489 ,64543 ,66136 ,83474 ,89522 ,79070 ,33422 ,10671 ,787 ,13 ,501821 ,501821 ,34325 ,46469 ,50236 ,57685 ,79643 ,91103 ,81096 ,37993 ,19867 ,3340 ,64
경상남도 창원시 의창구 (4812100000),215220 ,215220 ,15484 ,19278 ,25440 ,26839 ,33260 ,40188 ,34589 ,13598 ,5738 ,792 ,14 ,109442 ,109442 ,7896 ,10017 ,14300 ,14272 ,17163 ,19610 ,17555 ,6587 ,1898 ,143 ,1 ,105778 ,105778 ,7588 ,9261 ,11140 ,12567 ,16097 ,20578 ,17034 ,7011 ,3840 ,649 ,13
경상남도 창원시 의창구 동읍(4812125000),19188 ,19188 ,822 ,1673 ,2001 ,1621 ,2686 ,3964 ,3603 ,1792 ,915 ,111 ,0 ,9821 ,9821 ,412 ,886 ,1236 ,919 ,1371 ,2001 ,1851 ,852 ,281 ,12 ,0 ,9367 ,9367 ,410 ,787 ,765 ,702 ,1315 ,1963 ,1752 ,940 ,634 ,99 ,0
경상남도 창원시 의창구 북면(4812131000),43161 ,43161 ,5653 ,4553 ,3038 ,6713 ,8203 ,5912 ,5754 ,2215 ,960 ,155 ,5 ,21706 ,21706 ,2919 ,2321 ,1686 ,3244 ,4311 ,2831 ,2947 ,1111 ,308 ,28 ,0 ,21455 ,21455 ,2734 ,2232 ,1352 ,3469 ,3892 ,3081 ,2807 ,1104 ,652 ,127 ,5
경상남도 창원시 의창구 대산면(4812132000),6898 ,6898 ,205 ,341 ,501 ,562 ,735 ,1212 ,1727 ,951 ,574 ,89 ,1 ,3470 ,3470 ,110 ,173 ,291 ,347 ,430 ,618 ,890 ,420 ,174 ,17 ,0 ,3428 ,3428 ,95 ,168 ,210 ,215 ,305 ,594 ,837 ,531 ,400 ,72 ,1
경상남도 창원시 의창구 의창동(4812151000),49843 ,49843 ,3776 ,4597 ,5962 ,6484 ,7828 ,9505 ,7609 ,2904 ,1040 ,135 ,3 ,25141 ,25141 ,1905 ,2357 ,3310 ,3460 ,3988 ,4545 ,3797 ,1414 ,343 ,21 ,1 ,24702 ,24702 ,1871 ,2240 ,2652 ,3024 ,3840 ,4960 ,3812 ,1490 ,697 ,114 ,2
경상남도 창원시 의창구 팔룡동(4812152000),25749 ,25749 ,1853 ,2531 ,3607 ,3561 ,4220 ,5146 ,3327 ,1054 ,399 ,49 ,2 ,13084 ,13084 ,951 ,1348 ,1948 ,1874 ,2091 ,2506 ,1725 ,503 ,128 ,10 ,0 ,12665 ,12665 ,902 ,1183 ,1659 ,1687 ,2129 ,2640 ,1602 ,551 ,271 ,39 ,2
경상남도 창원시 의창구 명곡동(4812153000),40260 ,40260 ,1981 ,3529 ,5421 ,4226 ,5696 ,8746 ,6963 ,2565 ,1001 ,131 ,1 ,20452 ,20452 ,1006 ,1870 ,3009 ,2292 ,2878 ,4231 ,3505 ,1255 ,380 ,26 ,0 ,19808 ,19808 ,975 ,1659 ,2412 ,1934 ,2818 ,4515 ,3458 ,1310 ,621 ,105 ,1
경상남도 창원시 의창구 봉림동(4812154000),30121 ,30121 ,1194 ,2054 ,4910 ,3672 ,3892 ,5703 ,5606 ,2117 ,849 ,122 ,2 ,15768 ,15768 ,593 ,1062 ,2820 ,2136 ,2094 ,2878 ,2840 ,1032 ,284 ,29 ,0 ,14353 ,14353 ,601 ,992 ,2090 ,1536 ,1798 ,2825 ,2766 ,1085 ,565 ,93 ,2
경상남도 창원시 성산구 (4812300000),247093 ,247093 ,16833 ,24617 ,33352 ,34414 ,38682 ,49241 ,35219 ,10143 ,3911 ,667 ,14 ,126060 ,126060 ,8625 ,12932 ,18830 ,18610 ,18833 ,23500 ,18277 ,5067 ,1267 ,116 ,3 ,121033 ,121033 ,8208 ,11685 ,14522 ,15804 ,19849 ,25741 ,16942 ,5076 ,2644 ,551 ,11
경상남도 창원시 성산구 반송동(4812351000),40012 ,40012 ,2742 ,4968 ,4764 ,4239 ,6784 ,7923 ,5857 ,1964 ,662 ,106 ,3 ,20119 ,20119 ,1389 ,2606 ,2682 ,2197 ,3164 ,3856 ,2972 ,1006 ,229 ,18 ,0 ,19893 ,19893 ,1353 ,2362 ,2082 ,2042 ,3620 ,4067 ,2885 ,958 ,433 ,88 ,3
경상남도 창원시 성산구 용지동(4812351500),27180 ,27180 ,1795 ,2512 ,3687 ,3726 ,4213 ,5300 ,4005 ,1336 ,520 ,84 ,2 ,13711 ,13711 ,940 ,1335 ,2046 ,1989 ,2072 ,2469 ,2006 ,662 ,177 ,15 ,0 ,13469 ,13469 ,855 ,1177 ,1641 ,1737 ,2141 ,2831 ,1999 ,674 ,343 ,69 ,2
경상남도 창원시 성산구 중앙동(4812352000),34573 ,34573 ,1995 ,2356 ,6032 ,6141 ,5176 ,6432 ,4485 ,1396 ,476 ,83 ,1 ,18783 ,18783 ,1051 ,1229 ,3500 ,3568 ,2815 ,3292 ,2390 ,739 ,181 ,18 ,0 ,15790 ,15790 ,944 ,1127 ,2532 ,2573 ,2361 ,3140 ,2095 ,657 ,295 ,65 ,1
경상남도 창원시 성산구 상남동(4812353000),26994 ,26994 ,1742 ,3096 ,3427 ,3402 ,4368 ,5643 ,3931 ,912 ,390 ,80 ,3 ,13523 ,13523 ,899 ,1646 ,1921 ,1798 ,2003 ,2569 ,2094 ,446 ,125 ,21 ,1 ,13471 ,13471 ,843 ,1450 ,1506 ,1604 ,2365 ,3074 ,1837 ,466 ,265 ,59 ,2
경상남도 창원시 성산구 사파동(4812354000),46039 ,46039 ,3065 ,4520 ,5883 ,6961 ,7194 ,8985 ,6696 ,1820 ,774 ,139 ,2 ,22780 ,22780 ,1553 ,2356 ,3187 ,3684 ,3415 ,4064 ,3431 ,855 ,215 ,19 ,1 ,23259 ,23259 ,1512 ,2164 ,2696 ,3277 ,3779 ,4921 ,3265 ,965 ,559 ,120 ,1
경상남도 창원시 성산구 가음정동(4812355000),39034 ,39034 ,3178 ,3725 ,5124 ,5858 ,5863 ,7798 ,5462 ,1399 ,541 ,84 ,2 ,19720 ,19720 ,1587 ,1921 ,2910 ,3095 ,2835 ,3669 ,2850 ,689 ,155 ,8 ,1 ,19314 ,19314 ,1591 ,1804 ,2214 ,2763 ,3028 ,4129 ,2612 ,710 ,386 ,76 ,1
경상남도 창원시 성산구 성주동(4812356000),25825 ,25825 ,2008 ,2780 ,3472 ,3230 ,3960 ,5828 ,3456 ,770 ,265 ,55 ,1 ,13479 ,13479 ,1048 ,1488 ,1976 ,1750 ,1933 ,2901 ,1882 ,415 ,77 ,9 ,0 ,12346 ,12346 ,960 ,1292 ,1496 ,1480 ,2027 ,2927 ,1574 ,355 ,188 ,46 ,1
경상남도 창원시 성산구 웅남동(4812357000),7436 ,7436 ,308 ,660 ,963 ,857 ,1124 ,1332 ,1327 ,546 ,283 ,36 ,0 ,3945 ,3945 ,158 ,351 ,608 ,529 ,596 ,680 ,652 ,255 ,108 ,8 ,0 ,3491 ,3491 ,150 ,309 ,355 ,328 ,528 ,652 ,675 ,291 ,175 ,28 ,0
경상남도 창원시 마산합포구 (4812500000),178598 ,178598 ,11888 ,14434 ,17490 ,19766 ,26820 ,28483 ,32275 ,18089 ,8202 ,1126 ,25 ,88793 ,88793 ,6159 ,7464 ,9703 ,10404 ,14157 ,14307 ,15264 ,8214 ,2892 ,222 ,7 ,89805 ,89805 ,5729 ,6970 ,7787 ,9362 ,12663 ,14176 ,17011 ,9875 ,5310 ,904 ,18
경상남도 창원시 마산합포구 구산면(4812531000),4088 ,4088 ,101 ,132 ,233 ,239 ,380 ,644 ,1182 ,719 ,396 ,62 ,0 ,2111 ,2111 ,60 ,73 ,144 ,149 ,256 ,352 ,602 ,342 ,124 ,9 ,0 ,1977 ,1977 ,41 ,59 ,89 ,90 ,124 ,292 ,580 ,377 ,272 ,53 ,0
경상남도 창원시 마산합포구 진동면(4812532000),11859 ,11859 ,900 ,1031 ,934 ,1154 ,1963 ,1868 ,2230 ,1164 ,534 ,78 ,3 ,6095 ,6095 ,478 ,533 ,510 ,633 ,1081 ,998 ,1118 ,556 ,175 ,12 ,1 ,5764 ,5764 ,422 ,498 ,424 ,521 ,882 ,870 ,1112 ,608 ,359 ,66 ,2
경상남도 창원시 마산합포구 진북면(4812533000),3254 ,3254 ,46 ,113 ,197 ,160 ,271 ,587 ,928 ,556 ,334 ,61 ,1 ,1728 ,1728 ,21 ,64 ,113 ,106 ,165 ,339 ,505 ,297 ,109 ,8 ,1 ,1526 ,1526 ,25 ,49 ,84 ,54 ,106 ,248 ,423 ,259 ,225 ,53 ,0
경상남도 창원시 마산합포구 진전면(4812534000),3753 ,3753 ,38 ,119 ,164 ,162 ,232 ,621 ,1043 ,754 ,510 ,109 ,1 ,1867 ,1867 ,21 ,67 ,111 ,98 ,143 ,360 ,539 ,351 ,158 ,19 ,0 ,1886 ,1886 ,17 ,52 ,53 ,64 ,89 ,261 ,504 ,403 ,352 ,90 ,1
경상남도 창원시 마산합포구 현동(4812551000),13851 ,13851 ,1796 ,1462 ,905 ,1944 ,2804 ,1803 ,1881 ,867 ,342 ,47 ,0 ,6873 ,6873 ,927 ,746 ,485 ,895 ,1486 ,902 ,889 ,414 ,120 ,9 ,0 ,6978 ,6978 ,869 ,716 ,420 ,1049 ,1318 ,901 ,992 ,453 ,222 ,38 ,0
경상남도 창원시 마산합포구 가포동(4812552000),2290 ,2290 ,106 ,107 ,370 ,420 ,295 ,338 ,381 ,210 ,56 ,7 ,0 ,1167 ,1167 ,56 ,49 ,186 ,236 ,150 ,160 ,204 ,110 ,14 ,2 ,0 ,1123 ,1123 ,50 ,58 ,184 ,184 ,145 ,178 ,177 ,100 ,42 ,5 ,0
경상남도 창원시 마산합포구 월영동(4812553000),42002 ,42002 ,4261 ,4148 ,4677 ,5768 ,6887 ,6573 ,5886 ,2696 ,969 ,134 ,3 ,20815 ,20815 ,2186 ,2130 ,2643 ,2926 ,3448 ,3117 ,2750 ,1234 ,359 ,22 ,0 ,21187 ,21187 ,2075 ,2018 ,2034 ,2842 ,3439 ,3456 ,3136 ,1462 ,610 ,112 ,3
경상남도 창원시 마산합포구 문화동(4812554000),11134 ,11134 ,397 ,717 ,1819 ,1034 ,1341 ,1755 ,2087 ,1304 ,596 ,81 ,3 ,5569 ,5569 ,212 ,328 ,1078 ,572 ,735 ,874 ,945 ,601 ,207 ,16 ,1 ,5565 ,5565 ,185 ,389 ,741 ,462 ,606 ,881 ,1142 ,703 ,389 ,65 ,2
경상남도 창원시 마산합포구 반월중앙동(4812556500),13846 ,13846 ,657 ,1252 ,1332 ,1262 ,2055 ,2321 ,2514 ,1586 ,769 ,96 ,2 ,6725 ,6725 ,340 ,659 ,736 ,677 ,1042 ,1140 ,1173 ,669 ,267 ,21 ,1 ,7121 ,7121 ,317 ,593 ,596 ,585 ,1013 ,1181 ,1341 ,917 ,502 ,75 ,1
경상남도 창원시 마산합포구 완월동(4812557000),8763 ,8763 ,305 ,689 ,917 ,756 ,1131 ,1578 ,1856 ,979 ,488 ,60 ,4 ,4252 ,4252 ,164 ,347 ,489 ,415 ,566 ,766 ,869 ,453 ,164 ,18 ,1 ,4511 ,4511 ,141 ,342 ,428 ,341 ,565 ,812 ,987 ,526 ,324 ,42 ,3
경상남도 창원시 마산합포구 자산동(4812558000),9851 ,9851 ,328 ,798 ,1018 ,764 ,1289 ,1764 ,2074 ,1236 ,524 ,53 ,3 ,4812 ,4812 ,182 ,446 ,580 ,416 ,654 ,830 ,959 ,559 ,184 ,1 ,1 ,5039 ,5039 ,146 ,352 ,438 ,348 ,635 ,934 ,1115 ,677 ,340 ,52 ,2
경상남도 창원시 마산합포구 교방동(4812561000),15969 ,15969 ,1133 ,1375 ,1386 ,1923 ,2480 ,2432 ,2783 ,1676 ,684 ,95 ,2 ,7899 ,7899 ,572 ,734 ,726 ,1003 ,1322 ,1252 ,1294 ,715 ,261 ,20 ,0 ,8070 ,8070 ,561 ,641 ,660 ,920 ,1158 ,1180 ,1489 ,961 ,423 ,75 ,2
경상남도 창원시 마산합포구 오동동(4812563000),18966 ,18966 ,849 ,1151 ,1758 ,2081 ,2880 ,3040 ,3770 ,2240 ,1073 ,123 ,1 ,9426 ,9426 ,447 ,598 ,950 ,1121 ,1555 ,1603 ,1752 ,981 ,383 ,36 ,0 ,9540 ,9540 ,402 ,553 ,808 ,960 ,1325 ,1437 ,2018 ,1259 ,690 ,87 ,1
경상남도 창원시 마산합포구 합포동(4812564000),7013 ,7013 ,370 ,438 ,575 ,830 ,1027 ,1141 ,1382 ,785 ,405 ,58 ,2 ,3527 ,3527 ,188 ,239 ,319 ,460 ,592 ,589 ,639 ,339 ,150 ,11 ,1 ,3486 ,3486 ,182 ,199 ,256 ,370 ,435 ,552 ,743 ,446 ,255 ,47 ,1
경상남도 창원시 마산합포구 산호동(4812565000),11959 ,11959 ,601 ,902 ,1205 ,1269 ,1785 ,2018 ,2278 ,1317 ,522 ,62 ,0 ,5927 ,5927 ,305 ,451 ,633 ,697 ,962 ,1025 ,1026 ,593 ,217 ,18 ,0 ,6032 ,6032 ,296 ,451 ,572 ,572 ,823 ,993 ,1252 ,724 ,305 ,44 ,0
경상남도 창원시 마산회원구 (4812700000),182443 ,182443 ,10607 ,17183 ,18981 ,19040 ,28405 ,32444 ,32019 ,16549 ,6467 ,733 ,15 ,91002 ,91002 ,5443 ,8973 ,10427 ,10183 ,14477 ,16177 ,15243 ,7560 ,2387 ,131 ,1 ,91441 ,91441 ,5164 ,8210 ,8554 ,8857 ,13928 ,16267 ,16776 ,8989 ,4080 ,602 ,14
경상남도 창원시 마산회원구 내서읍(4812725000),61946 ,61946 ,3861 ,7517 ,7200 ,5780 ,10511 ,12384 ,8958 ,3841 ,1696 ,194 ,4 ,31045 ,31045 ,1985 ,3910 ,4032 ,2987 ,5033 ,6135 ,4599 ,1780 ,556 ,28 ,0 ,30901 ,30901 ,1876 ,3607 ,3168 ,2793 ,5478 ,6249 ,4359 ,2061 ,1140 ,166 ,4
경상남도 창원시 마산회원구 회원1동(4812751000),9977 ,9977 ,296 ,627 ,821 ,794 ,1314 ,1596 ,2259 ,1488 ,704 ,77 ,1 ,4897 ,4897 ,148 ,332 ,454 ,463 ,715 ,847 ,1004 ,639 ,275 ,20 ,0 ,5080 ,5080 ,148 ,295 ,367 ,331 ,599 ,749 ,1255 ,849 ,429 ,57 ,1
경상남도 창원시 마산회원구 회원2동(4812752000),9909 ,9909 ,635 ,757 ,950 ,1328 ,1363 ,1487 ,1867 ,1075 ,397 ,50 ,0 ,4881 ,4881 ,322 ,409 ,481 ,709 ,718 ,744 ,870 ,488 ,135 ,5 ,0 ,5028 ,5028 ,313 ,348 ,469 ,619 ,645 ,743 ,997 ,587 ,262 ,45 ,0
경상남도 창원시 마산회원구 석전동(4812754500),16533 ,16533 ,1015 ,1183 ,1520 ,2091 ,2348 ,2677 ,3117 ,1845 ,652 ,85 ,0 ,8211 ,8211 ,520 ,614 ,797 ,1137 ,1274 ,1360 ,1422 ,824 ,245 ,18 ,0 ,8322 ,8322 ,495 ,569 ,723 ,954 ,1074 ,1317 ,1695 ,1021 ,407 ,67 ,0
경상남도 창원시 마산회원구 회성동(4812755000),5664 ,5664 ,128 ,271 ,451 ,480 ,615 ,972 ,1445 ,875 ,386 ,41 ,0 ,2853 ,2853 ,71 ,142 ,252 ,288 ,354 ,525 ,673 ,379 ,155 ,14 ,0 ,2811 ,2811 ,57 ,129 ,199 ,192 ,261 ,447 ,772 ,496 ,231 ,27 ,0
경상남도 창원시 마산회원구 양덕1동(4812756000),10742 ,10742 ,447 ,806 ,1113 ,1118 ,1546 ,1826 ,2217 ,1208 ,417 ,43 ,1 ,5362 ,5362 ,239 ,432 ,603 ,630 ,814 ,912 ,997 ,558 ,170 ,7 ,0 ,5380 ,5380 ,208 ,374 ,510 ,488 ,732 ,914 ,1220 ,650 ,247 ,36 ,1
경상남도 창원시 마산회원구 양덕2동(4812757000),30608 ,30608 ,2638 ,3535 ,2897 ,3540 ,5526 ,5020 ,4606 ,2028 ,719 ,96 ,3 ,15015 ,15015 ,1331 ,1840 ,1602 ,1742 ,2699 ,2386 ,2167 ,946 ,286 ,16 ,0 ,15593 ,15593 ,1307 ,1695 ,1295 ,1798 ,2827 ,2634 ,2439 ,1082 ,433 ,80 ,3
경상남도 창원시 마산회원구 합성1동(4812758000),8967 ,8967 ,591 ,524 ,965 ,1126 ,1300 ,1487 ,1667 ,923 ,353 ,28 ,3 ,4513 ,4513 ,319 ,258 ,530 ,603 ,712 ,714 ,823 ,419 ,129 ,5 ,1 ,4454 ,4454 ,272 ,266 ,435 ,523 ,588 ,773 ,844 ,504 ,224 ,23 ,2
경상남도 창원시 마산회원구 합성2동(4812759000),7332 ,7332 ,193 ,442 ,872 ,683 ,987 ,1253 ,1579 ,970 ,314 ,39 ,0 ,3663 ,3663 ,94 ,223 ,472 ,407 ,541 ,660 ,706 ,440 ,116 ,4 ,0 ,3669 ,3669 ,99 ,219 ,400 ,276 ,446 ,593 ,873 ,530 ,198 ,35 ,0
경상남도 창원시 마산회원구 구암1동(4812760000),8591 ,8591 ,295 ,621 ,812 ,805 ,1111 ,1574 ,1936 ,1010 ,390 ,37 ,0 ,4298 ,4298 ,148 ,331 ,466 ,465 ,624 ,778 ,865 ,463 ,151 ,7 ,0 ,4293 ,4293 ,147 ,290 ,346 ,340 ,487 ,796 ,1071 ,547 ,239 ,30 ,0
경상남도 창원시 마산회원구 구암2동(4812761000),9121 ,9121 ,402 ,719 ,1120 ,964 ,1301 ,1594 ,1752 ,929 ,312 ,28 ,0 ,4559 ,4559 ,205 ,381 ,573 ,537 ,694 ,789 ,803 ,442 ,130 ,5 ,0 ,4562 ,4562 ,197 ,338 ,547 ,427 ,607 ,805 ,949 ,487 ,182 ,23 ,0
경상남도 창원시 마산회원구 봉암동(4812762000),3053 ,3053 ,106 ,181 ,260 ,331 ,483 ,574 ,616 ,357 ,127 ,15 ,3 ,1705 ,1705 ,61 ,101 ,165 ,215 ,299 ,327 ,314 ,182 ,39 ,2 ,0 ,1348 ,1348 ,45 ,80 ,95 ,116 ,184 ,247 ,302 ,175 ,88 ,13 ,3
경상남도 창원시 진해구 (4812900000),192979 ,192979 ,15898 ,21446 ,19516 ,23762 ,35950 ,30269 ,26064 ,13036 ,6220 ,809 ,9 ,99215 ,99215 ,8262 ,11103 ,11283 ,12667 ,18844 ,15928 ,12731 ,5994 ,2227 ,175 ,1 ,93764 ,93764 ,7636 ,10343 ,8233 ,11095 ,17106 ,14341 ,13333 ,7042 ,3993 ,634 ,8
경상남도 창원시 진해구 충무동(4812953000),16307 ,16307 ,1139 ,1706 ,1988 ,1983 ,2688 ,2259 ,2192 ,1449 ,796 ,106 ,1 ,8448 ,8448 ,576 ,864 ,1269 ,1134 ,1408 ,1225 ,1027 ,617 ,301 ,27 ,0 ,7859 ,7859 ,563 ,842 ,719 ,849 ,1280 ,1034 ,1165 ,832 ,495 ,79 ,1
경상남도 창원시 진해구 여좌동(4812954000),8193 ,8193 ,248 ,566 ,729 ,636 ,1058 ,1325 ,1559 ,1232 ,742 ,98 ,0 ,4053 ,4053 ,144 ,316 ,452 ,372 ,558 ,665 ,723 ,518 ,285 ,20 ,0 ,4140 ,4140 ,104 ,250 ,277 ,264 ,500 ,660 ,836 ,714 ,457 ,78 ,0
경상남도 창원시 진해구 태백동(4812955000),3654 ,3654 ,141 ,222 ,339 ,280 ,429 ,595 ,748 ,576 ,286 ,38 ,0 ,1824 ,1824 ,73 ,113 ,199 ,155 ,239 ,314 ,368 ,253 ,102 ,8 ,0 ,1830 ,1830 ,68 ,109 ,140 ,125 ,190 ,281 ,380 ,323 ,184 ,30 ,0
경상남도 창원시 진해구 경화동(4812956000),10826 ,10826 ,789 ,988 ,1016 ,1200 ,1692 ,1795 ,1873 ,972 ,449 ,51 ,1 ,5463 ,5463 ,416 ,534 ,597 ,641 ,849 ,902 ,902 ,448 ,163 ,11 ,0 ,5363 ,5363 ,373 ,454 ,419 ,559 ,843 ,893 ,971 ,524 ,286 ,40 ,1
경상남도 창원시 진해구 병암동(4812957000),7220 ,7220 ,414 ,721 ,704 ,679 ,1139 ,1201 ,1227 ,708 ,382 ,45 ,0 ,3546 ,3546 ,212 ,383 ,390 ,356 ,583 ,585 ,572 ,320 ,135 ,10 ,0 ,3674 ,3674 ,202 ,338 ,314 ,323 ,556 ,616 ,655 ,388 ,247 ,35 ,0
경상남도 창원시 진해구 석동(4812958000),17507 ,17507 ,1121 ,2403 ,2240 ,1953 ,3266 ,3003 ,2204 ,919 ,353 ,43 ,2 ,9042 ,9042 ,593 ,1245 ,1274 ,1084 ,1566 ,1579 ,1110 ,433 ,144 ,14 ,0 ,8465 ,8465 ,528 ,1158 ,966 ,869 ,1700 ,1424 ,1094 ,486 ,209 ,29 ,2
경상남도 창원시 진해구 이동(4812959000),8476 ,8476 ,294 ,519 ,1013 ,949 ,1253 ,1399 ,1718 ,904 ,385 ,41 ,1 ,4495 ,4495 ,159 ,269 ,636 ,588 ,721 ,739 ,815 ,419 ,143 ,5 ,1 ,3981 ,3981 ,135 ,250 ,377 ,361 ,532 ,660 ,903 ,485 ,242 ,36 ,0
경상남도 창원시 진해구 자은동(4812960000),20798 ,20798 ,1864 ,2309 ,2023 ,2624 ,3827 ,3501 ,2922 ,1154 ,499 ,74 ,1 ,10394 ,10394 ,956 ,1184 ,1131 ,1334 ,1943 ,1690 ,1434 ,557 ,145 ,20 ,0 ,10404 ,10404 ,908 ,1125 ,892 ,1290 ,1884 ,1811 ,1488 ,597 ,354 ,54 ,1
경상남도 창원시 진해구 덕산동(4812961000),9858 ,9858 ,860 ,1167 ,1078 ,1190 ,1690 ,1385 ,1345 ,739 ,360 ,44 ,0 ,4879 ,4879 ,452 ,604 ,618 ,651 ,834 ,697 ,575 ,331 ,107 ,10 ,0 ,4979 ,4979 ,408 ,563 ,460 ,539 ,856 ,688 ,770 ,408 ,253 ,34 ,0
경상남도 창원시 진해구 풍호동(4812962000),25228 ,25228 ,2776 ,3533 ,1989 ,3002 ,5254 ,3480 ,3284 ,1279 ,557 ,73 ,1 ,12605 ,12605 ,1453 ,1811 ,1115 ,1422 ,2631 ,1718 ,1613 ,609 ,219 ,14 ,0 ,12623 ,12623 ,1323 ,1722 ,874 ,1580 ,2623 ,1762 ,1671 ,670 ,338 ,59 ,1
경상남도 창원시 진해구 웅천동(4812963000),13005 ,13005 ,1684 ,1118 ,1080 ,2227 ,2322 ,1817 ,1617 ,692 ,397 ,51 ,0 ,6560 ,6560 ,870 ,585 ,552 ,1087 ,1238 ,915 ,832 ,343 ,127 ,11 ,0 ,6445 ,6445 ,814 ,533 ,528 ,1140 ,1084 ,902 ,785 ,349 ,270 ,40 ,0
경상남도 창원시 진해구 웅동1동(4812964000),7901 ,7901 ,496 ,755 ,797 ,892 ,1296 ,1431 ,1278 ,566 ,328 ,61 ,1 ,4019 ,4019 ,258 ,396 ,434 ,490 ,645 ,760 ,639 ,296 ,92 ,9 ,0 ,3882 ,3882 ,238 ,359 ,363 ,402 ,651 ,671 ,639 ,270 ,236 ,52 ,1
경상남도 창원시 진해구 웅동2동(4812965000),44006 ,44006 ,4072 ,5439 ,4520 ,6147 ,10036 ,7078 ,4097 ,1846 ,686 ,84 ,1 ,23887 ,23887 ,2100 ,2799 ,2616 ,3353 ,5629 ,4139 ,2121 ,850 ,264 ,16 ,0 ,20119 ,20119 ,1972 ,2640 ,1904 ,2794 ,4407 ,2939 ,1976 ,996 ,422 ,68 ,1
경상남도 진주시 (4817000000),342744 ,342744 ,24421 ,34262 ,41810 ,39443 ,51543 ,56981 ,51147 ,26942 ,14105 ,2036 ,54 ,169402 ,169402 ,12605 ,17923 ,22987 ,20611 ,25554 ,28240 ,24519 ,11912 ,4657 ,386 ,8 ,173342 ,173342 ,11816 ,16339 ,18823 ,18832 ,25989 ,28741 ,26628 ,15030 ,9448 ,1650 ,46
경상남도 진주시 문산읍(4817025000),7842 ,7842 ,538 ,640 ,628 ,822 ,958 ,1281 ,1548 ,832 ,492 ,100 ,3 ,3951 ,3951 ,286 ,350 ,319 ,455 ,513 ,683 ,812 ,377 ,139 ,17 ,0 ,3891 ,3891 ,252 ,290 ,309 ,367 ,445 ,598 ,736 ,455 ,353 ,83 ,3
경상남도 진주시 내동면(4817031000),3987 ,3987 ,281 ,436 ,392 ,348 ,604 ,725 ,627 ,344 ,195 ,34 ,1 ,1988 ,1988 ,152 ,230 ,203 ,167 ,292 ,382 ,333 ,169 ,54 ,6 ,0 ,1999 ,1999 ,129 ,206 ,189 ,181 ,312 ,343 ,294 ,175 ,141 ,28 ,1
경상남도 진주시 정촌면(4817032000),8712 ,8712 ,993 ,545 ,866 ,1720 ,1217 ,1267 ,1265 ,508 ,285 ,44 ,2 ,4430 ,4430 ,488 ,264 ,484 ,916 ,676 ,612 ,645 ,260 ,82 ,3 ,0 ,4282 ,4282 ,505 ,281 ,382 ,804 ,541 ,655 ,620 ,248 ,203 ,41 ,2
경상남도 진주시 금곡면(4817033000),2121 ,2121 ,35 ,88 ,105 ,115 ,155 ,337 ,532 ,376 ,319 ,59 ,0 ,1032 ,1032 ,13 ,52 ,69 ,69 ,101 ,195 ,284 ,158 ,85 ,6 ,0 ,1089 ,1089 ,22 ,36 ,36 ,46 ,54 ,142 ,248 ,218 ,234 ,53 ,0
경상남도 진주시 진성면(4817035000),1850 ,1850 ,43 ,47 ,97 ,106 ,120 ,323 ,493 ,308 ,265 ,46 ,2 ,920 ,920 ,24 ,20 ,57 ,63 ,76 ,183 ,259 ,143 ,83 ,11 ,1 ,930 ,930 ,19 ,27 ,40 ,43 ,44 ,140 ,234 ,165 ,182 ,35 ,1
경상남도 진주시 일반성면(4817036000),2524 ,2524 ,82 ,158 ,171 ,152 ,250 ,471 ,561 ,359 ,281 ,39 ,0 ,1238 ,1238 ,39 ,89 ,98 ,87 ,139 ,250 ,297 ,165 ,68 ,6 ,0 ,1286 ,1286 ,43 ,69 ,73 ,65 ,111 ,221 ,264 ,194 ,213 ,33 ,0
경상남도 진주시 이반성면(4817037000),1542 ,1542 ,15 ,31 ,66 ,56 ,86 ,222 ,477 ,288 ,252 ,48 ,1 ,782 ,782 ,10 ,18 ,47 ,38 ,55 ,145 ,246 ,139 ,73 ,11 ,0 ,760 ,760 ,5 ,13 ,19 ,18 ,31 ,77 ,231 ,149 ,179 ,37 ,1
경상남도 진주시 사봉면(4817038000),1463 ,1463 ,25 ,53 ,51 ,59 ,129 ,202 ,368 ,286 ,247 ,42 ,1 ,710 ,710 ,9 ,29 ,33 ,29 ,87 ,127 ,187 ,135 ,67 ,7 ,0 ,753 ,753 ,16 ,24 ,18 ,30 ,42 ,75 ,181 ,151 ,180 ,35 ,1
경상남도 진주시 지수면(4817039000),1390 ,1390 ,32 ,64 ,86 ,56 ,115 ,222 ,333 ,245 ,201 ,36 ,0 ,705 ,705 ,15 ,28 ,54 ,36 ,75 ,129 ,185 ,124 ,53 ,6 ,0 ,685 ,685 ,17 ,36 ,32 ,20 ,40 ,93 ,148 ,121 ,148 ,30 ,0
경상남도 진주시 대곡면(4817040000),3068 ,3068 ,41 ,106 ,165 ,137 ,224 ,507 ,778 ,537 ,496 ,73 ,4 ,1533 ,1533 ,23 ,61 ,111 ,87 ,151 ,291 ,394 ,255 ,146 ,13 ,1 ,1535 ,1535 ,18 ,45 ,54 ,50 ,73 ,216 ,384 ,282 ,350 ,60 ,3
경상남도 진주시 금산면(4817041000),20397 ,20397 ,1745 ,2617 ,2145 ,2214 ,3382 ,3434 ,2813 ,1302 ,645 ,97 ,3 ,10166 ,10166 ,904 ,1401 ,1217 ,1108 ,1597 ,1718 ,1379 ,598 ,227 ,17 ,0 ,10231 ,10231 ,841 ,1216 ,928 ,1106 ,1785 ,1716 ,1434 ,704 ,418 ,80 ,3
경상남도 진주시 집현면(4817042000),4504 ,4504 ,180 ,380 ,341 ,320 ,558 ,864 ,927 ,517 ,362 ,54 ,1 ,2271 ,2271 ,97 ,191 ,210 ,155 ,293 ,476 ,497 ,231 ,112 ,9 ,0 ,2233 ,2233 ,83 ,189 ,131 ,165 ,265 ,388 ,430 ,286 ,250 ,45 ,1
경상남도 진주시 미천면(4817043000),1549 ,1549 ,20 ,47 ,59 ,57 ,89 ,252 ,402 ,325 ,257 ,41 ,0 ,773 ,773 ,11 ,28 ,36 ,30 ,61 ,159 ,222 ,155 ,67 ,4 ,0 ,776 ,776 ,9 ,19 ,23 ,27 ,28 ,93 ,180 ,170 ,190 ,37 ,0
경상남도 진주시 명석면(4817044000),3873 ,3873 ,100 ,159 ,260 ,213 ,351 ,719 ,1055 ,595 ,355 ,65 ,1 ,1907 ,1907 ,50 ,76 ,140 ,124 ,195 ,366 ,535 ,286 ,120 ,15 ,0 ,1966 ,1966 ,50 ,83 ,120 ,89 ,156 ,353 ,520 ,309 ,235 ,50 ,1
경상남도 진주시 대평면(4817045000),1002 ,1002 ,17 ,43 ,73 ,46 ,82 ,165 ,255 ,160 ,136 ,24 ,1 ,474 ,474 ,8 ,17 ,42 ,24 ,45 ,91 ,134 ,72 ,37 ,4 ,0 ,528 ,528 ,9 ,26 ,31 ,22 ,37 ,74 ,121 ,88 ,99 ,20 ,1
경상남도 진주시 수곡면(4817046000),2191 ,2191 ,41 ,89 ,121 ,89 ,171 ,379 ,595 ,344 ,311 ,51 ,0 ,1078 ,1078 ,24 ,52 ,67 ,43 ,108 ,228 ,307 ,159 ,80 ,10 ,0 ,1113 ,1113 ,17 ,37 ,54 ,46 ,63 ,151 ,288 ,185 ,231 ,41 ,0
경상남도 진주시 천전동(4817051500),27489 ,27489 ,1283 ,2302 ,4276 ,2745 ,3580 ,4605 ,4299 ,2790 ,1440 ,162 ,7 ,13608 ,13608 ,708 ,1236 ,2395 ,1503 ,1793 ,2264 ,1946 ,1176 ,543 ,43 ,1 ,13881 ,13881 ,575 ,1066 ,1881 ,1242 ,1787 ,2341 ,2353 ,1614 ,897 ,119 ,6
경상남도 진주시 성북동(4817055500),9941 ,9941 ,347 ,638 ,1264 ,1038 ,1396 ,1644 ,1829 ,1145 ,540 ,98 ,2 ,4899 ,4899 ,167 ,345 ,641 ,584 ,749 ,851 ,847 ,499 ,197 ,19 ,0 ,5042 ,5042 ,180 ,293 ,623 ,454 ,647 ,793 ,982 ,646 ,343 ,79 ,2
경상남도 진주시 중앙동(4817056500),10723 ,10723 ,271 ,582 ,1024 ,856 ,1186 ,1732 ,2403 ,1750 ,826 ,92 ,1 ,5156 ,5156 ,153 ,321 ,542 ,497 ,674 ,918 ,1062 ,715 ,256 ,18 ,0 ,5567 ,5567 ,118 ,261 ,482 ,359 ,512 ,814 ,1341 ,1035 ,570 ,74 ,1
경상남도 진주시 상봉동(4817059500),13337 ,13337 ,434 ,980 ,1556 ,1166 ,1626 ,2450 ,2609 ,1645 ,764 ,105 ,2 ,6571 ,6571 ,236 ,534 ,816 ,649 ,876 ,1277 ,1182 ,711 ,261 ,29 ,0 ,6766 ,6766 ,198 ,446 ,740 ,517 ,750 ,1173 ,1427 ,934 ,503 ,76 ,2
경상남도 진주시 상대동(4817067300),19008 ,19008 ,785 ,1448 ,2696 ,2005 ,2451 ,3428 ,3359 ,1948 ,806 ,81 ,1 ,9408 ,9408 ,398 ,729 ,1480 ,1145 ,1244 ,1654 ,1542 ,863 ,333 ,20 ,0 ,9600 ,9600 ,387 ,719 ,1216 ,860 ,1207 ,1774 ,1817 ,1085 ,473 ,61 ,1
경상남도 진주시 하대동(4817067800),23605 ,23605 ,1077 ,2171 ,3307 ,2516 ,3140 ,4753 ,4069 ,1750 ,712 ,109 ,1 ,11771 ,11771 ,591 ,1150 ,1851 ,1397 ,1571 ,2236 ,1924 ,800 ,235 ,15 ,1 ,11834 ,11834 ,486 ,1021 ,1456 ,1119 ,1569 ,2517 ,2145 ,950 ,477 ,94 ,0
경상남도 진주시 상평동(4817068000),11175 ,11175 ,621 ,944 ,1351 ,1311 ,1639 ,1926 ,1898 ,1052 ,374 ,57 ,2 ,5690 ,5690 ,311 ,455 ,751 ,736 ,865 ,986 ,927 ,483 ,164 ,12 ,0 ,5485 ,5485 ,310 ,489 ,600 ,575 ,774 ,940 ,971 ,569 ,210 ,45 ,2
경상남도 진주시 초장동(4817069500),26294 ,26294 ,2893 ,4005 ,2946 ,3245 ,5234 ,4314 ,2301 ,900 ,402 ,51 ,3 ,13290 ,13290 ,1537 ,2250 ,1669 ,1542 ,2430 ,2136 ,1191 ,393 ,132 ,8 ,2 ,13004 ,13004 ,1356 ,1755 ,1277 ,1703 ,2804 ,2178 ,1110 ,507 ,270 ,43 ,1
경상남도 진주시 평거동(4817071000),26572 ,26572 ,1727 ,3171 ,3689 ,2820 ,4245 ,5071 ,3455 ,1452 ,819 ,121 ,2 ,12691 ,12691 ,872 ,1643 ,1984 ,1432 ,1867 ,2324 ,1681 ,598 ,264 ,25 ,1 ,13881 ,13881 ,855 ,1528 ,1705 ,1388 ,2378 ,2747 ,1774 ,854 ,555 ,96 ,1
경상남도 진주시 신안동(4817071500),11226 ,11226 ,549 ,978 ,1437 ,1109 ,1444 ,1934 ,2023 ,1108 ,572 ,68 ,4 ,5320 ,5320 ,284 ,504 ,778 ,577 ,717 ,866 ,874 ,481 ,223 ,16 ,0 ,5906 ,5906 ,265 ,474 ,659 ,532 ,727 ,1068 ,1149 ,627 ,349 ,52 ,4
경상남도 진주시 이현동(4817072000),11360 ,11360 ,530 ,1154 ,1305 ,974 ,1591 ,2164 ,2078 ,1061 ,439 ,59 ,5 ,5599 ,5599 ,291 ,659 ,751 ,514 ,746 ,1026 ,972 ,480 ,148 ,12 ,0 ,5761 ,5761 ,239 ,495 ,554 ,460 ,845 ,1138 ,1106 ,581 ,291 ,47 ,5
경상남도 진주시 판문동(4817073000),20655 ,20655 ,2010 ,2961 ,2173 ,2121 ,3974 ,3371 ,2457 ,1024 ,492 ,71 ,1 ,9828 ,9828 ,1004 ,1436 ,1134 ,1015 ,1843 ,1655 ,1151 ,421 ,157 ,12 ,0 ,10827 ,10827 ,1006 ,1525 ,1039 ,1106 ,2131 ,1716 ,1306 ,603 ,335 ,59 ,1
경상남도 진주시 가호동(4817074000),29713 ,29713 ,2412 ,2855 ,6108 ,4536 ,4270 ,4269 ,3204 ,1367 ,616 ,74 ,2 ,15034 ,15034 ,1233 ,1466 ,3471 ,2439 ,2106 ,2067 ,1491 ,559 ,193 ,9 ,0 ,14679 ,14679 ,1179 ,1389 ,2637 ,2097 ,2164 ,2202 ,1713 ,808 ,423 ,65 ,2
경상남도 진주시 충무공동(4817075000),33631 ,33631 ,5294 ,4570 ,3052 ,6491 ,7276 ,3950 ,2134 ,624 ,204 ,35 ,1 ,16579 ,16579 ,2667 ,2289 ,1537 ,3150 ,3609 ,1945 ,1013 ,307 ,58 ,3 ,1 ,17052 ,17052 ,2627 ,2281 ,1515 ,3341 ,3667 ,2005 ,1121 ,317 ,146 ,32 ,0
경상남도 통영시 (4822000000),121697 ,121697 ,7123 ,12459 ,9493 ,10679 ,19973 ,21526 ,22211 ,11910 ,5593 ,715 ,15 ,61153 ,61153 ,3576 ,6447 ,5381 ,5486 ,10599 ,11309 ,10804 ,5590 ,1830 ,131 ,0 ,60544 ,60544 ,3547 ,6012 ,4112 ,5193 ,9374 ,10217 ,11407 ,6320 ,3763 ,584 ,15
경상남도 통영시 산양읍(4822025000),4383 ,4383 ,87 ,200 ,217 ,248 ,501 ,823 ,1102 ,695 ,447 ,62 ,1 ,2305 ,2305 ,38 ,106 ,138 ,136 ,314 ,496 ,598 ,340 ,123 ,16 ,0 ,2078 ,2078 ,49 ,94 ,79 ,112 ,187 ,327 ,504 ,355 ,324 ,46 ,1
경상남도 통영시 용남면(4822031000),12033 ,12033 ,884 ,1464 ,914 ,1087 ,2136 ,2184 ,1807 ,960 ,516 ,79 ,2 ,5999 ,5999 ,426 ,739 ,510 ,539 ,1084 ,1144 ,916 ,460 ,161 ,20 ,0 ,6034 ,6034 ,458 ,725 ,404 ,548 ,1052 ,1040 ,891 ,500 ,355 ,59 ,2
경상남도 통영시 도산면(4822033000),2734 ,2734 ,47 ,101 ,116 ,130 ,234 ,460 ,758 ,515 ,320 ,51 ,2 ,1402 ,1402 ,27 ,54 ,75 ,76 ,156 ,272 ,389 ,250 ,97 ,6 ,0 ,1332 ,1332 ,20 ,47 ,41 ,54 ,78 ,188 ,369 ,265 ,223 ,45 ,2
경상남도 통영시 광도면(4822034000),30614 ,30614 ,2979 ,4255 ,2491 ,3652 ,6698 ,4884 ,3496 ,1461 ,625 ,72 ,1 ,15551 ,15551 ,1501 ,2220 ,1351 ,1792 ,3463 ,2560 ,1725 ,713 ,215 ,11 ,0 ,15063 ,15063 ,1478 ,2035 ,1140 ,1860 ,3235 ,2324 ,1771 ,748 ,410 ,61 ,1
경상남도 통영시 욕지면(4822035000),1922 ,1922 ,21 ,80 ,99 ,72 ,244 ,406 ,476 ,310 ,192 ,22 ,0 ,1102 ,1102 ,14 ,45 ,61 ,46 ,174 ,247 ,266 ,167 ,77 ,5 ,0 ,820 ,820 ,7 ,35 ,38 ,26 ,70 ,159 ,210 ,143 ,115 ,17 ,0
경상남도 통영시 한산면(4822036000),1887 ,1887 ,16 ,51 ,63 ,75 ,142 ,301 ,475 ,402 ,325 ,37 ,0 ,972 ,972 ,6 ,29 ,35 ,48 ,98 ,189 ,262 ,194 ,101 ,10 ,0 ,915 ,915 ,10 ,22 ,28 ,27 ,44 ,112 ,213 ,208 ,224 ,27 ,0
경상남도 통영시 사량면(4822037000),1376 ,1376 ,14 ,22 ,37 ,51 ,95 ,253 ,433 ,243 ,195 ,31 ,2 ,692 ,692 ,4 ,11 ,22 ,36 ,65 ,150 ,235 ,112 ,55 ,2 ,0 ,684 ,684 ,10 ,11 ,15 ,15 ,30 ,103 ,198 ,131 ,140 ,29 ,2
경상남도 통영시 도천동(4822051000),8485 ,8485 ,299 ,733 ,822 ,541 ,1148 ,1533 ,1829 ,1012 ,517 ,51 ,0 ,4255 ,4255 ,161 ,338 ,494 ,304 ,625 ,813 ,876 ,471 ,167 ,6 ,0 ,4230 ,4230 ,138 ,395 ,328 ,237 ,523 ,720 ,953 ,541 ,350 ,45 ,0
경상남도 통영시 명정동(4822053000),2656 ,2656 ,59 ,134 ,166 ,121 ,275 ,483 ,673 ,488 ,228 ,28 ,1 ,1294 ,1294 ,23 ,61 ,91 ,66 ,170 ,265 ,326 ,210 ,75 ,7 ,0 ,1362 ,1362 ,36 ,73 ,75 ,55 ,105 ,218 ,347 ,278 ,153 ,21 ,1
경상남도 통영시 중앙동(4822055000),3588 ,3588 ,79 ,173 ,226 ,214 ,391 ,673 ,936 ,590 ,281 ,25 ,0 ,1787 ,1787 ,33 ,95 ,136 ,130 ,236 ,370 ,443 ,247 ,92 ,5 ,0 ,1801 ,1801 ,46 ,78 ,90 ,84 ,155 ,303 ,493 ,343 ,189 ,20 ,0
경상남도 통영시 정량동(4822059000),8348 ,8348 ,321 ,630 ,536 ,631 ,1197 ,1643 ,1867 ,1053 ,423 ,46 ,1 ,4224 ,4224 ,163 ,319 ,313 ,358 ,685 ,882 ,853 ,494 ,147 ,10 ,0 ,4124 ,4124 ,158 ,311 ,223 ,273 ,512 ,761 ,1014 ,559 ,276 ,36 ,1
경상남도 통영시 북신동(4822060000),10075 ,10075 ,563 ,904 ,797 ,899 ,1424 ,1652 ,2155 ,1189 ,441 ,50 ,1 ,4782 ,4782 ,291 ,472 ,454 ,457 ,719 ,751 ,918 ,549 ,162 ,9 ,0 ,5293 ,5293 ,272 ,432 ,343 ,442 ,705 ,901 ,1237 ,640 ,279 ,41 ,1
경상남도 통영시 미수동(4822066500),10607 ,10607 ,570 ,1315 ,857 ,853 ,1756 ,1972 ,2023 ,883 ,331 ,46 ,1 ,5197 ,5197 ,290 ,678 ,494 ,402 ,884 ,965 ,990 ,399 ,89 ,6 ,0 ,5410 ,5410 ,280 ,637 ,363 ,451 ,872 ,1007 ,1033 ,484 ,242 ,40 ,1
경상남도 통영시 봉평동(4822067000),9678 ,9678 ,362 ,859 ,771 ,761 ,1333 ,1828 ,2051 ,1148 ,490 ,74 ,1 ,4958 ,4958 ,177 ,442 ,447 ,413 ,739 ,1007 ,1026 ,513 ,179 ,15 ,0 ,4720 ,4720 ,185 ,417 ,324 ,348 ,594 ,821 ,1025 ,635 ,311 ,59 ,1
경상남도 통영시 무전동(4822070000),13311 ,13311 ,822 ,1538 ,1381 ,1344 ,2399 ,2431 ,2130 ,961 ,262 ,41 ,2 ,6633 ,6633 ,422 ,838 ,760 ,683 ,1187 ,1198 ,981 ,471 ,90 ,3 ,0 ,6678 ,6678 ,400 ,700 ,621 ,661 ,1212 ,1233 ,1149 ,490 ,172 ,38 ,2
경상남도 사천시 (4824000000),109090 ,109090 ,6754 ,10104 ,9756 ,10524 ,16878 ,18475 ,18162 ,10996 ,6418 ,1005 ,18 ,55137 ,55137 ,3467 ,5244 ,5924 ,5804 ,8828 ,9878 ,8914 ,4833 ,2076 ,168 ,1 ,53953 ,53953 ,3287 ,4860 ,3832 ,4720 ,8050 ,8597 ,9248 ,6163 ,4342 ,837 ,17
경상남도 사천시 사천읍(4824025000),17797 ,17797 ,1179 ,1694 ,2170 ,2202 ,3072 ,3142 ,2318 ,1173 ,730 ,116 ,1 ,9417 ,9417 ,620 ,866 ,1311 ,1314 ,1655 ,1704 ,1167 ,527 ,235 ,18 ,0 ,8380 ,8380 ,559 ,828 ,859 ,888 ,1417 ,1438 ,1151 ,646 ,495 ,98 ,1
경상남도 사천시 정동면(4824031000),13905 ,13905 ,1307 ,1622 ,1412 ,1942 ,2476 ,2274 ,1533 ,791 ,445 ,101 ,2 ,6983 ,6983 ,660 ,833 ,824 ,1022 ,1208 ,1192 ,767 ,339 ,125 ,13 ,0 ,6922 ,6922 ,647 ,789 ,588 ,920 ,1268 ,1082 ,766 ,452 ,320 ,88 ,2
경상남도 사천시 사남면(4824032000),15463 ,15463 ,1602 ,2148 ,1478 ,1971 ,3166 ,2130 ,1538 ,861 ,477 ,90 ,2 ,8027 ,8027 ,849 ,1083 ,932 ,1055 ,1615 ,1181 ,777 ,365 ,155 ,15 ,0 ,7436 ,7436 ,753 ,1065 ,546 ,916 ,1551 ,949 ,761 ,496 ,322 ,75 ,2
경상남도 사천시 용현면(4824033000),7231 ,7231 ,458 ,664 ,438 ,617 ,1192 ,1162 ,1337 ,812 ,465 ,86 ,0 ,3627 ,3627 ,209 ,351 ,254 ,315 ,674 ,617 ,665 ,369 ,162 ,11 ,0 ,3604 ,3604 ,249 ,313 ,184 ,302 ,518 ,545 ,672 ,443 ,303 ,75 ,0
경상남도 사천시 축동면(4824034000),1514 ,1514 ,34 ,44 ,70 ,84 ,134 ,244 ,405 ,256 ,206 ,37 ,0 ,785 ,785 ,18 ,26 ,37 ,56 ,82 ,149 ,230 ,122 ,56 ,9 ,0 ,729 ,729 ,16 ,18 ,33 ,28 ,52 ,95 ,175 ,134 ,150 ,28 ,0
경상남도 사천시 곤양면(4824035000),3236 ,3236 ,59 ,143 ,189 ,153 ,277 ,536 ,806 ,586 ,410 ,77 ,0 ,1673 ,1673 ,37 ,81 ,122 ,100 ,166 ,306 ,431 ,275 ,136 ,19 ,0 ,1563 ,1563 ,22 ,62 ,67 ,53 ,111 ,230 ,375 ,311 ,274 ,58 ,0
경상남도 사천시 곤명면(4824036000),2730 ,2730 ,54 ,70 ,124 ,110 ,219 ,463 ,715 ,513 ,406 ,55 ,1 ,1364 ,1364 ,31 ,41 ,85 ,67 ,146 ,281 ,350 ,227 ,125 ,11 ,0 ,1366 ,1366 ,23 ,29 ,39 ,43 ,73 ,182 ,365 ,286 ,281 ,44 ,1
경상남도 사천시 서포면(4824037000),3422 ,3422 ,62 ,116 ,183 ,157 ,279 ,605 ,865 ,610 ,469 ,74 ,2 ,1692 ,1692 ,30 ,56 ,119 ,89 ,174 ,346 ,441 ,282 ,145 ,10 ,0 ,1730 ,1730 ,32 ,60 ,64 ,68 ,105 ,259 ,424 ,328 ,324 ,64 ,2
경상남도 사천시 동서동(4824051000),5593 ,5593 ,127 ,243 ,310 ,309 ,562 ,921 ,1418 ,1069 ,570 ,63 ,1 ,2706 ,2706 ,64 ,125 ,185 ,192 ,331 ,536 ,627 ,446 ,189 ,11 ,0 ,2887 ,2887 ,63 ,118 ,125 ,117 ,231 ,385 ,791 ,623 ,381 ,52 ,1
경상남도 사천시 선구동(4824052000),4794 ,4794 ,156 ,281 ,396 ,342 ,586 ,891 ,1067 ,681 ,351 ,43 ,0 ,2351 ,2351 ,76 ,155 ,253 ,195 ,323 ,438 ,496 ,294 ,113 ,8 ,0 ,2443 ,2443 ,80 ,126 ,143 ,147 ,263 ,453 ,571 ,387 ,238 ,35 ,0
경상남도 사천시 동서금동(4824053000),6180 ,6180 ,400 ,507 ,445 ,566 ,906 ,1072 ,1119 ,786 ,340 ,35 ,4 ,2990 ,2990 ,191 ,270 ,261 ,290 ,471 ,544 ,517 ,318 ,120 ,8 ,0 ,3190 ,3190 ,209 ,237 ,184 ,276 ,435 ,528 ,602 ,468 ,220 ,27 ,4
경상남도 사천시 벌용동(4824055000),15118 ,15118 ,796 ,1599 ,1424 ,1209 ,2351 ,2900 ,2599 ,1422 ,729 ,87 ,2 ,7327 ,7327 ,413 ,837 ,809 ,632 ,1098 ,1442 ,1224 ,615 ,239 ,18 ,0 ,7791 ,7791 ,383 ,762 ,615 ,577 ,1253 ,1458 ,1375 ,807 ,490 ,69 ,2
경상남도 사천시 향촌동(4824057000),6859 ,6859 ,288 ,590 ,766 ,498 ,1023 ,1279 ,1270 ,710 ,371 ,62 ,2 ,3615 ,3615 ,144 ,317 ,512 ,279 ,541 ,707 ,657 ,312 ,138 ,8 ,0 ,3244 ,3244 ,144 ,273 ,254 ,219 ,482 ,572 ,613 ,398 ,233 ,54 ,2
경상남도 사천시 남양동(4824059500),5007 ,5007 ,231 ,375 ,343 ,354 ,616 ,818 ,1102 ,668 ,422 ,77 ,1 ,2459 ,2459 ,125 ,198 ,215 ,191 ,329 ,411 ,529 ,320 ,131 ,9 ,1 ,2548 ,2548 ,106 ,177 ,128 ,163 ,287 ,407 ,573 ,348 ,291 ,68 ,0
경상남도 사천시 신수출장소(4824089000),241 ,241 ,1 ,8 ,8 ,10 ,19 ,38 ,70 ,58 ,27 ,2 ,0 ,121 ,121 ,0 ,5 ,5 ,7 ,15 ,24 ,36 ,22 ,7 ,0 ,0 ,120 ,120 ,1 ,3 ,3 ,3 ,4 ,14 ,34 ,36 ,20 ,2 ,0
경상남도 사천남양출장소 (4824500000),0 ,0 ,0 ,0 ,0 ,0 ,0 ,0 ,0 ,0 ,0 ,0 ,0 ,0 ,0 ,0 ,0 ,0 ,0 ,0 ,0 ,0 ,0 ,0 ,0 ,0 ,0 ,0 ,0 ,0 ,0 ,0 ,0 ,0 ,0 ,0 ,0 ,0 ,0
경상남도 김해시 (4825000000),533292 ,533292 ,41308 ,59654 ,61614 ,63476 ,93352 ,100548 ,69081 ,28954 ,13553 ,1716 ,36 ,269615 ,269615 ,21258 ,30718 ,33804 ,33144 ,46492 ,50901 ,35445 ,13095 ,4430 ,324 ,4 ,263677 ,263677 ,20050 ,28936 ,27810 ,30332 ,46860 ,49647 ,33636 ,15859 ,9123 ,1392 ,32
경상남도 김해시 진영읍(4825025000),54873 ,54873 ,5346 ,6473 ,4662 ,7177 ,11067 ,8855 ,6798 ,2949 ,1352 ,191 ,3 ,28235 ,28235 ,2760 ,3364 ,2610 ,3690 ,5886 ,4685 ,3346 ,1394 ,473 ,27 ,0 ,26638 ,26638 ,2586 ,3109 ,2052 ,3487 ,5181 ,4170 ,3452 ,1555 ,879 ,164 ,3
경상남도 김해시 주촌면(4825032000),19282 ,19282 ,2938 ,1447 ,1808 ,3895 ,3399 ,2933 ,1946 ,574 ,292 ,50 ,0 ,9875 ,9875 ,1505 ,732 ,947 ,1960 ,1834 ,1411 ,1085 ,298 ,89 ,14 ,0 ,9407 ,9407 ,1433 ,715 ,861 ,1935 ,1565 ,1522 ,861 ,276 ,203 ,36 ,0
경상남도 김해시 진례면(4825033000),6097 ,6097 ,156 ,284 ,473 ,456 ,673 ,1250 ,1496 ,805 ,421 ,83 ,0 ,3348 ,3348 ,86 ,160 ,297 ,280 ,412 ,733 ,824 ,385 ,150 ,21 ,0 ,2749 ,2749 ,70 ,124 ,176 ,176 ,261 ,517 ,672 ,420 ,271 ,62 ,0
경상남도 김해시 한림면(4825034000),6939 ,6939 ,128 ,245 ,452 ,481 ,619 ,1335 ,1901 ,1082 ,602 ,94 ,0 ,3794 ,3794 ,68 ,136 ,279 ,312 ,409 ,798 ,1042 ,548 ,190 ,12 ,0 ,3145 ,3145 ,60 ,109 ,173 ,169 ,210 ,537 ,859 ,534 ,412 ,82 ,0
경상남도 김해시 생림면(4825035000),3642 ,3642 ,61 ,102 ,219 ,228 ,290 ,721 ,1046 ,599 ,340 ,36 ,0 ,1951 ,1951 ,44 ,54 ,134 ,142 ,171 ,415 ,565 ,298 ,122 ,6 ,0 ,1691 ,1691 ,17 ,48 ,85 ,86 ,119 ,306 ,481 ,301 ,218 ,30 ,0
경상남도 김해시 상동면(4825036000),3075 ,3075 ,58 ,118 ,199 ,240 ,273 ,642 ,895 ,424 ,192 ,30 ,4 ,1702 ,1702 ,34 ,69 ,125 ,155 ,168 ,351 ,507 ,217 ,73 ,3 ,0 ,1373 ,1373 ,24 ,49 ,74 ,85 ,105 ,291 ,388 ,207 ,119 ,27 ,4
경상남도 김해시 대동면(4825037000),5381 ,5381 ,95 ,191 ,284 ,309 ,471 ,884 ,1617 ,961 ,484 ,81 ,4 ,2783 ,2783 ,51 ,105 ,171 ,187 ,284 ,475 ,858 ,473 ,161 ,18 ,0 ,2598 ,2598 ,44 ,86 ,113 ,122 ,187 ,409 ,759 ,488 ,323 ,63 ,4
경상남도 김해시 동상동(4825051000),9250 ,9250 ,453 ,595 ,1104 ,1129 ,1204 ,1788 ,1828 ,761 ,353 ,34 ,1 ,4735 ,4735 ,230 ,303 ,611 ,621 ,626 ,922 ,948 ,346 ,122 ,5 ,1 ,4515 ,4515 ,223 ,292 ,493 ,508 ,578 ,866 ,880 ,415 ,231 ,29 ,0
경상남도 김해시 회현동(4825052000),8647 ,8647 ,514 ,531 ,862 ,1094 ,1053 ,1586 ,1665 ,887 ,394 ,61 ,0 ,4307 ,4307 ,281 ,271 ,476 ,577 ,552 ,773 ,843 ,370 ,156 ,8 ,0 ,4340 ,4340 ,233 ,260 ,386 ,517 ,501 ,813 ,822 ,517 ,238 ,53 ,0
경상남도 김해시 부원동(4825053000),9420 ,9420 ,488 ,538 ,1179 ,1127 ,1194 ,1973 ,1798 ,772 ,323 ,28 ,0 ,4831 ,4831 ,260 ,273 ,651 ,628 ,649 ,997 ,896 ,357 ,117 ,3 ,0 ,4589 ,4589 ,228 ,265 ,528 ,499 ,545 ,976 ,902 ,415 ,206 ,25 ,0
경상남도 김해시 내외동(4825054000),72398 ,72398 ,4043 ,6915 ,10708 ,8778 ,10570 ,16012 ,9967 ,3360 ,1840 ,201 ,4 ,36096 ,36096 ,2129 ,3591 ,5830 ,4677 ,5054 ,7594 ,5227 ,1438 ,510 ,46 ,0 ,36302 ,36302 ,1914 ,3324 ,4878 ,4101 ,5516 ,8418 ,4740 ,1922 ,1330 ,155 ,4
경상남도 김해시 북부동(4825055000),82063 ,82063 ,6562 ,10300 ,10376 ,9345 ,14751 ,16058 ,9334 ,3487 ,1633 ,211 ,6 ,41023 ,41023 ,3373 ,5383 ,5653 ,4804 ,6985 ,7992 ,4756 ,1513 ,521 ,41 ,2 ,41040 ,41040 ,3189 ,4917 ,4723 ,4541 ,7766 ,8066 ,4578 ,1974 ,1112 ,170 ,4
경상남도 김해시 칠산서부동(4825056500),9167 ,9167 ,413 ,636 ,1047 ,901 ,1200 ,1886 ,1832 ,844 ,365 ,42 ,1 ,4871 ,4871 ,231 ,334 ,598 ,522 ,680 ,998 ,976 ,404 ,119 ,9 ,0 ,4296 ,4296 ,182 ,302 ,449 ,379 ,520 ,888 ,856 ,440 ,246 ,33 ,1
경상남도 김해시 활천동(4825058000),38664 ,38664 ,2008 ,3535 ,5102 ,4137 ,5627 ,8389 ,6199 ,2466 ,1077 ,123 ,1 ,19737 ,19737 ,1070 ,1854 ,2790 ,2313 ,2913 ,4089 ,3238 ,1099 ,343 ,28 ,0 ,18927 ,18927 ,938 ,1681 ,2312 ,1824 ,2714 ,4300 ,2961 ,1367 ,734 ,95 ,1
경상남도 김해시 삼안동(4825059000),31553 ,31553 ,1197 ,2544 ,5082 ,2942 ,4034 ,7035 ,5491 ,2101 ,1017 ,107 ,3 ,16185 ,16185 ,618 ,1295 ,2914 ,1682 ,2058 ,3425 ,2940 ,925 ,307 ,21 ,0 ,15368 ,15368 ,579 ,1249 ,2168 ,1260 ,1976 ,3610 ,2551 ,1176 ,710 ,86 ,3
경상남도 김해시 불암동(4825060000),7141 ,7141 ,377 ,721 ,840 ,676 ,1025 ,1493 ,1264 ,499 ,223 ,22 ,1 ,3651 ,3651 ,203 ,355 ,467 ,381 ,518 ,745 ,667 ,226 ,85 ,4 ,0 ,3490 ,3490 ,174 ,366 ,373 ,295 ,507 ,748 ,597 ,273 ,138 ,18 ,1
경상남도 김해시 장유1동(4825061000),55641 ,55641 ,4399 ,7616 ,6356 ,6356 ,11016 ,10503 ,5496 ,2557 ,1214 ,124 ,4 ,27667 ,27667 ,2176 ,3884 ,3443 ,3224 ,5294 ,5420 ,2679 ,1111 ,413 ,22 ,1 ,27974 ,27974 ,2223 ,3732 ,2913 ,3132 ,5722 ,5083 ,2817 ,1446 ,801 ,102 ,3
경상남도 김해시 장유2동(4825062000),35925 ,35925 ,2801 ,4985 ,4226 ,3890 ,7358 ,6938 ,3436 ,1581 ,612 ,95 ,3 ,18145 ,18145 ,1428 ,2563 ,2344 ,2052 ,3551 ,3631 ,1685 ,673 ,202 ,16 ,0 ,17780 ,17780 ,1373 ,2422 ,1882 ,1838 ,3807 ,3307 ,1751 ,908 ,410 ,79 ,3
경상남도 김해시 장유3동(4825063000),74134 ,74134 ,9271 ,11878 ,6635 ,10315 ,17528 ,10267 ,5072 ,2245 ,819 ,103 ,1 ,36679 ,36679 ,4711 ,5992 ,3464 ,4937 ,8448 ,5447 ,2363 ,1020 ,277 ,20 ,0 ,37455 ,37455 ,4560 ,5886 ,3171 ,5378 ,9080 ,4820 ,2709 ,1225 ,542 ,83 ,1
경상남도 장유출장소 (4825200000),0 ,0 ,0 ,0 ,0 ,0 ,0 ,0 ,0 ,0 ,0 ,0 ,0 ,0 ,0 ,0 ,0 ,0 ,0 ,0 ,0 ,0 ,0 ,0 ,0 ,0 ,0 ,0 ,0 ,0 ,0 ,0 ,0 ,0 ,0 ,0 ,0 ,0 ,0
경상남도 밀양시 (4827000000),102720 ,102720 ,4702 ,7369 ,7867 ,8009 ,12310 ,17692 ,22605 ,13323 ,7734 ,1090 ,19 ,50596 ,50596 ,2386 ,3869 ,4556 ,4328 ,6480 ,9092 ,11126 ,6074 ,2487 ,196 ,2 ,52124 ,52124 ,2316 ,3500 ,3311 ,3681 ,5830 ,8600 ,11479 ,7249 ,5247 ,894 ,17
경상남도 밀양시 삼랑진읍(4827025000),5081 ,5081 ,103 ,217 ,247 ,255 ,462 ,874 ,1404 ,910 ,543 ,65 ,1 ,2528 ,2528 ,55 ,118 ,141 ,151 ,268 ,476 ,698 ,432 ,178 ,11 ,0 ,2553 ,2553 ,48 ,99 ,106 ,104 ,194 ,398 ,706 ,478 ,365 ,54 ,1
경상남도 밀양시 삼랑진임천출장소(4827025100),1260 ,1260 ,16 ,42 ,121 ,75 ,92 ,184 ,314 ,252 ,139 ,25 ,0 ,628 ,628 ,4 ,25 ,68 ,44 ,59 ,102 ,153 ,123 ,47 ,3 ,0 ,632 ,632 ,12 ,17 ,53 ,31 ,33 ,82 ,161 ,129 ,92 ,22 ,0
경상남도 밀양시 하남읍(4827025300),6846 ,6846 ,216 ,376 ,392 ,380 ,723 ,1179 ,1694 ,1109 ,681 ,92 ,4 ,3419 ,3419 ,117 ,199 ,245 ,222 ,430 ,636 ,848 ,493 ,215 ,14 ,0 ,3427 ,3427 ,99 ,177 ,147 ,158 ,293 ,543 ,846 ,616 ,466 ,78 ,4
경상남도 밀양시 부북면(4827031000),5015 ,5015 ,102 ,190 ,316 ,267 ,441 ,876 ,1391 ,803 ,547 ,80 ,2 ,2621 ,2621 ,57 ,103 ,223 ,164 ,262 ,493 ,737 ,381 ,187 ,14 ,0 ,2394 ,2394 ,45 ,87 ,93 ,103 ,179 ,383 ,654 ,422 ,360 ,66 ,2
경상남도 밀양시 상동면(4827032000),3106 ,3106 ,51 ,78 ,124 ,148 ,192 ,483 ,991 ,614 ,348 ,76 ,1 ,1484 ,1484 ,23 ,42 ,72 ,82 ,120 ,251 ,484 ,294 ,101 ,15 ,0 ,1622 ,1622 ,28 ,36 ,52 ,66 ,72 ,232 ,507 ,320 ,247 ,61 ,1
경상남도 밀양시 산외면(4827033000),2785 ,2785 ,48 ,101 ,153 ,115 ,240 ,509 ,795 ,489 ,292 ,40 ,3 ,1422 ,1422 ,33 ,58 ,99 ,69 ,145 ,269 ,404 ,239 ,99 ,6 ,1 ,1363 ,1363 ,15 ,43 ,54 ,46 ,95 ,240 ,391 ,250 ,193 ,34 ,2
경상남도 밀양시 산내면(4827034000),3786 ,3786 ,59 ,166 ,166 ,146 ,277 ,698 ,1122 ,683 ,403 ,65 ,1 ,1947 ,1947 ,35 ,88 ,105 ,85 ,170 ,387 ,584 ,348 ,136 ,9 ,0 ,1839 ,1839 ,24 ,78 ,61 ,61 ,107 ,311 ,538 ,335 ,267 ,56 ,1
경상남도 밀양시 단장면(4827035000),4276 ,4276 ,59 ,123 ,161 ,235 ,295 ,760 ,1399 ,770 ,413 ,61 ,0 ,2116 ,2116 ,32 ,65 ,95 ,137 ,174 ,381 ,719 ,373 ,129 ,11 ,0 ,2160 ,2160 ,27 ,58 ,66 ,98 ,121 ,379 ,680 ,397 ,284 ,50 ,0
경상남도 밀양시 상남면(4827036000),7963 ,7963 ,339 ,464 ,548 ,515 ,920 ,1364 ,1842 ,1176 ,703 ,92 ,0 ,3989 ,3989 ,173 ,232 ,357 ,285 ,520 ,719 ,941 ,527 ,216 ,19 ,0 ,3974 ,3974 ,166 ,232 ,191 ,230 ,400 ,645 ,901 ,649 ,487 ,73 ,0
경상남도 밀양시 초동면(4827037000),3365 ,3365 ,54 ,120 ,136 ,159 ,252 ,553 ,960 ,657 ,418 ,55 ,1 ,1679 ,1679 ,25 ,66 ,73 ,93 ,157 ,325 ,469 ,324 ,140 ,7 ,0 ,1686 ,1686 ,29 ,54 ,63 ,66 ,95 ,228 ,491 ,333 ,278 ,48 ,1
경상남도 밀양시 무안면(4827038000),4830 ,4830 ,75 ,293 ,221 ,229 ,328 ,775 ,1332 ,850 ,636 ,90 ,1 ,2392 ,2392 ,44 ,179 ,120 ,140 ,173 ,429 ,691 ,391 ,209 ,16 ,0 ,2438 ,2438 ,31 ,114 ,101 ,89 ,155 ,346 ,641 ,459 ,427 ,74 ,1
경상남도 밀양시 청도면(4827039000),1736 ,1736 ,27 ,38 ,72 ,45 ,106 ,238 ,533 ,383 ,256 ,37 ,1 ,849 ,849 ,13 ,19 ,46 ,27 ,63 ,115 ,285 ,195 ,80 ,5 ,1 ,887 ,887 ,14 ,19 ,26 ,18 ,43 ,123 ,248 ,188 ,176 ,32 ,0
경상남도 밀양시 내일동(4827051000),2582 ,2582 ,52 ,139 ,185 ,187 ,257 ,454 ,609 ,442 ,231 ,26 ,0 ,1258 ,1258 ,27 ,71 ,117 ,101 ,137 ,228 ,298 ,197 ,76 ,6 ,0 ,1324 ,1324 ,25 ,68 ,68 ,86 ,120 ,226 ,311 ,245 ,155 ,20 ,0
경상남도 밀양시 내이동(4827052000),17452 ,17452 ,1420 ,1497 ,1931 ,2393 ,2685 ,2965 ,2684 ,1220 ,576 ,80 ,1 ,8678 ,8678 ,703 ,783 ,1071 ,1271 ,1379 ,1508 ,1246 ,515 ,185 ,17 ,0 ,8774 ,8774 ,717 ,714 ,860 ,1122 ,1306 ,1457 ,1438 ,705 ,391 ,63 ,1
경상남도 밀양시 삼문동(4827053000),19643 ,19643 ,1517 ,2520 ,1902 ,1773 ,3355 ,3394 ,2854 ,1467 ,753 ,107 ,1 ,9400 ,9400 ,762 ,1327 ,1058 ,874 ,1586 ,1594 ,1306 ,625 ,249 ,19 ,0 ,10243 ,10243 ,755 ,1193 ,844 ,899 ,1769 ,1800 ,1548 ,842 ,504 ,88 ,1
경상남도 밀양시 가곡동(4827054000),7603 ,7603 ,307 ,556 ,671 ,607 ,961 ,1330 ,1573 ,964 ,560 ,74 ,0 ,3581 ,3581 ,160 ,276 ,370 ,319 ,482 ,658 ,753 ,380 ,165 ,18 ,0 ,4022 ,4022 ,147 ,280 ,301 ,288 ,479 ,672 ,820 ,584 ,395 ,56 ,0
경상남도 밀양시 교동(4827055000),5391 ,5391 ,257 ,449 ,521 ,480 ,724 ,1056 ,1108 ,534 ,235 ,25 ,2 ,2605 ,2605 ,123 ,218 ,296 ,264 ,355 ,521 ,510 ,237 ,75 ,6 ,0 ,2786 ,2786 ,134 ,231 ,225 ,216 ,369 ,535 ,598 ,297 ,160 ,19 ,2
경상남도 거제시 (4831000000),235223 ,235223 ,20418 ,28103 ,20578 ,27952 ,46490 ,41548 ,30922 ,12529 ,5716 ,945 ,22 ,123059 ,123059 ,10562 ,14677 ,11764 ,14443 ,24925 ,22722 ,15811 ,6107 ,1872 ,171 ,5 ,112164 ,112164 ,9856 ,13426 ,8814 ,13509 ,21565 ,18826 ,15111 ,6422 ,3844 ,774 ,17
경상남도 거제시 일운면(4831031000),8080 ,8080 ,476 ,618 ,609 ,708 ,1223 ,1630 ,1656 ,704 ,382 ,74 ,0 ,4104 ,4104 ,245 ,312 ,354 ,364 ,644 ,859 ,848 ,345 ,122 ,11 ,0 ,3976 ,3976 ,231 ,306 ,255 ,344 ,579 ,771 ,808 ,359 ,260 ,63 ,0
경상남도 거제시 동부면(4831032000),3008 ,3008 ,62 ,121 ,165 ,188 ,283 ,575 ,801 ,487 ,284 ,42 ,0 ,1569 ,1569 ,34 ,69 ,101 ,113 ,171 ,309 ,426 ,236 ,102 ,8 ,0 ,1439 ,1439 ,28 ,52 ,64 ,75 ,112 ,266 ,375 ,251 ,182 ,34 ,0
경상남도 거제시 남부면(4831033000),1508 ,1508 ,16 ,57 ,63 ,69 ,125 ,295 ,416 ,279 ,159 ,28 ,1 ,767 ,767 ,8 ,33 ,43 ,44 ,66 ,172 ,223 ,124 ,51 ,3 ,0 ,741 ,741 ,8 ,24 ,20 ,25 ,59 ,123 ,193 ,155 ,108 ,25 ,1
경상남도 거제시 거제면(4831034000),7132 ,7132 ,329 ,538 ,474 ,498 ,914 ,1303 ,1533 ,885 ,550 ,107 ,1 ,3531 ,3531 ,163 ,277 ,264 ,253 ,501 ,694 ,766 ,417 ,180 ,16 ,0 ,3601 ,3601 ,166 ,261 ,210 ,245 ,413 ,609 ,767 ,468 ,370 ,91 ,1
경상남도 거제시 둔덕면(4831035000),2742 ,2742 ,42 ,109 ,191 ,122 ,244 ,491 ,747 ,473 ,275 ,46 ,2 ,1407 ,1407 ,22 ,61 ,123 ,72 ,149 ,271 ,377 ,235 ,81 ,16 ,0 ,1335 ,1335 ,20 ,48 ,68 ,50 ,95 ,220 ,370 ,238 ,194 ,30 ,2
경상남도 거제시 사등면(4831036000),11373 ,11373 ,1023 ,1188 ,755 ,1286 ,2158 ,1889 ,1693 ,885 ,418 ,76 ,2 ,5922 ,5922 ,518 ,617 ,435 ,646 ,1198 ,1043 ,875 ,432 ,144 ,14 ,0 ,5451 ,5451 ,505 ,571 ,320 ,640 ,960 ,846 ,818 ,453 ,274 ,62 ,2
경상남도 거제시 사등면가조출장소(4831036600),1051 ,1051 ,29 ,35 ,48 ,58 ,101 ,195 ,318 ,173 ,84 ,10 ,0 ,538 ,538 ,15 ,20 ,30 ,35 ,60 ,111 ,158 ,88 ,20 ,1 ,0 ,513 ,513 ,14 ,15 ,18 ,23 ,41 ,84 ,160 ,85 ,64 ,9 ,0
경상남도 거제시 연초면(4831037000),7751 ,7751 ,357 ,604 ,642 ,681 ,1213 ,1630 ,1547 ,653 ,354 ,69 ,1 ,4295 ,4295 ,185 ,337 ,401 ,395 ,709 ,958 ,851 ,325 ,120 ,14 ,0 ,3456 ,3456 ,172 ,267 ,241 ,286 ,504 ,672 ,696 ,328 ,234 ,55 ,1
경상남도 거제시 하청면(4831038000),3360 ,3360 ,136 ,249 ,216 ,227 ,423 ,596 ,761 ,438 ,259 ,54 ,1 ,1731 ,1731 ,66 ,148 ,106 ,122 ,251 ,329 ,381 ,228 ,93 ,7 ,0 ,1629 ,1629 ,70 ,101 ,110 ,105 ,172 ,267 ,380 ,210 ,166 ,47 ,1
경상남도 거제시 하청면칠천출장소(4831038500),1034 ,1034 ,20 ,23 ,33 ,52 ,91 ,184 ,279 ,206 ,118 ,27 ,1 ,529 ,529 ,11 ,14 ,18 ,29 ,54 ,115 ,151 ,93 ,41 ,3 ,0 ,505 ,505 ,9 ,9 ,15 ,23 ,37 ,69 ,128 ,113 ,77 ,24 ,1
경상남도 거제시 장목면(4831039000),2962 ,2962 ,54 ,88 ,164 ,149 ,317 ,536 ,719 ,540 ,336 ,54 ,5 ,1505 ,1505 ,32 ,50 ,100 ,84 ,209 ,302 ,369 ,254 ,96 ,7 ,2 ,1457 ,1457 ,22 ,38 ,64 ,65 ,108 ,234 ,350 ,286 ,240 ,47 ,3
경상남도 거제시 장목면외포출장소(4831039500),1333 ,1333 ,33 ,61 ,64 ,83 ,137 ,256 ,344 ,209 ,128 ,18 ,0 ,669 ,669 ,17 ,36 ,34 ,46 ,76 ,150 ,175 ,87 ,43 ,5 ,0 ,664 ,664 ,16 ,25 ,30 ,37 ,61 ,106 ,169 ,122 ,85 ,13 ,0
경상남도 거제시 장승포동(4831051000),5554 ,5554 ,255 ,560 ,597 ,480 ,974 ,1120 ,960 ,404 ,183 ,21 ,0 ,3023 ,3023 ,140 ,283 ,353 ,288 ,562 ,643 ,514 ,190 ,47 ,3 ,0 ,2531 ,2531 ,115 ,277 ,244 ,192 ,412 ,477 ,446 ,214 ,136 ,18 ,0
경상남도 거제시 능포동(4831053000),8811 ,8811 ,368 ,829 ,803 ,679 ,1410 ,1923 ,1770 ,710 ,272 ,46 ,1 ,4781 ,4781 ,210 ,447 ,479 ,378 ,809 ,1073 ,922 ,356 ,94 ,12 ,1 ,4030 ,4030 ,158 ,382 ,324 ,301 ,601 ,850 ,848 ,354 ,178 ,34 ,0
경상남도 거제시 아주동(4831054000),26319 ,26319 ,3556 ,3859 ,2118 ,4387 ,6565 ,3411 ,1708 ,508 ,183 ,24 ,0 ,14143 ,14143 ,1842 ,2016 ,1213 ,2249 ,3669 ,1983 ,869 ,249 ,47 ,6 ,0 ,12176 ,12176 ,1714 ,1843 ,905 ,2138 ,2896 ,1428 ,839 ,259 ,136 ,18 ,0
경상남도 거제시 옥포1동(4831055000),6839 ,6839 ,435 ,664 ,670 ,798 ,1273 ,1344 ,1135 ,391 ,111 ,18 ,0 ,3634 ,3634 ,239 ,352 ,385 ,435 ,714 ,730 ,545 ,192 ,37 ,5 ,0 ,3205 ,3205 ,196 ,312 ,285 ,363 ,559 ,614 ,590 ,199 ,74 ,13 ,0
경상남도 거제시 옥포2동(4831056000),25009 ,25009 ,1875 ,2941 ,2319 ,2821 ,4769 ,4887 ,3801 ,1164 ,383 ,47 ,2 ,13047 ,13047 ,985 ,1558 ,1292 ,1467 ,2572 ,2547 ,1895 ,602 ,124 ,5 ,0 ,11962 ,11962 ,890 ,1383 ,1027 ,1354 ,2197 ,2340 ,1906 ,562 ,259 ,42 ,2
경상남도 거제시 장평동(4831057000),20675 ,20675 ,1418 ,2073 ,2505 ,2918 ,4228 ,4355 ,2332 ,610 ,203 ,32 ,1 ,11681 ,11681 ,734 ,1108 ,1491 ,1794 ,2484 ,2480 ,1215 ,303 ,66 ,5 ,1 ,8994 ,8994 ,684 ,965 ,1014 ,1124 ,1744 ,1875 ,1117 ,307 ,137 ,27 ,0
경상남도 거제시 고현동(4831058000),34542 ,34542 ,2736 ,4346 ,3531 ,4235 ,6702 ,6360 ,4515 ,1512 ,537 ,67 ,1 ,17701 ,17701 ,1437 ,2219 ,1976 ,2164 ,3399 ,3341 ,2226 ,731 ,193 ,14 ,1 ,16841 ,16841 ,1299 ,2127 ,1555 ,2071 ,3303 ,3019 ,2289 ,781 ,344 ,53 ,0
경상남도 거제시 상문동(4831059000),33190 ,33190 ,4435 ,5286 ,2634 ,4856 ,7868 ,4871 ,2207 ,718 ,266 ,47 ,2 ,16816 ,16816 ,2217 ,2719 ,1448 ,2290 ,3972 ,2598 ,1121 ,343 ,100 ,8 ,0 ,16374 ,16374 ,2218 ,2567 ,1186 ,2566 ,3896 ,2273 ,1086 ,375 ,166 ,39 ,2
경상남도 거제시 수양동(4831060000),22950 ,22950 ,2763 ,3854 ,1977 ,2657 ,5472 ,3697 ,1680 ,580 ,231 ,38 ,1 ,11666 ,11666 ,1442 ,2001 ,1118 ,1175 ,2656 ,2014 ,904 ,277 ,71 ,8 ,0 ,11284 ,11284 ,1321 ,1853 ,859 ,1482 ,2816 ,1683 ,776 ,303 ,160 ,30 ,1
경상남도 양산시 (4833000000),354004 ,354004 ,29795 ,35507 ,35888 ,44875 ,61804 ,60246 ,50071 ,23583 ,10864 ,1335 ,36 ,177216 ,177216 ,15300 ,18160 ,19312 ,23174 ,31422 ,30213 ,24661 ,10799 ,3877 ,293 ,5 ,176788 ,176788 ,14495 ,17347 ,16576 ,21701 ,30382 ,30033 ,25410 ,12784 ,6987 ,1042 ,31
경상남도 양산시 물금읍(4833025300),119987 ,119987 ,13792 ,13868 ,12542 ,18576 ,23465 ,17544 ,12617 ,5181 ,2113 ,280 ,9 ,59274 ,59274 ,7058 ,7044 ,6312 ,9098 ,11819 ,8577 ,6145 ,2448 ,717 ,55 ,1 ,60713 ,60713 ,6734 ,6824 ,6230 ,9478 ,11646 ,8967 ,6472 ,2733 ,1396 ,225 ,8
경상남도 양산시 동면(4833031000),42135 ,42135 ,5064 ,3674 ,3523 ,7161 ,8120 ,5862 ,5448 ,2278 ,885 ,117 ,3 ,21308 ,21308 ,2613 ,1917 ,1871 ,3638 ,4275 ,2934 ,2557 ,1154 ,325 ,24 ,0 ,20827 ,20827 ,2451 ,1757 ,1652 ,3523 ,3845 ,2928 ,2891 ,1124 ,560 ,93 ,3
경상남도 양산시 원동면(4833032000),3324 ,3324 ,75 ,111 ,132 ,169 ,243 ,513 ,1032 ,649 ,351 ,48 ,1 ,1685 ,1685 ,43 ,54 ,77 ,101 ,139 ,279 ,531 ,334 ,119 ,8 ,0 ,1639 ,1639 ,32 ,57 ,55 ,68 ,104 ,234 ,501 ,315 ,232 ,40 ,1
경상남도 양산시 상북면(4833033000),12197 ,12197 ,417 ,716 ,1016 ,970 ,1395 ,2455 ,2913 ,1473 ,738 ,101 ,3 ,6221 ,6221 ,215 ,359 ,605 ,563 ,745 ,1281 ,1519 ,665 ,243 ,26 ,0 ,5976 ,5976 ,202 ,357 ,411 ,407 ,650 ,1174 ,1394 ,808 ,495 ,75 ,3
경상남도 양산시 하북면(4833034000),7936 ,7936 ,134 ,491 ,643 ,499 ,797 ,1663 ,2092 ,994 ,523 ,95 ,5 ,4112 ,4112 ,69 ,257 ,388 ,300 ,441 ,854 ,1098 ,502 ,186 ,17 ,0 ,3824 ,3824 ,65 ,234 ,255 ,199 ,356 ,809 ,994 ,492 ,337 ,78 ,5
경상남도 양산시 중앙동(4833051000),11069 ,11069 ,367 ,550 ,1174 ,1198 ,1363 ,2248 ,2496 ,1122 ,486 ,64 ,1 ,5868 ,5868 ,187 ,305 ,690 ,717 ,785 ,1209 ,1251 ,524 ,183 ,17 ,0 ,5201 ,5201 ,180 ,245 ,484 ,481 ,578 ,1039 ,1245 ,598 ,303 ,47 ,1
경상남도 양산시 양주동(4833051500),31759 ,31759 ,1901 ,3822 ,4068 ,2907 ,5246 ,6405 ,4057 ,2193 ,1057 ,101 ,2 ,15282 ,15282 ,991 ,1966 ,2169 ,1483 ,2335 ,3040 ,1944 ,905 ,422 ,26 ,1 ,16477 ,16477 ,910 ,1856 ,1899 ,1424 ,2911 ,3365 ,2113 ,1288 ,635 ,75 ,1
경상남도 양산시 삼성동(4833052000),21005 ,21005 ,1122 ,1583 ,2494 ,2808 ,3261 ,4218 ,3551 ,1284 ,598 ,84 ,2 ,11065 ,11065 ,609 ,815 ,1485 ,1651 ,1766 ,2084 ,1862 ,595 ,182 ,16 ,0 ,9940 ,9940 ,513 ,768 ,1009 ,1157 ,1495 ,2134 ,1689 ,689 ,416 ,68 ,2
경상남도 양산시 강서동(4833053000),8742 ,8742 ,533 ,992 ,953 ,887 ,1575 ,1601 ,1293 ,595 ,272 ,41 ,0 ,4387 ,4387 ,259 ,460 ,528 ,490 ,798 ,831 ,643 ,290 ,83 ,5 ,0 ,4355 ,4355 ,274 ,532 ,425 ,397 ,777 ,770 ,650 ,305 ,189 ,36 ,0
경상남도 양산시 서창동(4833054000),27747 ,27747 ,1809 ,3232 ,2854 ,2786 ,5117 ,5213 ,3992 ,1860 ,796 ,85 ,3 ,14494 ,14494 ,918 ,1698 ,1586 ,1554 ,2687 ,2821 ,2052 ,871 ,294 ,11 ,2 ,13253 ,13253 ,891 ,1534 ,1268 ,1232 ,2430 ,2392 ,1940 ,989 ,502 ,74 ,1
경상남도 양산시 소주동(4833055000),19885 ,19885 ,1132 ,1692 ,1939 ,1961 ,3245 ,3870 ,3330 ,1711 ,902 ,101 ,2 ,9903 ,9903 ,579 ,855 ,1064 ,1041 ,1662 ,1978 ,1657 ,736 ,307 ,24 ,0 ,9982 ,9982 ,553 ,837 ,875 ,920 ,1583 ,1892 ,1673 ,975 ,595 ,77 ,2
경상남도 양산시 평산동(4833056000),30111 ,30111 ,1896 ,3176 ,2845 ,2685 ,5104 ,5339 ,4517 ,2919 ,1479 ,149 ,2 ,14681 ,14681 ,988 ,1589 ,1603 ,1369 ,2547 ,2716 ,2081 ,1187 ,560 ,40 ,1 ,15430 ,15430 ,908 ,1587 ,1242 ,1316 ,2557 ,2623 ,2436 ,1732 ,919 ,109 ,1
경상남도 양산시 덕계동(4833057000),18107 ,18107 ,1553 ,1600 ,1705 ,2268 ,2873 ,3315 ,2733 ,1324 ,664 ,69 ,3 ,8936 ,8936 ,771 ,841 ,934 ,1169 ,1423 ,1609 ,1321 ,588 ,256 ,24 ,0 ,9171 ,9171 ,782 ,759 ,771 ,1099 ,1450 ,1706 ,1412 ,736 ,408 ,45 ,3
경상남도 양산시웅상출장소 (4833200000),0 ,0 ,0 ,0 ,0 ,0 ,0 ,0 ,0 ,0 ,0 ,0 ,0 ,0 ,0 ,0 ,0 ,0 ,0 ,0 ,0 ,0 ,0 ,0 ,0 ,0 ,0 ,0 ,0 ,0 ,0 ,0 ,0 ,0 ,0 ,0 ,0 ,0 ,0
경상남도 의령군 (4872000000),25861 ,25861 ,889 ,1367 ,1539 ,1547 ,2552 ,4304 ,6087 ,3819 ,3187 ,554 ,16 ,12832 ,12832 ,481 ,728 ,925 ,817 ,1458 ,2395 ,3271 ,1738 ,904 ,110 ,5 ,13029 ,13029 ,408 ,639 ,614 ,730 ,1094 ,1909 ,2816 ,2081 ,2283 ,444 ,11
경상남도 의령군 의령읍(4872025000),9255 ,9255 ,588 ,865 ,826 ,840 ,1408 ,1639 ,1553 ,916 ,552 ,67 ,1 ,4619 ,4619 ,312 ,466 ,474 ,405 ,737 ,882 ,756 ,413 ,160 ,13 ,1 ,4636 ,4636 ,276 ,399 ,352 ,435 ,671 ,757 ,797 ,503 ,392 ,54 ,0
경상남도 의령군 가례면(4872031000),1639 ,1639 ,24 ,43 ,70 ,71 ,123 ,263 ,479 ,285 ,239 ,41 ,1 ,817 ,817 ,13 ,22 ,41 ,38 ,79 ,159 ,273 ,129 ,57 ,6 ,0 ,822 ,822 ,11 ,21 ,29 ,33 ,44 ,104 ,206 ,156 ,182 ,35 ,1
경상남도 의령군 칠곡면(4872032000),1132 ,1132 ,11 ,24 ,47 ,53 ,81 ,189 ,327 ,196 ,168 ,34 ,2 ,551 ,551 ,5 ,14 ,33 ,34 ,49 ,91 ,174 ,94 ,47 ,9 ,1 ,581 ,581 ,6 ,10 ,14 ,19 ,32 ,98 ,153 ,102 ,121 ,25 ,1
경상남도 의령군 대의면(4872033000),1028 ,1028 ,34 ,37 ,47 ,44 ,67 ,158 ,269 ,175 ,158 ,39 ,0 ,508 ,508 ,15 ,20 ,34 ,23 ,44 ,97 ,141 ,85 ,45 ,4 ,0 ,520 ,520 ,19 ,17 ,13 ,21 ,23 ,61 ,128 ,90 ,113 ,35 ,0
경상남도 의령군 화정면(4872034000),1486 ,1486 ,27 ,43 ,72 ,62 ,111 ,283 ,380 ,256 ,220 ,32 ,0 ,739 ,739 ,17 ,20 ,44 ,33 ,66 ,163 ,208 ,115 ,64 ,9 ,0 ,747 ,747 ,10 ,23 ,28 ,29 ,45 ,120 ,172 ,141 ,156 ,23 ,0
경상남도 의령군 용덕면(4872035000),1478 ,1478 ,35 ,38 ,71 ,71 ,108 ,244 ,434 ,214 ,212 ,50 ,1 ,754 ,754 ,20 ,16 ,42 ,48 ,67 ,133 ,244 ,104 ,68 ,12 ,0 ,724 ,724 ,15 ,22 ,29 ,23 ,41 ,111 ,190 ,110 ,144 ,38 ,1
경상남도 의령군 정곡면(4872036000),1400 ,1400 ,28 ,38 ,52 ,51 ,101 ,227 ,384 ,251 ,224 ,44 ,0 ,686 ,686 ,16 ,17 ,30 ,31 ,62 ,141 ,210 ,109 ,57 ,13 ,0 ,714 ,714 ,12 ,21 ,22 ,20 ,39 ,86 ,174 ,142 ,167 ,31 ,0
경상남도 의령군 지정면(4872037000),1807 ,1807 ,22 ,50 ,73 ,71 ,119 ,289 ,523 ,348 ,269 ,41 ,2 ,921 ,921 ,11 ,28 ,44 ,40 ,75 ,155 ,297 ,180 ,82 ,8 ,1 ,886 ,886 ,11 ,22 ,29 ,31 ,44 ,134 ,226 ,168 ,187 ,33 ,1
경상남도 의령군 낙서면(4872038000),711 ,711 ,16 ,18 ,23 ,27 ,38 ,92 ,206 ,146 ,126 ,18 ,1 ,335 ,335 ,8 ,13 ,14 ,16 ,28 ,51 ,108 ,60 ,34 ,3 ,0 ,376 ,376 ,8 ,5 ,9 ,11 ,10 ,41 ,98 ,86 ,92 ,15 ,1
경상남도 의령군 부림면(4872039000),2717 ,2717 ,57 ,131 ,168 ,133 ,216 ,492 ,638 ,449 ,373 ,57 ,3 ,1319 ,1319 ,33 ,66 ,107 ,77 ,133 ,275 ,327 ,191 ,103 ,6 ,1 ,1398 ,1398 ,24 ,65 ,61 ,56 ,83 ,217 ,311 ,258 ,270 ,51 ,2
경상남도 의령군 봉수면(4872040000),977 ,977 ,28 ,26 ,32 ,56 ,58 ,123 ,257 ,192 ,168 ,35 ,2 ,509 ,509 ,20 ,15 ,24 ,37 ,46 ,70 ,154 ,89 ,50 ,4 ,0 ,468 ,468 ,8 ,11 ,8 ,19 ,12 ,53 ,103 ,103 ,118 ,31 ,2
경상남도 의령군 궁류면(4872041500),1118 ,1118 ,6 ,26 ,31 ,28 ,56 ,137 ,334 ,185 ,264 ,51 ,0 ,532 ,532 ,4 ,14 ,23 ,13 ,30 ,79 ,199 ,81 ,80 ,9 ,0 ,586 ,586 ,2 ,12 ,8 ,15 ,26 ,58 ,135 ,104 ,184 ,42 ,0
경상남도 의령군 유곡면(4872042000),1113 ,1113 ,13 ,28 ,27 ,40 ,66 ,168 ,303 ,206 ,214 ,45 ,3 ,542 ,542 ,7 ,17 ,15 ,22 ,42 ,99 ,180 ,88 ,57 ,14 ,1 ,571 ,571 ,6 ,11 ,12 ,18 ,24 ,69 ,123 ,118 ,157 ,31 ,2
경상남도 함안군 (4873000000),61011 ,61011 ,3040 ,5556 ,4527 ,4508 ,8373 ,10844 ,12225 ,6779 ,4430 ,720 ,9 ,31210 ,31210 ,1560 ,2947 ,2697 ,2388 ,4430 ,6012 ,6525 ,3151 ,1364 ,134 ,2 ,29801 ,29801 ,1480 ,2609 ,1830 ,2120 ,3943 ,4832 ,5700 ,3628 ,3066 ,586 ,7
경상남도 함안군 가야읍(4873025000),17664 ,17664 ,970 ,1801 ,1701 ,1570 ,2585 ,3324 ,3086 ,1546 ,928 ,149 ,4 ,8953 ,8953 ,518 ,970 ,1015 ,822 ,1311 ,1765 ,1555 ,689 ,278 ,29 ,1 ,8711 ,8711 ,452 ,831 ,686 ,748 ,1274 ,1559 ,1531 ,857 ,650 ,120 ,3
경상남도 함안군 칠원읍(4873025300),18583 ,18583 ,1423 ,2629 ,1431 ,1487 ,3557 ,3227 ,2768 ,1335 ,619 ,106 ,1 ,9436 ,9436 ,716 ,1349 ,816 ,721 ,1758 ,1750 ,1461 ,647 ,198 ,19 ,1 ,9147 ,9147 ,707 ,1280 ,615 ,766 ,1799 ,1477 ,1307 ,688 ,421 ,87 ,0
경상남도 함안군 함안면(4873031000),2380 ,2380 ,57 ,97 ,119 ,132 ,193 ,383 ,640 ,395 ,312 ,51 ,1 ,1215 ,1215 ,29 ,49 ,74 ,68 ,121 ,212 ,354 ,187 ,108 ,13 ,0 ,1165 ,1165 ,28 ,48 ,45 ,64 ,72 ,171 ,286 ,208 ,204 ,38 ,1
경상남도 함안군 군북면(4873032000),5814 ,5814 ,220 ,258 ,366 ,486 ,518 ,903 ,1402 ,859 ,686 ,115 ,1 ,3061 ,3061 ,107 ,145 ,249 ,292 ,332 ,551 ,754 ,409 ,204 ,18 ,0 ,2753 ,2753 ,113 ,113 ,117 ,194 ,186 ,352 ,648 ,450 ,482 ,97 ,1
경상남도 함안군 법수면(4873033000),2772 ,2772 ,51 ,82 ,136 ,109 ,231 ,502 ,780 ,472 ,362 ,47 ,0 ,1432 ,1432 ,30 ,48 ,80 ,69 ,153 ,306 ,422 ,208 ,108 ,8 ,0 ,1340 ,1340 ,21 ,34 ,56 ,40 ,78 ,196 ,358 ,264 ,254 ,39 ,0
경상남도 함안군 대산면(4873034000),3295 ,3295 ,40 ,130 ,147 ,133 ,238 ,534 ,871 ,645 ,475 ,81 ,1 ,1665 ,1665 ,18 ,79 ,94 ,82 ,139 ,319 ,488 ,289 ,142 ,15 ,0 ,1630 ,1630 ,22 ,51 ,53 ,51 ,99 ,215 ,383 ,356 ,333 ,66 ,1
경상남도 함안군 칠서면(4873035000),5102 ,5102 ,195 ,398 ,354 ,337 ,637 ,1034 ,1070 ,613 ,400 ,64 ,0 ,2686 ,2686 ,96 ,221 ,205 ,185 ,368 ,594 ,597 ,283 ,123 ,14 ,0 ,2416 ,2416 ,99 ,177 ,149 ,152 ,269 ,440 ,473 ,330 ,277 ,50 ,0
경상남도 함안군 칠북면(4873036000),1853 ,1853 ,21 ,45 ,78 ,70 ,132 ,305 ,546 ,345 ,281 ,30 ,0 ,964 ,964 ,10 ,24 ,45 ,45 ,83 ,190 ,301 ,164 ,96 ,6 ,0 ,889 ,889 ,11 ,21 ,33 ,25 ,49 ,115 ,245 ,181 ,185 ,24 ,0
경상남도 함안군 산인면(4873038000),2660 ,2660 ,55 ,96 ,158 ,155 ,224 ,493 ,751 ,408 ,265 ,54 ,1 ,1334 ,1334 ,30 ,49 ,101 ,87 ,126 ,247 ,418 ,194 ,72 ,10 ,0 ,1326 ,1326 ,25 ,47 ,57 ,68 ,98 ,246 ,333 ,214 ,193 ,44 ,1
경상남도 함안군 여항면(4873039000),888 ,888 ,8 ,20 ,37 ,29 ,58 ,139 ,311 ,161 ,102 ,23 ,0 ,464 ,464 ,6 ,13 ,18 ,17 ,39 ,78 ,175 ,81 ,35 ,2 ,0 ,424 ,424 ,2 ,7 ,19 ,12 ,19 ,61 ,136 ,80 ,67 ,21 ,0
경상남도 창녕군 (4874000000),57928 ,57928 ,2448 ,3840 ,3646 ,4181 ,6426 ,9989 ,13170 ,8017 ,5390 ,807 ,14 ,28947 ,28947 ,1260 ,2011 ,2166 ,2346 ,3567 ,5425 ,6686 ,3692 ,1647 ,146 ,1 ,28981 ,28981 ,1188 ,1829 ,1480 ,1835 ,2859 ,4564 ,6484 ,4325 ,3743 ,661 ,13
경상남도 창녕군 창녕읍(4874025000),15996 ,15996 ,1050 ,1435 ,1353 ,1586 ,2207 ,2743 ,2918 ,1623 ,933 ,148 ,0 ,7961 ,7961 ,554 ,729 ,771 ,838 ,1159 ,1436 ,1415 ,730 ,293 ,36 ,0 ,8035 ,8035 ,496 ,706 ,582 ,748 ,1048 ,1307 ,1503 ,893 ,640 ,112 ,0
경상남도 창녕군 남지읍(4874025300),11782 ,11782 ,731 ,1023 ,721 ,942 ,1671 ,2026 ,2407 ,1319 ,809 ,130 ,3 ,5897 ,5897 ,376 ,546 ,421 ,500 ,907 ,1099 ,1185 ,592 ,240 ,30 ,1 ,5885 ,5885 ,355 ,477 ,300 ,442 ,764 ,927 ,1222 ,727 ,569 ,100 ,2
경상남도 창녕군 고암면(4874031000),1764 ,1764 ,44 ,67 ,81 ,79 ,99 ,286 ,462 ,322 ,273 ,50 ,1 ,879 ,879 ,21 ,33 ,46 ,41 ,61 ,160 ,268 ,152 ,90 ,7 ,0 ,885 ,885 ,23 ,34 ,35 ,38 ,38 ,126 ,194 ,170 ,183 ,43 ,1
경상남도 창녕군 성산면(4874032000),1553 ,1553 ,28 ,27 ,57 ,83 ,99 ,264 ,467 ,284 ,206 ,38 ,0 ,738 ,738 ,8 ,16 ,32 ,50 ,61 ,131 ,242 ,135 ,59 ,4 ,0 ,815 ,815 ,20 ,11 ,25 ,33 ,38 ,133 ,225 ,149 ,147 ,34 ,0
경상남도 창녕군 대합면(4874033000),3681 ,3681 ,76 ,150 ,191 ,215 ,323 ,668 ,881 ,623 ,493 ,61 ,0 ,1876 ,1876 ,38 ,95 ,129 ,130 ,191 ,398 ,457 ,280 ,151 ,7 ,0 ,1805 ,1805 ,38 ,55 ,62 ,85 ,132 ,270 ,424 ,343 ,342 ,54 ,0
경상남도 창녕군 이방면(4874034000),2373 ,2373 ,48 ,262 ,90 ,103 ,156 ,332 ,593 ,405 ,341 ,42 ,1 ,1125 ,1125 ,26 ,93 ,53 ,62 ,100 ,184 ,303 ,186 ,111 ,7 ,0 ,1248 ,1248 ,22 ,169 ,37 ,41 ,56 ,148 ,290 ,219 ,230 ,35 ,1
경상남도 창녕군 유어면(4874035000),1715 ,1715 ,39 ,43 ,77 ,75 ,126 ,250 ,446 ,358 ,265 ,34 ,2 ,844 ,844 ,23 ,24 ,43 ,49 ,79 ,150 ,231 ,162 ,75 ,8 ,0 ,871 ,871 ,16 ,19 ,34 ,26 ,47 ,100 ,215 ,196 ,190 ,26 ,2
경상남도 창녕군 대지면(4874036000),2387 ,2387 ,92 ,167 ,138 ,147 ,268 ,401 ,514 ,360 ,255 ,41 ,4 ,1238 ,1238 ,42 ,105 ,84 ,84 ,160 ,247 ,266 ,162 ,81 ,7 ,0 ,1149 ,1149 ,50 ,62 ,54 ,63 ,108 ,154 ,248 ,198 ,174 ,34 ,4
경상남도 창녕군 계성면(4874037000),2202 ,2202 ,38 ,64 ,115 ,132 ,167 ,412 ,544 ,387 ,299 ,44 ,0 ,1110 ,1110 ,15 ,29 ,79 ,87 ,102 ,233 ,294 ,168 ,99 ,4 ,0 ,1092 ,1092 ,23 ,35 ,36 ,45 ,65 ,179 ,250 ,219 ,200 ,40 ,0
경상남도 창녕군 영산면(4874038000),5103 ,5103 ,118 ,295 ,356 ,341 ,554 ,953 ,1262 ,724 ,445 ,54 ,1 ,2583 ,2583 ,55 ,159 ,225 ,215 ,307 ,504 ,646 ,329 ,132 ,11 ,0 ,2520 ,2520 ,63 ,136 ,131 ,126 ,247 ,449 ,616 ,395 ,313 ,43 ,1
경상남도 창녕군 장마면(4874039000),1836 ,1836 ,32 ,51 ,87 ,87 ,134 ,298 ,478 ,352 ,281 ,35 ,1 ,921 ,921 ,22 ,35 ,58 ,50 ,85 ,166 ,248 ,166 ,85 ,6 ,0 ,915 ,915 ,10 ,16 ,29 ,37 ,49 ,132 ,230 ,186 ,196 ,29 ,1
경상남도 창녕군 도천면(4874040000),2607 ,2607 ,69 ,104 ,150 ,145 ,231 ,486 ,699 ,409 ,272 ,42 ,0 ,1318 ,1318 ,39 ,57 ,87 ,92 ,131 ,256 ,371 ,195 ,84 ,6 ,0 ,1289 ,1289 ,30 ,47 ,63 ,53 ,100 ,230 ,328 ,214 ,188 ,36 ,0
경상남도 창녕군 길곡면(4874041000),1468 ,1468 ,14 ,47 ,57 ,62 ,114 ,254 ,441 ,284 ,163 ,31 ,1 ,743 ,743 ,9 ,28 ,38 ,40 ,71 ,128 ,225 ,156 ,43 ,5 ,0 ,725 ,725 ,5 ,19 ,19 ,22 ,43 ,126 ,216 ,128 ,120 ,26 ,1
경상남도 창녕군 부곡면(4874042000),3461 ,3461 ,69 ,105 ,173 ,184 ,277 ,616 ,1058 ,567 ,355 ,57 ,0 ,1714 ,1714 ,32 ,62 ,100 ,108 ,153 ,333 ,535 ,279 ,104 ,8 ,0 ,1747 ,1747 ,37 ,43 ,73 ,76 ,124 ,283 ,523 ,288 ,251 ,49 ,0
경상남도 고성군 (4882000000),50025 ,50025 ,1883 ,3983 ,3416 ,3087 ,5861 ,8819 ,10686 ,6911 ,4571 ,798 ,10 ,25179 ,25179 ,928 ,2200 ,2022 ,1690 ,3216 ,4867 ,5439 ,3216 ,1456 ,143 ,2 ,24846 ,24846 ,955 ,1783 ,1394 ,1397 ,2645 ,3952 ,5247 ,3695 ,3115 ,655 ,8
경상남도 고성군 고성읍(4882025000),23646 ,23646 ,1345 ,2644 ,2066 ,1863 ,3536 ,4323 ,4102 ,2326 ,1248 ,192 ,1 ,11857 ,11857 ,674 ,1474 ,1217 ,957 ,1818 ,2303 ,1952 ,1034 ,389 ,38 ,1 ,11789 ,11789 ,671 ,1170 ,849 ,906 ,1718 ,2020 ,2150 ,1292 ,859 ,154 ,0
경상남도 고성군 삼산면(4882031000),1751 ,1751 ,28 ,78 ,70 ,78 ,150 ,271 ,482 ,342 ,216 ,36 ,0 ,914 ,914 ,13 ,51 ,51 ,55 ,88 ,163 ,254 ,169 ,67 ,3 ,0 ,837 ,837 ,15 ,27 ,19 ,23 ,62 ,108 ,228 ,173 ,149 ,33 ,0
경상남도 고성군 하일면(4882032000),1819 ,1819 ,25 ,100 ,78 ,70 ,124 ,277 ,451 ,398 ,257 ,39 ,0 ,890 ,890 ,12 ,48 ,46 ,41 ,82 ,156 ,238 ,175 ,84 ,8 ,0 ,929 ,929 ,13 ,52 ,32 ,29 ,42 ,121 ,213 ,223 ,173 ,31 ,0
경상남도 고성군 하이면(4882033000),2613 ,2613 ,75 ,164 ,185 ,147 ,279 ,441 ,621 ,400 ,257 ,43 ,1 ,1348 ,1348 ,38 ,88 ,114 ,85 ,162 ,232 ,327 ,197 ,97 ,8 ,0 ,1265 ,1265 ,37 ,76 ,71 ,62 ,117 ,209 ,294 ,203 ,160 ,35 ,1
경상남도 고성군 상리면(4882034000),1593 ,1593 ,12 ,62 ,67 ,73 ,121 ,260 ,414 ,305 ,236 ,42 ,1 ,806 ,806 ,6 ,37 ,47 ,43 ,71 ,146 ,220 ,149 ,78 ,9 ,0 ,787 ,787 ,6 ,25 ,20 ,30 ,50 ,114 ,194 ,156 ,158 ,33 ,1
경상남도 고성군 대가면(4882035000),1648 ,1648 ,30 ,50 ,61 ,56 ,129 ,253 ,473 ,294 ,235 ,66 ,1 ,847 ,847 ,18 ,27 ,35 ,35 ,73 ,149 ,267 ,150 ,77 ,15 ,1 ,801 ,801 ,12 ,23 ,26 ,21 ,56 ,104 ,206 ,144 ,158 ,51 ,0
경상남도 고성군 영현면(4882036000),868 ,868 ,13 ,21 ,46 ,32 ,50 ,109 ,229 ,182 ,161 ,23 ,2 ,404 ,404 ,6 ,11 ,24 ,19 ,27 ,63 ,123 ,81 ,46 ,4 ,0 ,464 ,464 ,7 ,10 ,22 ,13 ,23 ,46 ,106 ,101 ,115 ,19 ,2
경상남도 고성군 영오면(4882037000),1408 ,1408 ,40 ,50 ,80 ,68 ,103 ,239 ,366 ,217 ,201 ,44 ,0 ,704 ,704 ,12 ,28 ,54 ,43 ,63 ,134 ,198 ,104 ,62 ,6 ,0 ,704 ,704 ,28 ,22 ,26 ,25 ,40 ,105 ,168 ,113 ,139 ,38 ,0
경상남도 고성군 개천면(4882038000),1105 ,1105 ,19 ,55 ,50 ,32 ,80 ,159 ,297 ,193 ,182 ,37 ,1 ,551 ,551 ,9 ,33 ,26 ,20 ,55 ,91 ,155 ,97 ,60 ,5 ,0 ,554 ,554 ,10 ,22 ,24 ,12 ,25 ,68 ,142 ,96 ,122 ,32 ,1
경상남도 고성군 구만면(4882039000),1006 ,1006 ,26 ,29 ,43 ,36 ,61 ,156 ,273 ,197 ,149 ,36 ,0 ,498 ,498 ,9 ,15 ,25 ,20 ,42 ,90 ,159 ,87 ,45 ,6 ,0 ,508 ,508 ,17 ,14 ,18 ,16 ,19 ,66 ,114 ,110 ,104 ,30 ,0
경상남도 고성군 회화면(4882040000),3493 ,3493 ,108 ,298 ,195 ,208 ,343 ,615 ,822 ,538 ,317 ,49 ,0 ,1730 ,1730 ,52 ,154 ,109 ,109 ,185 ,324 ,416 ,267 ,106 ,8 ,0 ,1763 ,1763 ,56 ,144 ,86 ,99 ,158 ,291 ,406 ,271 ,211 ,41 ,0
경상남도 고성군 마암면(4882041000),1708 ,1708 ,17 ,43 ,59 ,62 ,143 ,324 ,421 ,336 ,253 ,49 ,1 ,844 ,844 ,10 ,18 ,31 ,39 ,90 ,183 ,226 ,154 ,85 ,8 ,0 ,864 ,864 ,7 ,25 ,28 ,23 ,53 ,141 ,195 ,182 ,168 ,41 ,1
경상남도 고성군 동해면(4882042000),3085 ,3085 ,40 ,132 ,168 ,129 ,256 ,569 ,786 ,548 ,391 ,65 ,1 ,1599 ,1599 ,14 ,77 ,98 ,76 ,181 ,346 ,420 ,264 ,114 ,9 ,0 ,1486 ,1486 ,26 ,55 ,70 ,53 ,75 ,223 ,366 ,284 ,277 ,56 ,1
경상남도 고성군 거류면(4882043000),4282 ,4282 ,105 ,257 ,248 ,233 ,486 ,823 ,949 ,635 ,468 ,77 ,1 ,2187 ,2187 ,55 ,139 ,145 ,148 ,279 ,487 ,484 ,288 ,146 ,16 ,0 ,2095 ,2095 ,50 ,118 ,103 ,85 ,207 ,336 ,465 ,347 ,322 ,61 ,1
경상남도 남해군 (4884000000),41394 ,41394 ,1402 ,2682 ,2693 ,2240 ,4040 ,6740 ,8934 ,6588 ,5042 ,1018 ,15 ,20137 ,20137 ,730 ,1482 ,1688 ,1185 ,2129 ,3688 ,4487 ,3001 ,1563 ,184 ,0 ,21257 ,21257 ,672 ,1200 ,1005 ,1055 ,1911 ,3052 ,4447 ,3587 ,3479 ,834 ,15
경상남도 남해군 남해읍(4884025000),12825 ,12825 ,763 ,1320 ,1387 ,1053 ,1724 ,2177 ,2159 ,1269 ,803 ,167 ,3 ,6305 ,6305 ,387 ,694 ,871 ,526 ,820 ,1113 ,1043 ,572 ,251 ,28 ,0 ,6520 ,6520 ,376 ,626 ,516 ,527 ,904 ,1064 ,1116 ,697 ,552 ,139 ,3
경상남도 남해군 이동면(4884031000),3668 ,3668 ,63 ,275 ,159 ,126 ,293 ,575 ,842 ,698 ,538 ,98 ,1 ,1776 ,1776 ,29 ,184 ,88 ,80 ,148 ,329 ,425 ,308 ,162 ,23 ,0 ,1892 ,1892 ,34 ,91 ,71 ,46 ,145 ,246 ,417 ,390 ,376 ,75 ,1
경상남도 남해군 상주면(4884032000),1625 ,1625 ,48 ,111 ,80 ,79 ,143 ,274 ,359 ,244 ,242 ,45 ,0 ,802 ,802 ,28 ,57 ,55 ,40 ,76 ,155 ,192 ,111 ,80 ,8 ,0 ,823 ,823 ,20 ,54 ,25 ,39 ,67 ,119 ,167 ,133 ,162 ,37 ,0
경상남도 남해군 삼동면(4884033000),3804 ,3804 ,106 ,186 ,165 ,185 ,339 ,595 ,903 ,672 ,533 ,120 ,0 ,1858 ,1858 ,57 ,110 ,97 ,92 ,186 ,346 ,455 ,317 ,174 ,24 ,0 ,1946 ,1946 ,49 ,76 ,68 ,93 ,153 ,249 ,448 ,355 ,359 ,96 ,0
경상남도 남해군 미조면(4884034000),2133 ,2133 ,58 ,122 ,142 ,110 ,197 ,405 ,539 ,344 ,183 ,32 ,1 ,1111 ,1111 ,30 ,63 ,99 ,65 ,113 ,223 ,282 ,163 ,66 ,7 ,0 ,1022 ,1022 ,28 ,59 ,43 ,45 ,84 ,182 ,257 ,181 ,117 ,25 ,1
경상남도 남해군 남면(4884035000),3355 ,3355 ,58 ,134 ,147 ,134 ,276 ,567 ,742 ,658 ,539 ,95 ,5 ,1617 ,1617 ,32 ,79 ,94 ,79 ,155 ,327 ,372 ,302 ,163 ,14 ,0 ,1738 ,1738 ,26 ,55 ,53 ,55 ,121 ,240 ,370 ,356 ,376 ,81 ,5
경상남도 남해군 서면(4884036000),2474 ,2474 ,45 ,80 ,94 ,83 ,177 ,371 ,570 ,466 ,484 ,103 ,1 ,1206 ,1206 ,29 ,46 ,71 ,50 ,112 ,218 ,299 ,213 ,152 ,16 ,0 ,1268 ,1268 ,16 ,34 ,23 ,33 ,65 ,153 ,271 ,253 ,332 ,87 ,1
경상남도 남해군 고현면(4884037000),3354 ,3354 ,96 ,156 ,142 ,161 ,268 ,515 ,748 ,631 ,511 ,126 ,0 ,1591 ,1591 ,52 ,92 ,86 ,87 ,149 ,289 ,362 ,285 ,164 ,25 ,0 ,1763 ,1763 ,44 ,64 ,56 ,74 ,119 ,226 ,386 ,346 ,347 ,101 ,0
경상남도 남해군 설천면(4884038000),2741 ,2741 ,54 ,80 ,123 ,91 ,170 ,403 ,698 ,542 ,469 ,108 ,3 ,1296 ,1296 ,28 ,37 ,81 ,49 ,94 ,216 ,362 ,272 ,138 ,19 ,0 ,1445 ,1445 ,26 ,43 ,42 ,42 ,76 ,187 ,336 ,270 ,331 ,89 ,3
경상남도 남해군 창선면(4884039000),5415 ,5415 ,111 ,218 ,254 ,218 ,453 ,858 ,1374 ,1064 ,740 ,124 ,1 ,2575 ,2575 ,58 ,120 ,146 ,117 ,276 ,472 ,695 ,458 ,213 ,20 ,0 ,2840 ,2840 ,53 ,98 ,108 ,101 ,177 ,386 ,679 ,606 ,527 ,104 ,1
경상남도 하동군 (4885000000),42194 ,42194 ,1393 ,2492 ,2632 ,2332 ,4084 ,7631 ,9852 ,6237 ,4662 ,862 ,17 ,21129 ,21129 ,715 ,1361 ,1561 ,1283 ,2260 ,4208 ,5200 ,2886 ,1489 ,165 ,1 ,21065 ,21065 ,678 ,1131 ,1071 ,1049 ,1824 ,3423 ,4652 ,3351 ,3173 ,697 ,16
경상남도 하동군 하동읍(4885025000),9504 ,9504 ,453 ,800 ,822 ,749 ,1181 ,1753 ,1824 ,1136 ,697 ,87 ,2 ,4675 ,4675 ,230 ,421 ,450 ,385 ,591 ,939 ,919 ,509 ,213 ,18 ,0 ,4829 ,4829 ,223 ,379 ,372 ,364 ,590 ,814 ,905 ,627 ,484 ,69 ,2
경상남도 하동군 화개면(4885031000),2952 ,2952 ,64 ,159 ,186 ,120 ,283 ,664 ,709 ,438 ,287 ,41 ,1 ,1483 ,1483 ,36 ,85 ,107 ,61 ,139 ,365 ,380 ,194 ,104 ,12 ,0 ,1469 ,1469 ,28 ,74 ,79 ,59 ,144 ,299 ,329 ,244 ,183 ,29 ,1
경상남도 하동군 악양면(4885032000),3440 ,3440 ,87 ,162 ,187 ,144 ,291 ,656 ,845 ,543 ,435 ,90 ,0 ,1722 ,1722 ,47 ,94 ,129 ,78 ,168 ,339 ,452 ,248 ,153 ,14 ,0 ,1718 ,1718 ,40 ,68 ,58 ,66 ,123 ,317 ,393 ,295 ,282 ,76 ,0
경상남도 하동군 적량면(4885033000),1863 ,1863 ,48 ,91 ,90 ,88 ,143 ,300 ,487 ,297 ,272 ,46 ,1 ,921 ,921 ,28 ,53 ,46 ,51 ,81 ,171 ,265 ,139 ,75 ,12 ,0 ,942 ,942 ,20 ,38 ,44 ,37 ,62 ,129 ,222 ,158 ,197 ,34 ,1
경상남도 하동군 횡천면(4885034000),1814 ,1814 ,40 ,66 ,74 ,84 ,134 ,280 ,499 ,301 ,281 ,55 ,0 ,892 ,892 ,18 ,34 ,44 ,48 ,83 ,146 ,269 ,152 ,88 ,10 ,0 ,922 ,922 ,22 ,32 ,30 ,36 ,51 ,134 ,230 ,149 ,193 ,45 ,0
경상남도 하동군 고전면(4885035000),2075 ,2075 ,35 ,96 ,106 ,85 ,172 ,342 ,532 ,351 ,276 ,80 ,0 ,1025 ,1025 ,19 ,42 ,64 ,56 ,102 ,191 ,284 ,165 ,91 ,11 ,0 ,1050 ,1050 ,16 ,54 ,42 ,29 ,70 ,151 ,248 ,186 ,185 ,69 ,0
경상남도 하동군 금남면(4885036000),3250 ,3250 ,63 ,150 ,161 ,154 ,258 ,568 ,835 ,573 ,401 ,83 ,4 ,1669 ,1669 ,31 ,76 ,112 ,100 ,158 ,332 ,444 ,263 ,134 ,19 ,0 ,1581 ,1581 ,32 ,74 ,49 ,54 ,100 ,236 ,391 ,310 ,267 ,64 ,4
경상남도 하동군 진교면(4885037000),5709 ,5709 ,268 ,416 ,387 ,349 ,661 ,988 ,1229 ,738 ,551 ,120 ,2 ,2844 ,2844 ,124 ,240 ,229 ,179 ,360 ,529 ,629 ,344 ,185 ,25 ,0 ,2865 ,2865 ,144 ,176 ,158 ,170 ,301 ,459 ,600 ,394 ,366 ,95 ,2
경상남도 하동군 양보면(4885038000),1649 ,1649 ,24 ,52 ,67 ,59 ,102 ,261 ,425 ,308 ,287 ,64 ,0 ,815 ,815 ,15 ,22 ,44 ,39 ,58 ,147 ,228 ,147 ,106 ,9 ,0 ,834 ,834 ,9 ,30 ,23 ,20 ,44 ,114 ,197 ,161 ,181 ,55 ,0
경상남도 하동군 북천면(4885039000),1602 ,1602 ,45 ,63 ,67 ,71 ,120 ,264 ,400 ,282 ,246 ,44 ,0 ,783 ,783 ,22 ,34 ,37 ,38 ,66 ,155 ,222 ,133 ,69 ,7 ,0 ,819 ,819 ,23 ,29 ,30 ,33 ,54 ,109 ,178 ,149 ,177 ,37 ,0
경상남도 하동군 청암면(4885040000),1376 ,1376 ,50 ,80 ,58 ,68 ,95 ,240 ,406 ,221 ,130 ,27 ,1 ,724 ,724 ,27 ,53 ,34 ,34 ,57 ,137 ,219 ,117 ,41 ,5 ,0 ,652 ,652 ,23 ,27 ,24 ,34 ,38 ,103 ,187 ,104 ,89 ,22 ,1
경상남도 하동군 옥종면(4885041000),4156 ,4156 ,124 ,223 ,188 ,205 ,337 ,776 ,1049 ,649 ,509 ,91 ,5 ,2105 ,2105 ,66 ,122 ,113 ,115 ,201 ,438 ,577 ,302 ,153 ,17 ,1 ,2051 ,2051 ,58 ,101 ,75 ,90 ,136 ,338 ,472 ,347 ,356 ,74 ,4
경상남도 하동군 금성면(4885042000),2804 ,2804 ,92 ,134 ,239 ,156 ,307 ,539 ,612 ,400 ,290 ,34 ,1 ,1471 ,1471 ,52 ,85 ,152 ,99 ,196 ,319 ,312 ,173 ,77 ,6 ,0 ,1333 ,1333 ,40 ,49 ,87 ,57 ,111 ,220 ,300 ,227 ,213 ,28 ,1
경상남도 산청군 (4886000000),34181 ,34181 ,1064 ,1920 ,2056 ,1853 ,3098 ,6057 ,8228 ,5240 ,3991 ,656 ,18 ,16961 ,16961 ,556 ,1048 ,1178 ,1020 ,1683 ,3313 ,4328 ,2481 ,1239 ,111 ,4 ,17220 ,17220 ,508 ,872 ,878 ,833 ,1415 ,2744 ,3900 ,2759 ,2752 ,545 ,14
경상남도 산청군 산청읍(4886025000),6762 ,6762 ,322 ,550 ,568 ,561 ,778 ,1127 ,1279 ,875 ,592 ,105 ,5 ,3290 ,3290 ,160 ,296 ,300 ,294 ,386 ,586 ,666 ,405 ,183 ,12 ,2 ,3472 ,3472 ,162 ,254 ,268 ,267 ,392 ,541 ,613 ,470 ,409 ,93 ,3
경상남도 산청군 차황면(4886031000),1378 ,1378 ,36 ,38 ,43 ,48 ,94 ,234 ,362 ,263 ,225 ,34 ,1 ,688 ,688 ,22 ,23 ,22 ,33 ,51 ,138 ,199 ,131 ,61 ,7 ,1 ,690 ,690 ,14 ,15 ,21 ,15 ,43 ,96 ,163 ,132 ,164 ,27 ,0
경상남도 산청군 오부면(4886032000),1041 ,1041 ,26 ,46 ,42 ,34 ,84 ,149 ,224 ,196 ,200 ,38 ,2 ,513 ,513 ,11 ,28 ,22 ,17 ,57 ,94 ,122 ,87 ,64 ,11 ,0 ,528 ,528 ,15 ,18 ,20 ,17 ,27 ,55 ,102 ,109 ,136 ,27 ,2
경상남도 산청군 생초면(4886033000),1947 ,1947 ,41 ,91 ,91 ,64 ,117 ,279 ,498 ,374 ,339 ,52 ,1 ,955 ,955 ,24 ,64 ,55 ,40 ,68 ,171 ,260 ,152 ,110 ,10 ,1 ,992 ,992 ,17 ,27 ,36 ,24 ,49 ,108 ,238 ,222 ,229 ,42 ,0
경상남도 산청군 금서면(4886034000),2819 ,2819 ,68 ,141 ,142 ,156 ,232 ,494 ,652 ,450 ,414 ,66 ,4 ,1401 ,1401 ,45 ,74 ,89 ,92 ,127 ,287 ,336 ,208 ,131 ,12 ,0 ,1418 ,1418 ,23 ,67 ,53 ,64 ,105 ,207 ,316 ,242 ,283 ,54 ,4
경상남도 산청군 삼장면(4886035000),1813 ,1813 ,24 ,59 ,95 ,65 ,114 ,354 ,497 ,328 ,252 ,24 ,1 ,898 ,898 ,16 ,35 ,58 ,44 ,64 ,190 ,257 ,146 ,85 ,3 ,0 ,915 ,915 ,8 ,24 ,37 ,21 ,50 ,164 ,240 ,182 ,167 ,21 ,1
경상남도 산청군 시천면(4886036000),4021 ,4021 ,81 ,239 ,239 ,192 ,360 ,846 ,1045 ,557 ,400 ,62 ,0 ,2013 ,2013 ,41 ,135 ,140 ,95 ,188 ,452 ,538 ,269 ,140 ,15 ,0 ,2008 ,2008 ,40 ,104 ,99 ,97 ,172 ,394 ,507 ,288 ,260 ,47 ,0
경상남도 산청군 단성면(4886037000),5696 ,5696 ,135 ,193 ,283 ,274 ,476 ,1086 ,1574 ,933 ,629 ,109 ,4 ,2895 ,2895 ,71 ,105 ,177 ,157 ,277 ,583 ,841 ,458 ,211 ,15 ,0 ,2801 ,2801 ,64 ,88 ,106 ,117 ,199 ,503 ,733 ,475 ,418 ,94 ,4
경상남도 산청군 신안면(4886038000),5548 ,5548 ,278 ,438 ,421 ,354 ,609 ,999 ,1276 ,641 ,453 ,79 ,0 ,2740 ,2740 ,144 ,216 ,240 ,187 ,311 ,513 ,669 ,318 ,132 ,10 ,0 ,2808 ,2808 ,134 ,222 ,181 ,167 ,298 ,486 ,607 ,323 ,321 ,69 ,0
경상남도 산청군 생비량면(4886039000),1128 ,1128 ,22 ,43 ,31 ,49 ,81 ,155 ,304 ,235 ,171 ,37 ,0 ,546 ,546 ,10 ,21 ,18 ,31 ,53 ,92 ,156 ,115 ,45 ,5 ,0 ,582 ,582 ,12 ,22 ,13 ,18 ,28 ,63 ,148 ,120 ,126 ,32 ,0
경상남도 산청군 신등면(4886040000),2028 ,2028 ,31 ,82 ,101 ,56 ,153 ,334 ,517 ,388 ,316 ,50 ,0 ,1022 ,1022 ,12 ,51 ,57 ,30 ,101 ,207 ,284 ,192 ,77 ,11 ,0 ,1006 ,1006 ,19 ,31 ,44 ,26 ,52 ,127 ,233 ,196 ,239 ,39 ,0
경상남도 함양군 (4887000000),37369 ,37369 ,1456 ,2700 ,2512 ,2215 ,3833 ,6481 ,8027 ,5313 ,4162 ,653 ,17 ,18132 ,18132 ,727 ,1442 ,1438 ,1157 ,2041 ,3506 ,4074 ,2348 ,1269 ,127 ,3 ,19237 ,19237 ,729 ,1258 ,1074 ,1058 ,1792 ,2975 ,3953 ,2965 ,2893 ,526 ,14
경상남도 함양군 함양읍(4887025000),17714 ,17714 ,1085 ,1810 ,1609 ,1429 ,2399 ,3201 ,2998 ,1809 ,1192 ,179 ,3 ,8608 ,8608 ,535 ,958 ,903 ,715 ,1187 ,1669 ,1438 ,800 ,376 ,27 ,0 ,9106 ,9106 ,550 ,852 ,706 ,714 ,1212 ,1532 ,1560 ,1009 ,816 ,152 ,3
경상남도 함양군 마천면(4887031000),2042 ,2042 ,25 ,86 ,76 ,71 ,145 ,407 ,577 ,318 ,288 ,47 ,2 ,998 ,998 ,10 ,53 ,44 ,40 ,92 ,226 ,297 ,142 ,85 ,8 ,1 ,1044 ,1044 ,15 ,33 ,32 ,31 ,53 ,181 ,280 ,176 ,203 ,39 ,1
경상남도 함양군 휴천면(4887032000),1482 ,1482 ,22 ,48 ,47 ,48 ,115 ,257 ,383 ,280 ,250 ,31 ,1 ,739 ,739 ,12 ,24 ,30 ,28 ,73 ,156 ,212 ,123 ,72 ,9 ,0 ,743 ,743 ,10 ,24 ,17 ,20 ,42 ,101 ,171 ,157 ,178 ,22 ,1
경상남도 함양군 유림면(4887033000),1610 ,1610 ,39 ,62 ,62 ,68 ,95 ,237 ,397 ,305 ,297 ,46 ,2 ,767 ,767 ,19 ,31 ,41 ,34 ,56 ,131 ,212 ,143 ,91 ,9 ,0 ,843 ,843 ,20 ,31 ,21 ,34 ,39 ,106 ,185 ,162 ,206 ,37 ,2
경상남도 함양군 수동면(4887034000),2279 ,2279 ,36 ,150 ,143 ,122 ,185 ,358 ,524 ,414 ,306 ,41 ,0 ,1135 ,1135 ,20 ,88 ,76 ,72 ,121 ,202 ,279 ,185 ,84 ,8 ,0 ,1144 ,1144 ,16 ,62 ,67 ,50 ,64 ,156 ,245 ,229 ,222 ,33 ,0
경상남도 함양군 지곡면(4887035000),2022 ,2022 ,35 ,80 ,92 ,75 ,150 ,340 ,520 ,353 ,319 ,56 ,2 ,977 ,977 ,17 ,39 ,64 ,44 ,80 ,179 ,278 ,154 ,105 ,16 ,1 ,1045 ,1045 ,18 ,41 ,28 ,31 ,70 ,161 ,242 ,199 ,214 ,40 ,1
경상남도 함양군 안의면(4887036000),4288 ,4288 ,102 ,220 ,201 ,173 ,349 ,683 ,1014 ,778 ,653 ,113 ,2 ,1999 ,1999 ,50 ,113 ,116 ,88 ,199 ,386 ,501 ,318 ,205 ,23 ,0 ,2289 ,2289 ,52 ,107 ,85 ,85 ,150 ,297 ,513 ,460 ,448 ,90 ,2
경상남도 함양군 서하면(4887037000),1358 ,1358 ,27 ,38 ,58 ,47 ,94 ,218 ,394 ,237 ,205 ,39 ,1 ,646 ,646 ,14 ,20 ,40 ,31 ,57 ,116 ,201 ,96 ,65 ,6 ,0 ,712 ,712 ,13 ,18 ,18 ,16 ,37 ,102 ,193 ,141 ,140 ,33 ,1
경상남도 함양군 서상면(4887038000),1745 ,1745 ,30 ,82 ,79 ,75 ,112 ,289 ,461 ,321 ,259 ,34 ,3 ,831 ,831 ,16 ,41 ,41 ,39 ,65 ,159 ,239 ,158 ,64 ,8 ,1 ,914 ,914 ,14 ,41 ,38 ,36 ,47 ,130 ,222 ,163 ,195 ,26 ,2
경상남도 함양군 백전면(4887039000),1544 ,1544 ,35 ,60 ,74 ,57 ,99 ,255 ,440 ,298 ,186 ,40 ,0 ,796 ,796 ,23 ,36 ,44 ,35 ,57 ,146 ,240 ,143 ,62 ,10 ,0 ,748 ,748 ,12 ,24 ,30 ,22 ,42 ,109 ,200 ,155 ,124 ,30 ,0
경상남도 함양군 병곡면(4887040000),1285 ,1285 ,20 ,64 ,71 ,50 ,90 ,236 ,319 ,200 ,207 ,27 ,1 ,636 ,636 ,11 ,39 ,39 ,31 ,54 ,136 ,177 ,86 ,60 ,3 ,0 ,649 ,649 ,9 ,25 ,32 ,19 ,36 ,100 ,142 ,114 ,147 ,24 ,1
경상남도 거창군 (4888000000),60435 ,60435 ,3128 ,5747 ,5288 ,4489 ,7147 ,10107 ,11321 ,7044 ,5262 ,880 ,22 ,29733 ,29733 ,1622 ,3162 ,3107 ,2364 ,3608 ,5268 ,5680 ,3083 ,1640 ,196 ,3 ,30702 ,30702 ,1506 ,2585 ,2181 ,2125 ,3539 ,4839 ,5641 ,3961 ,3622 ,684 ,19
경상남도 거창군 거창읍(4888025000),40032 ,40032 ,2741 ,4944 ,4342 ,3688 ,5784 ,6809 ,6108 ,3347 ,1964 ,292 ,13 ,19765 ,19765 ,1417 ,2729 ,2510 ,1890 ,2782 ,3418 ,2918 ,1398 ,632 ,69 ,2 ,20267 ,20267 ,1324 ,2215 ,1832 ,1798 ,3002 ,3391 ,3190 ,1949 ,1332 ,223 ,11
경상남도 거창군 주상면(4888031000),1529 ,1529 ,21 ,56 ,75 ,48 ,99 ,247 ,400 ,273 ,267 ,43 ,0 ,766 ,766 ,14 ,29 ,56 ,25 ,65 ,138 ,225 ,118 ,85 ,11 ,0 ,763 ,763 ,7 ,27 ,19 ,23 ,34 ,109 ,175 ,155 ,182 ,32 ,0
경상남도 거창군 웅양면(4888032000),1817 ,1817 ,39 ,76 ,109 ,48 ,130 ,314 ,408 ,337 ,308 ,47 ,1 ,901 ,901 ,19 ,45 ,68 ,25 ,80 ,191 ,207 ,147 ,101 ,18 ,0 ,916 ,916 ,20 ,31 ,41 ,23 ,50 ,123 ,201 ,190 ,207 ,29 ,1
경상남도 거창군 고제면(4888033000),1391 ,1391 ,19 ,41 ,67 ,51 ,80 ,264 ,377 ,248 ,196 ,47 ,1 ,700 ,700 ,7 ,24 ,38 ,34 ,48 ,148 ,203 ,123 ,60 ,14 ,1 ,691 ,691 ,12 ,17 ,29 ,17 ,32 ,116 ,174 ,125 ,136 ,33 ,0
경상남도 거창군 북상면(4888034000),1531 ,1531 ,19 ,51 ,65 ,66 ,98 ,245 ,393 ,300 ,248 ,46 ,0 ,748 ,748 ,10 ,32 ,34 ,35 ,65 ,136 ,213 ,138 ,77 ,8 ,0 ,783 ,783 ,9 ,19 ,31 ,31 ,33 ,109 ,180 ,162 ,171 ,38 ,0
경상남도 거창군 위천면(4888035000),1980 ,1980 ,43 ,172 ,95 ,84 ,141 ,306 ,481 ,323 ,275 ,59 ,1 ,960 ,960 ,29 ,87 ,60 ,44 ,78 ,177 ,242 ,142 ,89 ,12 ,0 ,1020 ,1020 ,14 ,85 ,35 ,40 ,63 ,129 ,239 ,181 ,186 ,47 ,1
경상남도 거창군 마리면(4888036000),1984 ,1984 ,36 ,80 ,101 ,84 ,141 ,322 ,523 ,333 ,307 ,56 ,1 ,960 ,960 ,16 ,39 ,63 ,50 ,83 ,185 ,284 ,147 ,85 ,8 ,0 ,1024 ,1024 ,20 ,41 ,38 ,34 ,58 ,137 ,239 ,186 ,222 ,48 ,1
경상남도 거창군 남상면(4888037000),2298 ,2298 ,48 ,65 ,114 ,112 ,153 ,376 ,576 ,395 ,391 ,67 ,1 ,1116 ,1116 ,23 ,32 ,76 ,67 ,96 ,198 ,316 ,189 ,109 ,10 ,0 ,1182 ,1182 ,25 ,33 ,38 ,45 ,57 ,178 ,260 ,206 ,282 ,57 ,1
경상남도 거창군 남하면(4888038000),1419 ,1419 ,27 ,41 ,58 ,62 ,91 ,200 ,374 ,263 ,263 ,39 ,1 ,678 ,678 ,17 ,25 ,32 ,40 ,55 ,107 ,200 ,122 ,74 ,6 ,0 ,741 ,741 ,10 ,16 ,26 ,22 ,36 ,93 ,174 ,141 ,189 ,33 ,1
경상남도 거창군 신원면(4888039000),1545 ,1545 ,38 ,36 ,48 ,44 ,93 ,225 ,400 ,347 ,269 ,45 ,0 ,748 ,748 ,17 ,21 ,38 ,20 ,61 ,130 ,205 ,163 ,85 ,8 ,0 ,797 ,797 ,21 ,15 ,10 ,24 ,32 ,95 ,195 ,184 ,184 ,37 ,0
경상남도 거창군 가조면(4888040000),3550 ,3550 ,72 ,144 ,178 ,161 ,249 ,574 ,908 ,635 ,535 ,91 ,3 ,1727 ,1727 ,41 ,77 ,106 ,104 ,147 ,311 ,471 ,283 ,166 ,21 ,0 ,1823 ,1823 ,31 ,67 ,72 ,57 ,102 ,263 ,437 ,352 ,369 ,70 ,3
경상남도 거창군 가북면(4888041000),1359 ,1359 ,25 ,41 ,36 ,41 ,88 ,225 ,373 ,243 ,239 ,48 ,0 ,664 ,664 ,12 ,22 ,26 ,30 ,48 ,129 ,196 ,113 ,77 ,11 ,0 ,695 ,695 ,13 ,19 ,10 ,11 ,40 ,96 ,177 ,130 ,162 ,37 ,0
경상남도 합천군 (4889000000),41868 ,41868 ,1280 ,2170 ,2461 ,2132 ,3727 ,6881 ,9857 ,6863 ,5644 ,826 ,27 ,20385 ,20385 ,668 ,1143 ,1428 ,1180 ,2099 ,3861 ,5145 ,3024 ,1674 ,161 ,2 ,21483 ,21483 ,612 ,1027 ,1033 ,952 ,1628 ,3020 ,4712 ,3839 ,3970 ,665 ,25
경상남도 합천군 합천읍(4889025000),10902 ,10902 ,675 ,1071 ,1055 ,907 ,1489 ,1966 ,1838 ,1060 ,750 ,86 ,5 ,5313 ,5313 ,349 ,551 ,574 ,457 ,732 ,1020 ,915 ,446 ,250 ,18 ,1 ,5589 ,5589 ,326 ,520 ,481 ,450 ,757 ,946 ,923 ,614 ,500 ,68 ,4
경상남도 합천군 봉산면(4889031000),1401 ,1401 ,17 ,42 ,49 ,42 ,84 ,213 ,429 ,252 ,243 ,28 ,2 ,710 ,710 ,10 ,24 ,25 ,28 ,50 ,112 ,249 ,125 ,77 ,10 ,0 ,691 ,691 ,7 ,18 ,24 ,14 ,34 ,101 ,180 ,127 ,166 ,18 ,2
경상남도 합천군 묘산면(4889032000),1500 ,1500 ,15 ,37 ,55 ,57 ,78 ,226 ,408 ,305 ,273 ,46 ,0 ,739 ,739 ,8 ,18 ,34 ,37 ,44 ,142 ,232 ,129 ,87 ,8 ,0 ,761 ,761 ,7 ,19 ,21 ,20 ,34 ,84 ,176 ,176 ,186 ,38 ,0
경상남도 합천군 가야면(4889033000),4047 ,4047 ,83 ,174 ,200 ,182 ,323 ,762 ,1000 ,726 ,522 ,74 ,1 ,1985 ,1985 ,42 ,95 ,123 ,101 ,191 ,442 ,506 ,331 ,143 ,11 ,0 ,2062 ,2062 ,41 ,79 ,77 ,81 ,132 ,320 ,494 ,395 ,379 ,63 ,1
경상남도 합천군 야로면(4889034000),2306 ,2306 ,66 ,102 ,118 ,92 ,213 ,339 ,597 ,386 ,332 ,57 ,4 ,1098 ,1098 ,29 ,54 ,73 ,52 ,125 ,185 ,304 ,173 ,91 ,12 ,0 ,1208 ,1208 ,37 ,48 ,45 ,40 ,88 ,154 ,293 ,213 ,241 ,45 ,4
경상남도 합천군 율곡면(4889035000),2157 ,2157 ,32 ,53 ,124 ,82 ,149 ,322 ,589 ,427 ,326 ,49 ,4 ,1094 ,1094 ,18 ,26 ,80 ,53 ,95 ,198 ,323 ,187 ,107 ,7 ,0 ,1063 ,1063 ,14 ,27 ,44 ,29 ,54 ,124 ,266 ,240 ,219 ,42 ,4
경상남도 합천군 초계면(4889036000),2292 ,2292 ,51 ,109 ,142 ,114 ,197 ,373 ,541 ,416 ,303 ,45 ,1 ,1098 ,1098 ,27 ,60 ,85 ,77 ,112 ,191 ,262 ,185 ,88 ,11 ,0 ,1194 ,1194 ,24 ,49 ,57 ,37 ,85 ,182 ,279 ,231 ,215 ,34 ,1
경상남도 합천군 쌍책면(4889037000),1221 ,1221 ,21 ,24 ,27 ,45 ,68 ,166 ,366 ,260 ,217 ,27 ,0 ,595 ,595 ,11 ,6 ,20 ,27 ,53 ,91 ,195 ,119 ,67 ,6 ,0 ,626 ,626 ,10 ,18 ,7 ,18 ,15 ,75 ,171 ,141 ,150 ,21 ,0
경상남도 합천군 덕곡면(4889038000),829 ,829 ,9 ,24 ,31 ,20 ,49 ,137 ,219 ,162 ,159 ,18 ,1 ,418 ,418 ,6 ,12 ,18 ,13 ,34 ,89 ,118 ,70 ,53 ,5 ,0 ,411 ,411 ,3 ,12 ,13 ,7 ,15 ,48 ,101 ,92 ,106 ,13 ,1
경상남도 합천군 청덕면(4889039000),1559 ,1559 ,22 ,34 ,52 ,67 ,111 ,233 ,425 ,290 ,273 ,51 ,1 ,761 ,761 ,14 ,17 ,29 ,45 ,67 ,149 ,228 ,123 ,81 ,8 ,0 ,798 ,798 ,8 ,17 ,23 ,22 ,44 ,84 ,197 ,167 ,192 ,43 ,1
경상남도 합천군 적중면(4889040000),1341 ,1341 ,24 ,41 ,69 ,54 ,77 ,185 ,321 ,279 ,260 ,31 ,0 ,629 ,629 ,11 ,20 ,42 ,32 ,54 ,100 ,165 ,124 ,77 ,4 ,0 ,712 ,712 ,13 ,21 ,27 ,22 ,23 ,85 ,156 ,155 ,183 ,27 ,0
경상남도 합천군 대양면(4889041000),1754 ,1754 ,105 ,90 ,96 ,138 ,174 ,267 ,352 ,268 ,224 ,38 ,2 ,884 ,884 ,54 ,54 ,57 ,72 ,106 ,155 ,200 ,115 ,65 ,6 ,0 ,870 ,870 ,51 ,36 ,39 ,66 ,68 ,112 ,152 ,153 ,159 ,32 ,2
경상남도 합천군 쌍백면(4889042000),1694 ,1694 ,29 ,55 ,54 ,41 ,87 ,252 ,451 ,337 ,337 ,50 ,1 ,812 ,812 ,21 ,25 ,34 ,24 ,62 ,162 ,250 ,132 ,93 ,9 ,0 ,882 ,882 ,8 ,30 ,20 ,17 ,25 ,90 ,201 ,205 ,244 ,41 ,1
경상남도 합천군 삼가면(4889043000),3064 ,3064 ,65 ,92 ,160 ,104 ,254 ,498 ,753 ,592 ,472 ,74 ,0 ,1414 ,1414 ,35 ,51 ,94 ,62 ,146 ,280 ,373 ,247 ,117 ,9 ,0 ,1650 ,1650 ,30 ,41 ,66 ,42 ,108 ,218 ,380 ,345 ,355 ,65 ,0
경상남도 합천군 가회면(4889044000),1742 ,1742 ,20 ,83 ,57 ,55 ,113 ,286 ,438 ,354 ,284 ,52 ,0 ,857 ,857 ,12 ,49 ,32 ,32 ,70 ,159 ,236 ,175 ,81 ,11 ,0 ,885 ,885 ,8 ,34 ,25 ,23 ,43 ,127 ,202 ,179 ,203 ,41 ,0
경상남도 합천군 대병면(4889045000),1918 ,1918 ,20 ,74 ,89 ,66 ,109 ,307 ,551 ,339 ,316 ,44 ,3 ,921 ,921 ,10 ,42 ,55 ,35 ,61 ,178 ,288 ,153 ,86 ,12 ,1 ,997 ,997 ,10 ,32 ,34 ,31 ,48 ,129 ,263 ,186 ,230 ,32 ,2
경상남도 합천군 용주면(4889046000),2141 ,2141 ,26 ,65 ,83 ,66 ,152 ,349 ,579 ,410 ,353 ,56 ,2 ,1057 ,1057 ,11 ,39 ,53 ,33 ,97 ,208 ,301 ,190 ,111 ,14 ,0 ,1084 ,1084 ,15 ,26 ,30 ,33 ,55 ,141 ,278 ,220 ,242 ,42 ,2
제주특별자치도  (5000000000),677115 ,677115 ,53566 ,70455 ,76227 ,78884 ,110552 ,117718 ,90992 ,47148 ,26605 ,4695 ,273 ,339086 ,339086 ,27494 ,36618 ,40528 ,39800 ,56365 ,60982 ,45387 ,21660 ,9415 ,822 ,15 ,338029 ,338029 ,26072 ,33837 ,35699 ,39084 ,54187 ,56736 ,45605 ,25488 ,17190 ,3873 ,258
제주특별자치도 제주시 (5011000000),492635 ,492635 ,40240 ,52817 ,58568 ,60286 ,81129 ,84815 ,62790 ,31388 ,17271 ,3142 ,189 ,246218 ,246218 ,20657 ,27411 ,30889 ,30563 ,41117 ,43394 ,31192 ,14359 ,6086 ,541 ,9 ,246417 ,246417 ,19583 ,25406 ,27679 ,29723 ,40012 ,41421 ,31598 ,17029 ,11185 ,2601 ,180
제주특별자치도 제주시 한림읍(5011025000),20998 ,20998 ,1261 ,1778 ,1845 ,2016 ,3257 ,4005 ,3395 ,1963 ,1227 ,237 ,14 ,10825 ,10825 ,650 ,948 ,1039 ,1063 ,1750 ,2275 ,1752 ,909 ,393 ,44 ,2 ,10173 ,10173 ,611 ,830 ,806 ,953 ,1507 ,1730 ,1643 ,1054 ,834 ,193 ,12
제주특별자치도 제주시 애월읍(5011025300),37571 ,37571 ,3130 ,3621 ,3263 ,4191 ,6579 ,6761 ,5260 ,2681 ,1716 ,346 ,23 ,19268 ,19268 ,1635 ,1916 ,1801 ,2043 ,3487 ,3644 ,2802 ,1282 ,606 ,51 ,1 ,18303 ,18303 ,1495 ,1705 ,1462 ,2148 ,3092 ,3117 ,2458 ,1399 ,1110 ,295 ,22
제주특별자치도 제주시 구좌읍(5011025600),15380 ,15380 ,789 ,1123 ,1171 ,1415 ,2381 ,2851 ,2627 ,1590 ,1180 ,244 ,9 ,7865 ,7865 ,401 ,610 ,657 ,706 ,1351 ,1658 ,1348 ,743 ,357 ,34 ,0 ,7515 ,7515 ,388 ,513 ,514 ,709 ,1030 ,1193 ,1279 ,847 ,823 ,210 ,9
제주특별자치도 제주시 조천읍(5011025900),25740 ,25740 ,1954 ,2275 ,2436 ,2966 ,4200 ,4596 ,3780 ,2038 ,1246 ,235 ,14 ,13188 ,13188 ,1020 ,1205 ,1380 ,1488 ,2232 ,2458 ,1945 ,950 ,460 ,49 ,1 ,12552 ,12552 ,934 ,1070 ,1056 ,1478 ,1968 ,2138 ,1835 ,1088 ,786 ,186 ,13
제주특별자치도 제주시 한경면(5011031000),9512 ,9512 ,556 ,631 ,622 ,797 ,1527 ,1725 ,1733 ,980 ,775 ,157 ,9 ,4742 ,4742 ,272 ,304 ,344 ,372 ,851 ,977 ,897 ,452 ,244 ,28 ,1 ,4770 ,4770 ,284 ,327 ,278 ,425 ,676 ,748 ,836 ,528 ,531 ,129 ,8
제주특별자치도 제주시 추자면(5011032000),1594 ,1594 ,47 ,82 ,91 ,89 ,203 ,281 ,345 ,269 ,160 ,27 ,0 ,867 ,867 ,24 ,42 ,49 ,58 ,136 ,178 ,186 ,140 ,50 ,4 ,0 ,727 ,727 ,23 ,40 ,42 ,31 ,67 ,103 ,159 ,129 ,110 ,23 ,0
제주특별자치도 제주시 우도면(5011033000),1655 ,1655 ,66 ,91 ,166 ,155 ,232 ,323 ,294 ,179 ,124 ,25 ,0 ,878 ,878 ,35 ,49 ,91 ,88 ,149 ,174 ,171 ,87 ,32 ,2 ,0 ,777 ,777 ,31 ,42 ,75 ,67 ,83 ,149 ,123 ,92 ,92 ,23 ,0
제주특별자치도 제주시 일도1동(5011051000),2258 ,2258 ,72 ,116 ,190 ,198 ,303 ,434 ,492 ,296 ,124 ,32 ,1 ,1186 ,1186 ,31 ,54 ,111 ,113 ,174 ,260 ,264 ,124 ,44 ,11 ,0 ,1072 ,1072 ,41 ,62 ,79 ,85 ,129 ,174 ,228 ,172 ,80 ,21 ,1
제주특별자치도 제주시 일도2동(5011052000),31844 ,31844 ,2417 ,3494 ,3845 ,3565 ,4682 ,5376 ,4705 ,2403 ,1181 ,169 ,7 ,15649 ,15649 ,1215 ,1854 ,2052 ,1825 ,2361 ,2627 ,2177 ,1078 ,433 ,26 ,1 ,16195 ,16195 ,1202 ,1640 ,1793 ,1740 ,2321 ,2749 ,2528 ,1325 ,748 ,143 ,6
제주특별자치도 제주시 이도1동(5011053000),7647 ,7647 ,434 ,740 ,1063 ,917 ,1057 ,1302 ,1120 ,590 ,356 ,63 ,5 ,3772 ,3772 ,233 ,393 ,503 ,479 ,557 ,656 ,553 ,262 ,119 ,17 ,0 ,3875 ,3875 ,201 ,347 ,560 ,438 ,500 ,646 ,567 ,328 ,237 ,46 ,5
제주특별자치도 제주시 이도2동(5011054000),49043 ,49043 ,3834 ,6055 ,6878 ,6257 ,7969 ,8161 ,5749 ,2724 ,1207 ,201 ,8 ,23933 ,23933 ,1996 ,3054 ,3478 ,3197 ,3842 ,3962 ,2688 ,1229 ,455 ,32 ,0 ,25110 ,25110 ,1838 ,3001 ,3400 ,3060 ,4127 ,4199 ,3061 ,1495 ,752 ,169 ,8
제주특별자치도 제주시 삼도1동(5011055000),13090 ,13090 ,885 ,1312 ,1577 ,1365 ,1945 ,2268 ,1779 ,1210 ,649 ,94 ,6 ,6412 ,6412 ,433 ,650 ,815 ,728 ,992 ,1152 ,840 ,506 ,277 ,18 ,1 ,6678 ,6678 ,452 ,662 ,762 ,637 ,953 ,1116 ,939 ,704 ,372 ,76 ,5
제주특별자치도 제주시 삼도2동(5011056000),7805 ,7805 ,454 ,632 ,859 ,918 ,1081 ,1431 ,1310 ,661 ,383 ,71 ,5 ,4058 ,4058 ,241 ,348 ,471 ,513 ,594 ,771 ,665 ,297 ,146 ,11 ,1 ,3747 ,3747 ,213 ,284 ,388 ,405 ,487 ,660 ,645 ,364 ,237 ,60 ,4
제주특별자치도 제주시 용담1동(5011057000),6747 ,6747 ,321 ,586 ,759 ,620 ,965 ,1277 ,1124 ,658 ,369 ,61 ,7 ,3511 ,3511 ,172 ,306 ,418 ,353 ,527 ,688 ,594 ,292 ,147 ,14 ,0 ,3236 ,3236 ,149 ,280 ,341 ,267 ,438 ,589 ,530 ,366 ,222 ,47 ,7
제주특별자치도 제주시 용담2동(5011058000),13996 ,13996 ,828 ,1344 ,1584 ,1438 ,2007 ,2433 ,2216 ,1334 ,698 ,106 ,8 ,7091 ,7091 ,434 ,708 ,858 ,778 ,1081 ,1251 ,1099 ,613 ,251 ,18 ,0 ,6905 ,6905 ,394 ,636 ,726 ,660 ,926 ,1182 ,1117 ,721 ,447 ,88 ,8
제주특별자치도 제주시 건입동(5011059000),8848 ,8848 ,545 ,734 ,956 ,953 ,1211 ,1479 ,1565 ,889 ,438 ,72 ,6 ,4486 ,4486 ,281 ,384 ,523 ,485 ,634 ,782 ,804 ,410 ,165 ,18 ,0 ,4362 ,4362 ,264 ,350 ,433 ,468 ,577 ,697 ,761 ,479 ,273 ,54 ,6
제주특별자치도 제주시 화북동(5011060000),23582 ,23582 ,2032 ,2894 ,2808 ,2617 ,3816 ,4128 ,3041 ,1406 ,708 ,119 ,13 ,11720 ,11720 ,1063 ,1548 ,1520 ,1331 ,1906 ,2003 ,1488 ,616 ,224 ,21 ,0 ,11862 ,11862 ,969 ,1346 ,1288 ,1286 ,1910 ,2125 ,1553 ,790 ,484 ,98 ,13
제주특별자치도 제주시 삼양동(5011061000),26362 ,26362 ,3218 ,3546 ,2634 ,3555 ,5185 ,3793 ,2520 ,1191 ,605 ,107 ,8 ,13203 ,13203 ,1617 ,1907 ,1412 ,1770 ,2619 ,1884 ,1219 ,547 ,207 ,21 ,0 ,13159 ,13159 ,1601 ,1639 ,1222 ,1785 ,2566 ,1909 ,1301 ,644 ,398 ,86 ,8
제주특별자치도 제주시 봉개동(5011062000),5242 ,5242 ,491 ,432 ,554 ,732 ,810 ,867 ,705 ,344 ,256 ,47 ,4 ,2727 ,2727 ,258 ,226 ,312 ,377 ,441 ,465 ,379 ,164 ,96 ,8 ,1 ,2515 ,2515 ,233 ,206 ,242 ,355 ,369 ,402 ,326 ,180 ,160 ,39 ,3
제주특별자치도 제주시 아라동(5011063000),39423 ,39423 ,4371 ,4647 ,5227 ,6023 ,6954 ,6096 ,3638 ,1507 ,788 ,164 ,8 ,19380 ,19380 ,2223 ,2245 ,2566 ,2965 ,3431 ,3106 ,1825 ,725 ,272 ,22 ,0 ,20043 ,20043 ,2148 ,2402 ,2661 ,3058 ,3523 ,2990 ,1813 ,782 ,516 ,142 ,8
제주특별자치도 제주시 오라동(5011064000),16044 ,16044 ,2024 ,1833 ,1751 ,2363 ,2979 ,2455 ,1524 ,667 ,372 ,67 ,9 ,8098 ,8098 ,1038 ,952 ,989 ,1142 ,1519 ,1245 ,759 ,302 ,139 ,13 ,0 ,7946 ,7946 ,986 ,881 ,762 ,1221 ,1460 ,1210 ,765 ,365 ,233 ,54 ,9
제주특별자치도 제주시 연동(5011065000),42376 ,42376 ,2706 ,4070 ,6903 ,6217 ,6950 ,7279 ,5070 ,2164 ,847 ,159 ,11 ,20772 ,20772 ,1380 ,2087 ,3447 ,3240 ,3361 ,3513 ,2397 ,988 ,324 ,35 ,0 ,21604 ,21604 ,1326 ,1983 ,3456 ,2977 ,3589 ,3766 ,2673 ,1176 ,523 ,124 ,11
제주특별자치도 제주시 노형동(5011066000),55598 ,55598 ,4634 ,7042 ,8080 ,6882 ,9321 ,10395 ,5731 ,2291 ,1031 ,183 ,8 ,27224 ,27224 ,2398 ,3655 ,4254 ,3423 ,4317 ,4986 ,2769 ,1025 ,367 ,30 ,0 ,28374 ,28374 ,2236 ,3387 ,3826 ,3459 ,5004 ,5409 ,2962 ,1266 ,664 ,153 ,8
제주특별자치도 제주시 외도동(5011067000),22553 ,22553 ,2594 ,3000 ,2457 ,3097 ,4240 ,3680 ,1952 ,909 ,520 ,101 ,3 ,11300 ,11300 ,1319 ,1589 ,1317 ,1526 ,2080 ,1904 ,979 ,415 ,163 ,8 ,0 ,11253 ,11253 ,1275 ,1411 ,1140 ,1571 ,2160 ,1776 ,973 ,494 ,357 ,93 ,3
제주특별자치도 제주시 이호동(5011068000),4427 ,4427 ,304 ,394 ,504 ,547 ,692 ,826 ,673 ,267 ,195 ,24 ,1 ,2323 ,2323 ,150 ,207 ,295 ,297 ,390 ,440 ,344 ,120 ,76 ,4 ,0 ,2104 ,2104 ,154 ,187 ,209 ,250 ,302 ,386 ,329 ,147 ,119 ,20 ,1
제주특별자치도 제주시 도두동(5011069000),3300 ,3300 ,273 ,345 ,345 ,393 ,583 ,593 ,442 ,177 ,116 ,31 ,2 ,1740 ,1740 ,138 ,170 ,187 ,203 ,335 ,335 ,248 ,83 ,39 ,2 ,0 ,1560 ,1560 ,135 ,175 ,158 ,190 ,248 ,258 ,194 ,94 ,77 ,29 ,2
제주특별자치도 서귀포시 (5013000000),184480 ,184480 ,13326 ,17638 ,17659 ,18598 ,29423 ,32903 ,28202 ,15760 ,9334 ,1553 ,84 ,92868 ,92868 ,6837 ,9207 ,9639 ,9237 ,15248 ,17588 ,14195 ,7301 ,3329 ,281 ,6 ,91612 ,91612 ,6489 ,8431 ,8020 ,9361 ,14175 ,15315 ,14007 ,8459 ,6005 ,1272 ,78
제주특별자치도 서귀포시 대정읍(5013025000),22145 ,22145 ,1755 ,2667 ,1658 ,1878 ,4008 ,3782 ,3061 ,1874 ,1208 ,241 ,13 ,10704 ,10704 ,921 ,1360 ,906 ,826 ,1841 ,2008 ,1516 ,850 ,432 ,43 ,1 ,11441 ,11441 ,834 ,1307 ,752 ,1052 ,2167 ,1774 ,1545 ,1024 ,776 ,198 ,12
제주특별자치도 서귀포시 남원읍(5013025300),18378 ,18378 ,967 ,1439 ,1690 ,1433 ,2483 ,3596 ,3306 ,1871 ,1381 ,201 ,11 ,9500 ,9500 ,521 ,751 ,992 ,754 ,1354 ,1997 ,1705 ,869 ,514 ,42 ,1 ,8878 ,8878 ,446 ,688 ,698 ,679 ,1129 ,1599 ,1601 ,1002 ,867 ,159 ,10
제주특별자치도 서귀포시 성산읍(5013025900),15370 ,15370 ,795 ,1056 ,1248 ,1322 ,2032 ,3032 ,3095 ,1564 ,1019 ,194 ,13 ,8085 ,8085 ,425 ,561 ,672 ,724 ,1155 ,1723 ,1681 ,761 ,353 ,30 ,0 ,7285 ,7285 ,370 ,495 ,576 ,598 ,877 ,1309 ,1414 ,803 ,666 ,164 ,13
제주특별자치도 서귀포시 안덕면(5013031000),12519 ,12519 ,791 ,1049 ,1264 ,1338 ,1954 ,2351 ,1890 ,1058 ,699 ,115 ,10 ,6496 ,6496 ,410 ,558 ,712 ,705 ,1042 ,1335 ,979 ,507 ,231 ,17 ,0 ,6023 ,6023 ,381 ,491 ,552 ,633 ,912 ,1016 ,911 ,551 ,468 ,98 ,10
제주특별자치도 서귀포시 표선면(5013032000),12647 ,12647 ,826 ,1060 ,1099 ,1044 ,1956 ,2373 ,2225 ,1232 ,724 ,104 ,4 ,6442 ,6442 ,420 ,581 ,605 ,514 ,1055 ,1293 ,1113 ,592 ,250 ,19 ,0 ,6205 ,6205 ,406 ,479 ,494 ,530 ,901 ,1080 ,1112 ,640 ,474 ,85 ,4
제주특별자치도 서귀포시 송산동(5013051000),3909 ,3909 ,185 ,308 ,376 ,344 ,532 ,711 ,713 ,475 ,231 ,31 ,3 ,2041 ,2041 ,102 ,160 ,211 ,181 ,311 ,399 ,360 ,229 ,86 ,2 ,0 ,1868 ,1868 ,83 ,148 ,165 ,163 ,221 ,312 ,353 ,246 ,145 ,29 ,3
제주특별자치도 서귀포시 정방동(5013052000),2132 ,2132 ,83 ,132 ,194 ,181 ,337 ,405 ,445 ,233 ,103 ,18 ,1 ,1060 ,1060 ,40 ,80 ,96 ,100 ,166 ,215 ,215 ,101 ,45 ,2 ,0 ,1072 ,1072 ,43 ,52 ,98 ,81 ,171 ,190 ,230 ,132 ,58 ,16 ,1
제주특별자치도 서귀포시 중앙동(5013053000),3197 ,3197 ,140 ,207 ,296 ,207 ,408 ,604 ,723 ,382 ,203 ,27 ,0 ,1540 ,1540 ,75 ,112 ,170 ,115 ,219 ,319 ,289 ,153 ,81 ,7 ,0 ,1657 ,1657 ,65 ,95 ,126 ,92 ,189 ,285 ,434 ,229 ,122 ,20 ,0
제주특별자치도 서귀포시 천지동(5013054000),3480 ,3480 ,158 ,211 ,340 ,324 ,486 ,712 ,657 ,377 ,190 ,24 ,1 ,1745 ,1745 ,81 ,112 ,183 ,165 ,267 ,389 ,307 ,166 ,67 ,7 ,1 ,1735 ,1735 ,77 ,99 ,157 ,159 ,219 ,323 ,350 ,211 ,123 ,17 ,0
제주특별자치도 서귀포시 효돈동(5013055000),5324 ,5324 ,334 ,442 ,506 ,483 ,764 ,921 ,887 ,547 ,373 ,65 ,2 ,2656 ,2656 ,151 ,237 ,254 ,234 ,420 ,509 ,441 ,261 ,133 ,15 ,1 ,2668 ,2668 ,183 ,205 ,252 ,249 ,344 ,412 ,446 ,286 ,240 ,50 ,1
제주특별자치도 서귀포시 영천동(5013056000),5330 ,5330 ,276 ,422 ,553 ,431 ,667 ,1074 ,889 ,561 ,371 ,81 ,5 ,2692 ,2692 ,114 ,212 ,320 ,223 ,362 ,564 ,475 ,269 ,140 ,13 ,0 ,2638 ,2638 ,162 ,210 ,233 ,208 ,305 ,510 ,414 ,292 ,231 ,68 ,5
제주특별자치도 서귀포시 동홍동(5013057000),23400 ,23400 ,1824 ,3044 ,2648 ,2317 ,3883 ,4277 ,3040 ,1540 ,718 ,106 ,3 ,11357 ,11357 ,905 ,1550 ,1425 ,1101 ,1907 ,2103 ,1435 ,657 ,253 ,21 ,0 ,12043 ,12043 ,919 ,1494 ,1223 ,1216 ,1976 ,2174 ,1605 ,883 ,465 ,85 ,3
제주특별자치도 서귀포시 서홍동(5013058000),11230 ,11230 ,1172 ,1476 ,1200 ,1236 ,2006 ,1733 ,1263 ,737 ,353 ,51 ,3 ,5540 ,5540 ,573 ,737 ,665 ,586 ,991 ,877 ,627 ,343 ,130 ,10 ,1 ,5690 ,5690 ,599 ,739 ,535 ,650 ,1015 ,856 ,636 ,394 ,223 ,41 ,2
제주특별자치도 서귀포시 대륜동(5013059000),15586 ,15586 ,1494 ,1449 ,1410 ,2121 ,2755 ,2489 ,2092 ,1121 ,548 ,99 ,8 ,7832 ,7832 ,808 ,767 ,763 ,1025 ,1439 ,1267 ,1021 ,517 ,204 ,21 ,0 ,7754 ,7754 ,686 ,682 ,647 ,1096 ,1316 ,1222 ,1071 ,604 ,344 ,78 ,8
제주특별자치도 서귀포시 대천동(5013060000),13640 ,13640 ,1418 ,1244 ,1328 ,1896 ,2498 ,2103 ,1695 ,945 ,438 ,71 ,4 ,6929 ,6929 ,735 ,676 ,690 ,905 ,1347 ,1121 ,857 ,442 ,145 ,10 ,1 ,6711 ,6711 ,683 ,568 ,638 ,991 ,1151 ,982 ,838 ,503 ,293 ,61 ,3
제주특별자치도 서귀포시 중문동(5013061000),12294 ,12294 ,935 ,1163 ,1400 ,1642 ,2137 ,2040 ,1531 ,856 ,517 ,71 ,2 ,6250 ,6250 ,463 ,621 ,737 ,861 ,1093 ,1083 ,800 ,400 ,180 ,12 ,0 ,6044 ,6044 ,472 ,542 ,663 ,781 ,1044 ,957 ,731 ,456 ,337 ,59 ,2
제주특별자치도 서귀포시 예래동(5013062000),3899 ,3899 ,173 ,269 ,449 ,401 ,517 ,700 ,690 ,387 ,258 ,54 ,1 ,1999 ,1999 ,93 ,132 ,238 ,218 ,279 ,386 ,374 ,184 ,85 ,10 ,0 ,1900 ,1900 ,80 ,137 ,211 ,183 ,238 ,314 ,316 ,203 ,173 ,44 ,1